9 0.267655 0.471072 0.016059 0.028550
9 0.283141 0.481269 0.012618 0.032628
9 0.262766 0.489116 0.021795 0.013364
9 0.543455 0.481834 0.027981 0.015114
9 0.539215 0.506905 0.010324 0.024471
9 0.643601 0.480395 0.014912 0.028550
9 0.644247 0.505028 0.015913 0.024794
9 0.546131 0.546526 0.017206 0.016314
2 0.509882 0.583233 0.024089 0.048943
2 0.396894 0.580174 0.036707 0.050982
2 0.457690 0.611782 0.110121 0.159063
2 0.331855 0.591514 0.099757 0.109732
2 0.263258 0.575075 0.033266 0.050982
2 0.232860 0.574056 0.039001 0.044864
2 0.207050 0.581193 0.024089 0.030589
2 0.594767 0.596488 0.033266 0.071375
2 0.624018 0.593429 0.059649 0.110121
2 0.667608 0.608724 0.091767 0.128474
2 0.738154 0.629116 0.136504 0.157024
2 0.893011 0.678059 0.213359 0.297734
2 0.112838 0.700491 0.225676 0.450680
9 0.131342 0.506760 0.012618 0.034668
8 0.477679 0.472606 0.005961 0.021193
8 0.323897 0.527708 0.005961 0.021193