2 0.006317 0.643372 0.008195 0.099770
2 0.080069 0.581347 0.158431 0.155396
2 0.926172 0.646904 0.143407 0.349641
2 0.851737 0.623838 0.043705 0.133543
2 0.842176 0.586203 0.163894 0.150540
2 0.824421 0.553424 0.180283 0.143256
2 0.765009 0.555852 0.096971 0.089838
2 0.747254 0.540070 0.080581 0.082554
2 0.715158 0.540070 0.035510 0.038849
2 0.715158 0.526715 0.060094 0.065558
2 0.678965 0.529144 0.042339 0.046133
2 0.205721 0.575277 0.188478 0.118975
2 0.301326 0.569207 0.136578 0.097122
2 0.351860 0.567992 0.076484 0.084982
2 0.398979 0.560708 0.088776 0.075270
2 0.385322 0.523866 0.157065 0.110105
2 0.457708 0.535214 0.050534 0.053417
2 0.483658 0.537642 0.025950 0.038849
2 0.504145 0.536428 0.015024 0.036421
2 0.513705 0.521859 0.042339 0.036421
2 0.536241 0.524287 0.032779 0.036421
2 0.551947 0.525501 0.025950 0.024281
2 0.563556 0.524287 0.019121 0.026709
2 0.101239 0.532786 0.031413 0.033993
2 0.615456 0.525501 0.035510 0.033993
8 0.588140 0.473125 0.005463 0.019424
8 0.622285 0.474606 0.005463 0.022387
2 0.646186 0.473125 0.006829 0.024281
2 0.564922 0.480409 0.005463 0.024281
9 0.665990 0.478154 0.010926 0.026709
2 0.224185 0.518596 0.048051 0.028983
2 0.265372 0.510206 0.041186 0.012203
2 0.179996 0.515545 0.028316 0.022881
6 0.119503 0.521647 0.012013 0.028983