9 0.654878 0.242322 0.020222 0.049429
9 0.653343 0.346509 0.018711 0.030493
9 0.673614 0.345816 0.018711 0.029107
9 0.324722 0.295226 0.028847 0.019405
9 0.354349 0.295226 0.028847 0.019405
9 0.384755 0.294533 0.030406 0.034651
2 0.973429 0.789348 0.050594 0.309086
2 0.644586 0.395614 0.010915 0.013860
2 0.557266 0.385912 0.012474 0.019405
2 0.542842 0.390070 0.017932 0.027721
2 0.524131 0.391456 0.021050 0.036037
2 0.610281 0.391456 0.009356 0.011088
2 0.599756 0.390070 0.007017 0.013860
2 0.590790 0.390763 0.010915 0.012474
2 0.492165 0.399079 0.042881 0.087320
2 0.353597 0.380367 0.026869 0.022179
2 0.233044 0.363736 0.017152 0.011088
2 0.233824 0.377596 0.046779 0.024949
2 0.256824 0.369280 0.008576 0.013860
2 0.198740 0.367201 0.037423 0.037423
2 0.139487 0.356112 0.024949 0.020791
2 0.155859 0.367894 0.040542 0.027721
2 0.107521 0.357498 0.040542 0.029107
2 0.047022 0.360270 0.094045 0.056827
2 0.118214 0.376903 0.046779 0.020791
2 0.299091 0.402545 0.112269 0.119199
2 0.434360 0.396307 0.091219 0.167710
2 0.624705 0.393040 0.017932 0.013860
2 0.575197 0.388189 0.014034 0.023563