8 0.724086 0.346450 0.028295 0.050302
8 0.309090 0.386462 0.010968 0.021564
8 0.287016 0.381302 0.006883 0.013595
9 0.281663 0.390135 0.017589 0.012229
8 0.250309 0.283417 0.013000 0.032628
8 0.392549 0.395577 0.006883 0.017674
9 0.430020 0.441121 0.008412 0.019033
9 0.438815 0.439081 0.009177 0.014955
9 0.578429 0.381982 0.023483 0.058459
2 0.313720 0.466178 0.026765 0.025831
2 0.273954 0.464819 0.028295 0.039426
2 0.239159 0.468217 0.019883 0.057100
2 0.210482 0.472296 0.045119 0.067976
2 0.176069 0.481813 0.048178 0.059819
2 0.146245 0.487930 0.043589 0.058459
2 0.107626 0.499486 0.070355 0.076133
2 0.058683 0.509003 0.042825 0.070695
2 0.022459 0.504924 0.044918 0.116918
2 0.356163 0.456798 0.016824 0.024471
2 0.427665 0.462915 0.017589 0.025831
2 0.440283 0.469713 0.018353 0.033988
2 0.458636 0.477190 0.024471 0.046224
2 0.469725 0.485347 0.020648 0.054381
2 0.507579 0.474471 0.061178 0.108761
2 0.546580 0.491465 0.090238 0.123716
2 0.396372 0.499042 0.069590 0.096243