2 0.082374 0.722174 0.164748 0.451619
8 0.260352 0.424737 0.016389 0.109263
8 0.855834 0.455088 0.019121 0.067986
8 0.426295 0.541284 0.009560 0.021853
8 0.121725 0.425951 0.020487 0.067986
8 0.857883 0.540070 0.020487 0.029137
9 0.844908 0.500007 0.032779 0.016996
6 0.973974 0.616129 0.034145 0.216946
6 0.887930 0.634764 0.036876 0.116547
6 0.844908 0.646904 0.035510 0.135971
6 0.815543 0.632336 0.020487 0.126259
6 0.647552 0.584989 0.017755 0.055845
6 0.319081 0.608055 0.021853 0.092266
6 0.334105 0.600771 0.013658 0.092266
1 0.586775 0.577705 0.071021 0.094694
1 0.520624 0.559494 0.050714 0.072842
2 0.375761 0.600771 0.061460 0.082554
2 0.400345 0.589845 0.023218 0.055845
2 0.408540 0.580133 0.012292 0.041277
2 0.416735 0.574063 0.015024 0.029137
2 0.424246 0.563136 0.013658 0.021853
2 0.433807 0.564350 0.010926 0.029137
2 0.454977 0.564350 0.025950 0.038849