1 0.291955 0.348308 0.275871 0.322384
9 0.425016 0.307606 0.027295 0.019063
9 0.492765 0.367394 0.010723 0.010398
9 0.580498 0.366528 0.012673 0.008665
8 0.479605 0.288543 0.007798 0.029461
8 0.589759 0.310206 0.005849 0.020796
8 0.485942 0.288543 0.006824 0.025995
6 0.423067 0.387324 0.015597 0.064121
6 0.610717 0.460109 0.022421 0.164634
2 0.836385 0.492996 0.325586 0.559837
2 0.506413 0.457510 0.096506 0.138639
2 0.582448 0.434981 0.043866 0.093582
12 0.700399 0.346598 0.195936 0.363928
2 0.561977 0.409853 0.012673 0.032927