9 0.469857 0.342202 0.050690 0.043453
9 0.406495 0.341335 0.033143 0.041720
9 0.361555 0.339266 0.044644 0.057691
2 0.294195 0.442969 0.013254 0.011751
2 0.275964 0.441351 0.013835 0.019672
2 0.246626 0.442779 0.019496 0.019063
2 0.233649 0.440802 0.017524 0.020769
2 0.184239 0.446809 0.029244 0.028333
2 0.144759 0.446245 0.020471 0.022529
2 0.059949 0.452864 0.067259 0.050884
2 0.031107 0.439248 0.062214 0.071184
2 0.367681 0.444332 0.008741 0.011883
2 0.341750 0.447112 0.019496 0.027728
2 0.398209 0.443646 0.008773 0.013864
2 0.417145 0.453464 0.029100 0.039286
2 0.483505 0.417290 0.011698 0.016608
2 0.473196 0.435553 0.010577 0.018473
2 0.464496 0.445379 0.016572 0.024262
2 0.497941 0.407473 0.010120 0.014304
9 0.376276 0.414185 0.013647 0.010398
9 0.442236 0.422394 0.011826 0.019196
9 0.300405 0.381354 0.015020 0.020987
9 0.299266 0.404654 0.007798 0.019063
9 0.689677 0.384724 0.026320 0.051990
9 0.483626 0.315905 0.018510 0.012797
9 0.410100 0.313162 0.020567 0.012797
2 0.311462 0.443398 0.016272 0.012610