2 0.960999 0.834212 0.071021 0.325360
2 0.652332 0.763798 0.092873 0.126259
2 0.317564 0.780624 0.046134 0.073182
8 0.523266 0.587764 0.006829 0.041277
8 0.693306 0.539203 0.010926 0.036421
8 0.930952 0.652107 0.010926 0.024281
8 0.430392 0.695812 0.006829 0.019424
8 0.531460 0.587764 0.012292 0.026709
8 0.517803 0.587764 0.006829 0.036421
8 0.683062 0.540417 0.009560 0.038849
8 0.700818 0.541631 0.009560 0.041277
8 0.912514 0.655749 0.020487 0.021853
2 0.508242 0.792588 0.099702 0.140827
2 0.777301 0.781662 0.200770 0.230666
9 0.767741 0.532786 0.053266 0.019424
9 0.922075 0.588631 0.015024 0.043705
9 0.943927 0.532786 0.028681 0.019424
9 0.927538 0.617768 0.017755 0.014568
9 0.993095 0.598343 0.012292 0.072842
9 0.504828 0.685753 0.010926 0.019424
2 0.586775 0.793802 0.013658 0.016996
2 0.599750 0.787732 0.009560 0.024281
2 0.573117 0.795016 0.016389 0.009712
6 0.938603 0.746071 0.024571 0.058243