8 0.401614 0.421450 0.011064 0.037550
8 0.391053 0.419662 0.008046 0.041126
8 0.575113 0.433073 0.006035 0.028609
8 0.584166 0.432179 0.008046 0.037550
8 0.293491 0.527841 0.010058 0.017881
8 0.701341 0.499232 0.011064 0.017881
9 0.277398 0.442907 0.014081 0.019669
9 0.697820 0.466152 0.014081 0.012517
9 0.649542 0.505490 0.010058 0.019669
9 0.768729 0.483139 0.011064 0.042914
9 0.773255 0.531417 0.016093 0.042914
8 0.791359 0.500126 0.012070 0.026821
9 0.831090 0.491383 0.021118 0.016487
9 0.881268 0.486410 0.027377 0.011339
9 0.916078 0.479563 0.012070 0.025033
12 0.705735 0.579001 0.094282 0.140858
2 0.581651 0.569861 0.033191 0.044702
2 0.542928 0.543040 0.014081 0.019669
2 0.547454 0.566285 0.023133 0.037550
2 0.499176 0.545722 0.009052 0.021457
2 0.472019 0.536781 0.011064 0.017881
2 0.562038 0.527841 0.010058 0.017881
2 0.573102 0.525159 0.010058 0.023245
2 0.512754 0.546616 0.018104 0.026821
2 0.529378 0.590424 0.043306 0.060795
2 0.316624 0.618139 0.096556 0.098344
2 0.925008 0.581632 0.066138 0.066598
6 0.795382 0.599364 0.022127 0.092980
6 0.848690 0.589930 0.018104 0.094768
6 0.871320 0.604577 0.019110 0.096253
6 0.781804 0.560921 0.011064 0.055430