2 0.055772 0.569764 0.111216 0.314646
8 0.223194 0.328465 0.017938 0.070158
9 0.224987 0.370984 0.021526 0.014882
8 0.510201 0.310394 0.015546 0.063780
8 0.495851 0.314646 0.013155 0.055276
6 0.254286 0.494291 0.017938 0.074409
2 0.358924 0.503858 0.033484 0.055276
2 0.409151 0.504921 0.086102 0.133937
2 0.460945 0.482797 0.017161 0.019831
2 0.491463 0.500988 0.026714 0.044009
2 0.750571 0.503858 0.087298 0.063780
8 0.765210 0.376785 0.023300 0.037296
9 0.493459 0.424134 0.005979 0.023386
9 0.586747 0.367481 0.022741 0.016380
8 0.692083 0.246614 0.015327 0.063780
8 0.029946 0.349322 0.026600 0.042712
6 0.161228 0.492712 0.023167 0.082373