2 0.431924 0.432205 0.042101 0.052193
2 0.460381 0.414425 0.031965 0.052669
2 0.583642 0.443413 0.033679 0.044591
8 0.508329 0.274435 0.006237 0.030493
8 0.498583 0.280672 0.008576 0.029107
8 0.529379 0.334035 0.009356 0.027721
8 0.596039 0.279286 0.010135 0.054055
8 0.610462 0.270277 0.006237 0.033265
9 0.426466 0.304928 0.015593 0.030493
9 0.418670 0.288296 0.009356 0.058214
9 0.606954 0.337500 0.016373 0.040195
9 0.119676 0.352053 0.017932 0.013860
9 0.144624 0.352053 0.022610 0.016632
9 0.684919 0.324333 0.017932 0.030493
9 0.769510 0.322253 0.018711 0.029107
1 0.916484 0.362449 0.158247 0.115041
8 0.064711 0.354132 0.010915 0.009702