9 0.569532 0.351102 0.058340 0.039106
9 0.638392 0.347702 0.039212 0.022103
9 0.675691 0.375756 0.010520 0.017003
9 0.676169 0.395309 0.011477 0.018703
9 0.564271 0.383407 0.007651 0.011902
9 0.813890 0.397859 0.055471 0.054408
2 0.629306 0.471820 0.024866 0.039106
2 0.381600 0.481172 0.021041 0.023804
2 0.337128 0.476071 0.014346 0.034005
12 0.470545 0.433564 0.141546 0.333250
12 0.383035 0.442066 0.046863 0.112217
12 0.174542 0.436115 0.347170 0.872230
2 0.983171 0.560720 0.030605 0.111491
2 0.575748 0.493073 0.017215 0.027204
2 0.601092 0.503275 0.029648 0.027204
8 0.709802 0.306612 0.010520 0.017003