2 0.243900 0.443412 0.136753 0.149113
2 0.472154 0.434765 0.042187 0.039844
2 0.457652 0.460547 0.029004 0.058594
2 0.428648 0.452343 0.044824 0.060937
2 0.383164 0.454687 0.072510 0.075000
2 0.513023 0.447656 0.010547 0.037500
2 0.522910 0.452343 0.022412 0.046875
2 0.542686 0.444140 0.025049 0.072656
2 0.577622 0.445312 0.055371 0.093750
2 0.834043 0.558984 0.320361 0.391406
2 0.117515 0.530859 0.232031 0.335156
9 0.841953 0.116016 0.064600 0.058594
9 0.842612 0.200390 0.068555 0.128906
9 0.311314 0.281250 0.026367 0.014062
9 0.329771 0.335156 0.031641 0.023437
9 0.331089 0.366797 0.015820 0.044531
9 0.636948 0.355078 0.013184 0.035156
9 0.408481 0.401703 0.016593 0.026028