2 0.495687 0.568914 0.010763 0.012756
2 0.485522 0.571040 0.009567 0.012756
2 0.471171 0.576355 0.014350 0.019134
2 0.459213 0.585921 0.016742 0.021260
2 0.505852 0.572103 0.009567 0.014882
2 0.524387 0.586984 0.013155 0.023386
2 0.532161 0.592299 0.011959 0.034016
2 0.389255 0.596551 0.037072 0.068032
2 0.280431 0.613559 0.068164 0.127559
2 0.342616 0.597614 0.075340 0.095669
2 0.483728 0.582732 0.015546 0.019134
2 0.505852 0.586984 0.014350 0.019134
2 0.550099 0.595488 0.028701 0.044646
2 0.609294 0.603992 0.082515 0.129685
2 0.821441 0.677339 0.300163 0.331654
2 0.124968 0.591236 0.249936 0.329528
2 0.908898 0.803835 0.180257 0.384803
9 0.388657 0.521717 0.014350 0.012756
9 0.617665 0.482386 0.017938 0.014882
8 0.477749 0.529370 0.008371 0.017008
8 0.487316 0.544252 0.008371 0.017008
8 0.519006 0.537874 0.009567 0.017008
2 0.425728 0.605906 0.064577 0.076535