9 0.419746 0.163176 0.064359 0.082330
9 0.495994 0.272257 0.050417 0.074846
9 0.543552 0.353968 0.016632 0.036037
9 0.314041 0.387166 0.006237 0.022177
2 0.292627 0.413963 0.034304 0.036961
2 0.346423 0.411191 0.023389 0.029569
2 0.427506 0.401489 0.008836 0.013860
2 0.417370 0.401027 0.009356 0.011088
2 0.408015 0.401027 0.009356 0.011088
9 0.517949 0.440364 0.024949 0.044353
2 0.378128 0.406455 0.015593 0.016632
9 0.518464 0.371804 0.014034 0.033265
2 0.442059 0.401604 0.017152 0.018018
9 0.490787 0.150957 0.070948 0.166567
9 0.421849 0.109528 0.058652 0.033778