6 0.083346 0.566688 0.162793 0.648139
9 0.104304 0.331868 0.017547 0.043325
2 0.780821 0.408120 0.128675 0.195828
2 0.348981 0.365661 0.031194 0.031194
2 0.407470 0.363928 0.031194 0.041592
2 0.452311 0.358729 0.019496 0.027728
2 0.532676 0.368803 0.024389 0.037478
2 0.564414 0.350064 0.013647 0.027728
2 0.598532 0.371727 0.023395 0.029461
2 0.628751 0.359742 0.023395 0.033220
2 0.664332 0.368261 0.022421 0.032927
2 0.697475 0.363062 0.028269 0.039859
2 0.862218 0.345732 0.026320 0.029461
2 0.935143 0.347508 0.033747 0.022615
2 0.976270 0.336200 0.030219 0.034660
2 0.996254 0.337067 0.003899 0.032927
2 0.368477 0.360462 0.027295 0.034660
2 0.431840 0.356996 0.013647 0.027728
2 0.501051 0.367394 0.023395 0.034660
2 0.580498 0.357863 0.012673 0.025995
2 0.605843 0.348331 0.018521 0.031194
2 0.681878 0.344865 0.012673 0.045058
2 0.718921 0.354397 0.014622 0.036393
2 0.948488 0.326669 0.027295 0.019063
2 0.845158 0.340533 0.009748 0.019063