8 0.436377 0.313359 0.010547 0.021094
8 0.367163 0.309375 0.011865 0.018750
2 0.418579 0.385547 0.014502 0.021094
2 0.402759 0.385547 0.011865 0.016406
2 0.390893 0.384375 0.011865 0.023437
2 0.381006 0.382031 0.015820 0.028125
2 0.366504 0.387890 0.015820 0.049219
2 0.357275 0.391406 0.013184 0.051562
2 0.344092 0.396093 0.018457 0.051562
2 0.303882 0.397265 0.056689 0.067969
2 0.272241 0.400781 0.059326 0.112500
2 0.227417 0.420703 0.075146 0.128906
2 0.103491 0.404297 0.206982 0.269531
9 0.476587 0.342187 0.009229 0.023437
2 0.435717 0.386718 0.014502 0.028125
2 0.452724 0.390234 0.021094 0.049219
2 0.472500 0.392578 0.026367 0.058594
2 0.483706 0.400781 0.030322 0.070312
2 0.513369 0.431250 0.071191 0.131250
2 0.577309 0.461718 0.117334 0.201562
2 0.760693 0.521015 0.361230 0.475781
2 0.917577 0.660546 0.163476 0.292969