9 0.746372 0.259453 0.068555 0.044531
9 0.701548 0.300469 0.010547 0.032812
9 0.547300 0.404765 0.013184 0.025781
9 0.477427 0.411797 0.010547 0.016406
9 0.416123 0.386015 0.014502 0.025781
2 0.182115 0.443437 0.034277 0.042187
2 0.205845 0.442265 0.026367 0.035156
2 0.246055 0.450468 0.059326 0.060937
2 0.321861 0.436406 0.029004 0.032812
2 0.349546 0.441093 0.029004 0.046875
2 0.412827 0.434062 0.018457 0.018750
2 0.439854 0.427031 0.017139 0.018750
2 0.462266 0.428203 0.014502 0.016406
2 0.542027 0.444609 0.031641 0.044531
2 0.489292 0.471562 0.065918 0.089062
2 0.652769 0.462187 0.079102 0.089062