9 0.038505 0.349544 0.051665 0.032927
9 0.741829 0.123389 0.025345 0.086650
9 0.767661 0.291489 0.024370 0.020796
9 0.098456 0.453524 0.025345 0.064121
9 0.136473 0.449191 0.027295 0.045058
9 0.021933 0.437927 0.022421 0.019063
8 0.079447 0.329615 0.014622 0.055456
8 0.738904 0.247298 0.015597 0.046791
8 0.096993 0.327016 0.012673 0.057189
8 0.726038 0.249897 0.015985 0.048524
8 0.019009 0.508980 0.014622 0.022529
2 0.454260 0.559236 0.017547 0.025995
2 0.437201 0.560969 0.020471 0.036393
2 0.545908 0.543079 0.052671 0.070587
2 0.389436 0.554904 0.088708 0.124775
1 0.289031 0.551438 0.143297 0.138639
2 0.052640 0.629399 0.105279 0.173347
2 0.980169 0.487317 0.038018 0.103980