2 0.830372 0.185449 0.336980 0.320976
2 0.854153 0.051498 0.059262 0.044752
2 0.703419 0.149769 0.129878 0.095686
2 0.436643 0.222573 0.052653 0.045763
2 0.405051 0.225694 0.024571 0.047843
2 0.391596 0.214253 0.021061 0.049923
2 0.139602 0.328213 0.035960 0.082312
2 0.240072 0.272496 0.005850 0.024961
2 0.252764 0.273411 0.017194 0.043431
2 0.261718 0.269376 0.009361 0.043683
2 0.268738 0.272496 0.011701 0.029122
2 0.271078 0.270416 0.014041 0.033282
8 0.275174 0.197612 0.003510 0.020801
8 0.235976 0.245455 0.007020 0.016641
8 0.196194 0.012481 0.014041 0.024961
8 0.049350 0.237134 0.019891 0.024961
8 0.496317 0.110247 0.017551 0.029122
8 0.174548 0.016641 0.010531 0.033282
9 0.482276 0.012481 0.017551 0.016641
9 0.403881 0.177851 0.008190 0.027042
2 0.351970 0.299018 0.110926 0.173135
2 0.207264 0.326126 0.104392 0.147748
9 0.068656 0.192412 0.032762 0.018721
8 0.486956 0.111287 0.010531 0.027042
9 0.232466 0.217373 0.009361 0.010401