9 0.470950 0.395816 0.025829 0.045918
9 0.405344 0.289286 0.076454 0.115714
9 0.405344 0.368265 0.076454 0.049592
9 0.398629 0.406837 0.021696 0.031224
9 0.378482 0.421531 0.018597 0.031224
9 0.334573 0.427041 0.009298 0.020204
9 0.690325 0.470510 0.015497 0.027551
9 0.760064 0.500816 0.012398 0.022041
9 0.790025 0.504490 0.016531 0.014694
9 0.777627 0.405306 0.057857 0.051429
9 0.647621 0.487041 0.019630 0.012857
9 0.561352 0.478775 0.008265 0.007347
8 0.581671 0.457653 0.010332 0.023878
8 0.562557 0.455816 0.009298 0.020204
2 0.209560 0.462551 0.023763 0.020204
2 0.243929 0.477181 0.059440 0.057066
2 0.165650 0.475408 0.047525 0.045918
2 0.034439 0.473571 0.055791 0.064286
2 0.647449 0.507551 0.022730 0.022041
2 0.603023 0.506633 0.018597 0.016531
2 0.586492 0.502041 0.014464 0.022041