2 0.044354 0.662003 0.088708 0.097048
2 0.152557 0.674134 0.137448 0.131707
2 0.313401 0.674134 0.063363 0.069320
2 0.367015 0.673267 0.047766 0.046791
2 0.402108 0.662003 0.034118 0.045058
1 0.442075 0.639474 0.049715 0.100514
2 0.528833 0.685398 0.186188 0.213158
6 0.069211 0.626477 0.025345 0.064121
6 0.101380 0.633408 0.011698 0.043325
6 0.111615 0.630809 0.008773 0.038126
6 0.276845 0.674134 0.017547 0.097048
6 0.991867 0.672401 0.012673 0.110911
6 0.975783 0.678466 0.025345 0.116110
6 0.952387 0.660270 0.025345 0.093582
6 0.935328 0.668935 0.016572 0.083184
6 0.924605 0.682799 0.016572 0.097048
6 0.909496 0.674134 0.015597 0.093582
6 0.904622 0.675000 0.011698 0.098781
6 0.883663 0.675867 0.028269 0.124775
6 0.867579 0.675867 0.009748 0.083184
6 0.855394 0.676733 0.014622 0.091849
6 0.845646 0.675867 0.012673 0.097048
6 0.833461 0.671534 0.007798 0.067587
6 0.800317 0.666335 0.013647 0.081451
6 0.811528 0.666335 0.012673 0.088383
6 0.822738 0.667202 0.015597 0.093582
6 0.780821 0.673267 0.019496 0.074519
6 0.773510 0.670668 0.006824 0.072786
6 0.765712 0.667202 0.008773 0.062388
6 0.753526 0.666335 0.011698 0.053723
6 0.737442 0.669801 0.012673 0.060655
6 0.730618 0.670668 0.008773 0.065854
6 0.723795 0.670668 0.008773 0.072786
6 0.666525 0.657670 0.004874 0.024262
6 0.672861 0.651605 0.007798 0.015597
6 0.681634 0.649005 0.007798 0.017330
8 0.775947 0.298075 0.011698 0.045058