6 0.085788 0.714460 0.171577 0.567659
9 0.025694 0.419881 0.051388 0.046133
3 0.721304 0.626266 0.086044 0.099550
2 0.556116 0.633724 0.020487 0.033993
2 0.493290 0.621583 0.042339 0.058273
2 0.707035 0.613085 0.092873 0.133543
2 0.657867 0.624011 0.021853 0.082554
2 0.644892 0.622797 0.028681 0.065558
2 0.630551 0.625225 0.016389 0.060701
2 0.622356 0.619155 0.019121 0.063130
2 0.612796 0.616727 0.024584 0.063130
2 0.519240 0.630081 0.017755 0.041277
2 0.528800 0.628867 0.009560 0.024281
2 0.534263 0.631295 0.009560 0.029137
2 0.597772 0.626439 0.016389 0.029137
9 0.233791 0.450405 0.034145 0.060701
9 0.233108 0.486826 0.019121 0.016996