8 0.065434 0.273980 0.021524 0.091837
8 0.825670 0.046883 0.026690 0.087644
8 0.502806 0.556378 0.007749 0.026020
8 0.111496 0.353572 0.020663 0.091837
9 0.076196 0.363521 0.053380 0.075000
8 0.068017 0.458419 0.024968 0.050510
8 0.946206 0.450766 0.026690 0.053571
6 0.200810 0.632908 0.026690 0.065816
6 0.189618 0.629082 0.014636 0.052041
6 0.170246 0.597704 0.010332 0.029082
6 0.175412 0.622959 0.020663 0.070408
6 0.148722 0.633111 0.029273 0.081527
6 0.099216 0.608419 0.011193 0.038265
6 0.127628 0.696429 0.019802 0.156123
6 0.048962 0.708674 0.029047 0.257143
6 0.022159 0.686480 0.043048 0.298470
6 0.081480 0.687245 0.050797 0.202041
6 0.118502 0.703317 0.043909 0.221939
6 0.615737 0.607653 0.006027 0.012245
6 0.608849 0.606123 0.006027 0.012245
6 0.625208 0.610715 0.004305 0.018367
6 0.630804 0.609184 0.006888 0.012245
6 0.641566 0.626786 0.006027 0.029082
6 0.635109 0.631378 0.006888 0.032143
6 0.629082 0.631378 0.006888 0.029082
6 0.624347 0.623725 0.006027 0.016837
6 0.740578 0.633674 0.019802 0.076531
6 0.771572 0.600000 0.007749 0.018367
6 0.761671 0.623725 0.015497 0.053571
6 0.759088 0.610715 0.008610 0.021429
6 0.771572 0.630613 0.016358 0.039796
6 0.778460 0.632143 0.014636 0.042857
6 0.802567 0.602296 0.016358 0.032143
6 0.830692 0.632143 0.050797 0.064286
6 0.840594 0.596429 0.036161 0.137755
6 0.863409 0.625511 0.014636 0.082653
6 0.852217 0.623980 0.016358 0.082653
6 0.896557 0.601531 0.017219 0.140816
6 0.903444 0.624490 0.015497 0.094898
6 0.916789 0.622194 0.018080 0.096429
6 0.955963 0.588521 0.012054 0.022959
6 0.977488 0.638266 0.036161 0.202041
6 0.923677 0.654082 0.021524 0.137755
6 0.945632 0.658674 0.036161 0.171429
6 0.882781 0.647959 0.025829 0.162245
6 0.995999 0.592347 0.006027 0.048980
2 0.442969 0.656888 0.093846 0.160714
2 0.390019 0.644643 0.034439 0.096429
2 0.365051 0.666837 0.061990 0.134694
2 0.616598 0.643623 0.023246 0.059694
2 0.278093 0.678062 0.167028 0.198980
2 0.550877 0.654847 0.135172 0.269898
2 0.683897 0.652806 0.096429 0.142347
2 0.981867 0.832733 0.034915 0.280480
6 0.988682 0.656757 0.021284 0.091892