6 0.805300 0.558280 0.027316 0.138399
6 0.859249 0.541284 0.025950 0.133543
6 0.886564 0.535214 0.028681 0.135971
6 0.911148 0.567992 0.025950 0.157824
6 0.773204 0.552210 0.028681 0.174820
6 0.953488 0.558280 0.025950 0.157824
6 0.975340 0.520645 0.015024 0.058273
6 0.976747 0.605627 0.045154 0.184533
6 0.039096 0.491509 0.013658 0.033993
6 0.053436 0.559494 0.025950 0.150540
6 0.015194 0.542498 0.015024 0.116547
6 0.035681 0.576491 0.028681 0.174820
6 0.654381 0.493937 0.015024 0.038849
6 0.637309 0.498793 0.013658 0.053417
6 0.592238 0.500007 0.008195 0.026709
0 0.603847 0.536428 0.031413 0.046133
0 0.620919 0.544926 0.040974 0.063130
9 0.806666 0.235348 0.043705 0.021853
9 0.786179 0.330043 0.038242 0.109263
9 0.771155 0.264485 0.019121 0.016996
9 0.773204 0.404098 0.009560 0.038849
8 0.022706 0.383807 0.021853 0.046133
8 0.015877 0.280614 0.021853 0.097122
8 0.157236 0.463933 0.006829 0.026709
8 0.663941 0.038676 0.028681 0.075270
8 0.689891 0.037461 0.023218 0.067986
8 0.713110 0.036247 0.020487 0.070414
2 0.318228 0.505643 0.035510 0.082554
2 0.405638 0.495931 0.010926 0.019424
2 0.402906 0.506857 0.008195 0.026709
2 0.389931 0.506857 0.023218 0.055845
2 0.424759 0.502001 0.024584 0.026709
2 0.425442 0.510500 0.025950 0.033993
2 0.481439 0.504429 0.009560 0.026709
2 0.497145 0.516570 0.030047 0.050989
2 0.510803 0.522427 0.038242 0.057848
2 0.538700 0.529730 0.047600 0.064865
2 0.559366 0.540484 0.067079 0.079393
2 0.457537 0.523854 0.054631 0.084982
2 0.355112 0.538880 0.073737 0.115034
2 0.170723 0.574505 0.215794 0.226487
9 0.153309 0.364816 0.047802 0.053417
6 0.288863 0.518998 0.015024 0.060701
6 0.109946 0.512928 0.015024 0.029137
6 0.745888 0.500007 0.017755 0.031565