2 0.008897 0.675766 0.017793 0.206633
2 0.325590 0.682435 0.341805 0.480175
2 0.639020 0.583784 0.321284 0.363964
2 0.241933 0.438265 0.036161 0.073469
2 0.319850 0.384949 0.124841 0.130102
9 0.032143 0.176786 0.064286 0.023980
9 0.159423 0.448214 0.030134 0.029082
9 0.551164 0.300510 0.043909 0.024490
9 0.897491 0.255198 0.110630 0.192666
9 0.547290 0.331633 0.012054 0.021429
8 0.484009 0.390306 0.011193 0.021429
8 0.487022 0.344388 0.005166 0.027551
8 0.069882 0.189286 0.014636 0.048980
8 0.086671 0.188776 0.012054 0.052041
8 0.493049 0.344898 0.006888 0.033673
8 0.236480 0.369388 0.003444 0.021429
8 0.240785 0.369388 0.005166 0.021429
6 0.514573 0.446174 0.018941 0.068878
6 0.501658 0.446174 0.013776 0.059694
6 0.491757 0.447704 0.009471 0.035204
6 0.443543 0.430102 0.012915 0.024490
6 0.440099 0.428572 0.006027 0.021429
2 0.459471 0.480612 0.098151 0.094898