9 0.939403 0.066758 0.047211 0.055479
9 0.941403 0.174161 0.041610 0.082508
9 0.884990 0.402480 0.016804 0.041254
9 0.537310 0.453692 0.014403 0.009958
9 0.439687 0.461516 0.011203 0.017071
9 0.665739 0.424530 0.010402 0.014226
8 0.555328 0.452371 0.009602 0.017071
8 0.650950 0.460195 0.008802 0.015648
8 0.807386 0.443125 0.012803 0.012803
8 0.676156 0.481533 0.009602 0.012803
2 0.552728 0.491491 0.011203 0.024183
12 0.532723 0.488646 0.024006 0.049789
12 0.504316 0.482245 0.031207 0.034141
2 0.493914 0.513541 0.055213 0.056902
2 0.657152 0.492203 0.021605 0.045522
2 0.693560 0.490069 0.048011 0.081085
12 0.600739 0.453082 0.096022 0.211960
2 0.215450 0.526344 0.156036 0.153635