8 0.514388 0.595915 0.010926 0.029137
8 0.336836 0.674827 0.008195 0.021853
9 0.524632 0.583775 0.015024 0.024281
9 0.560142 0.586203 0.039608 0.024281
9 0.719939 0.423523 0.023218 0.019424
8 0.506876 0.595395 0.012292 0.026709
9 0.723353 0.455088 0.021853 0.033993
9 0.724719 0.492723 0.027316 0.031565
9 0.720621 0.525501 0.027316 0.024281
9 0.724036 0.553424 0.023218 0.031565
9 0.728133 0.582561 0.023218 0.031565
9 0.691257 0.632336 0.020487 0.029137
8 0.646186 0.592273 0.009560 0.036421
8 0.679648 0.593487 0.013658 0.029137
8 0.642089 0.606841 0.006829 0.036421
8 0.234403 0.643262 0.013658 0.026709
8 0.220745 0.648118 0.008195 0.026709
9 0.621602 0.671185 0.028681 0.038849
9 0.190015 0.679683 0.020487 0.012140
9 0.172942 0.632336 0.013658 0.029137
2 0.353226 0.695466 0.027316 0.038849
2 0.522583 0.705178 0.019121 0.082554
2 0.538289 0.753739 0.017755 0.097122
2 0.562191 0.746455 0.030047 0.077698
2 0.601115 0.729458 0.017755 0.048561
2 0.576531 0.719746 0.015024 0.033993
2 0.783448 0.724602 0.027316 0.024281
2 0.824421 0.722174 0.068289 0.043705
2 0.907734 0.711248 0.068289 0.026709
2 0.179771 0.771772 0.087410 0.080481
2 0.309521 0.716104 0.068289 0.050989
2 0.067399 0.738739 0.134797 0.176577
2 0.277425 0.754953 0.124286 0.123831
2 0.433430 0.721848 0.201383 0.188736
2 0.680902 0.751480 0.182791 0.169626
2 0.924806 0.779234 0.148870 0.143256
9 0.588823 0.650547 0.015024 0.021853
9 0.666673 0.614126 0.020487 0.016996
2 0.318398 0.673613 0.023218 0.033993
9 0.093727 0.674827 0.021853 0.016996
2 0.114214 0.727030 0.049168 0.048561
8 0.079386 0.696853 0.015024 0.022199
2 0.199575 0.708820 0.025950 0.021853