2 0.478915 0.514482 0.094196 0.131396
2 0.799704 0.560980 0.237048 0.231689
2 0.956650 0.574662 0.085693 0.156892
2 0.656551 0.510811 0.080042 0.083919
2 0.607808 0.509899 0.035916 0.056554
2 0.579588 0.505338 0.032838 0.054730
2 0.547021 0.495697 0.019014 0.055769
2 0.532383 0.491655 0.024628 0.049257
2 0.383417 0.491239 0.022915 0.026532
2 0.335489 0.493480 0.022841 0.031014
2 0.138543 0.476265 0.065375 0.069286
8 0.461577 0.435101 0.012314 0.020068
8 0.434896 0.435101 0.008209 0.027365
2 0.561802 0.500625 0.021094 0.046875
2 0.287583 0.491250 0.021094 0.028125
2 0.230894 0.479531 0.021094 0.037500
2 0.211778 0.485390 0.030322 0.035156
2 0.184092 0.484218 0.035596 0.046875
2 0.259898 0.485390 0.039551 0.035156
2 0.408213 0.485390 0.011865 0.016406
2 0.352842 0.486562 0.014502 0.023437
9 0.673203 0.336797 0.019775 0.063281