6 0.070713 0.517265 0.022412 0.072656
6 0.147178 0.482109 0.014502 0.039844
6 0.128062 0.493828 0.007910 0.039844
6 0.134654 0.492656 0.010547 0.037500
2 0.251988 0.523125 0.021094 0.051562
2 0.203208 0.506718 0.079102 0.056250
2 0.277037 0.528984 0.036914 0.077344
2 0.478745 0.493828 0.007910 0.030469
2 0.485337 0.492656 0.013184 0.032812
2 0.501817 0.496172 0.027686 0.044531
2 0.505772 0.498515 0.017139 0.035156
12 0.323179 0.510234 0.065918 0.128906
12 0.644199 0.475078 0.106787 0.213281
1 0.415464 0.452812 0.123926 0.285937
2 0.168931 0.567656 0.155566 0.154687
2 0.518296 0.503203 0.031641 0.039844
2 0.776035 0.557109 0.172705 0.161719
9 0.995542 0.250078 0.007910 0.035156