2 0.326435 0.514181 0.023061 0.039534
2 0.321082 0.520770 0.025532 0.032213
2 0.275371 0.509056 0.019767 0.049783
2 0.259722 0.509056 0.018120 0.043926
2 0.242015 0.506128 0.037063 0.061497
2 0.216894 0.514065 0.051064 0.057337
2 0.159607 0.506709 0.076689 0.095476
2 0.065349 0.493230 0.130131 0.176266
2 0.373382 0.511985 0.074126 0.125922
12 0.682238 0.503808 0.204257 0.185708
12 0.532751 0.524186 0.056830 0.052711
2 0.295962 0.519062 0.034592 0.051247
9 0.345790 0.436334 0.012354 0.023427
9 0.389854 0.437066 0.018120 0.019035
8 0.321905 0.450976 0.007413 0.023427