9 0.289031 0.124775 0.030219 0.048524
9 0.049715 0.129974 0.044841 0.024262
9 0.050690 0.101380 0.021446 0.025995
9 0.156457 0.228755 0.012673 0.017330
9 0.282207 0.192362 0.014622 0.024262
9 0.029244 0.270347 0.015597 0.031194
9 0.405033 0.182831 0.018521 0.012131
9 0.404058 0.198428 0.016572 0.012131
9 0.485454 0.148171 0.009748 0.019063
8 0.055077 0.207093 0.020471 0.036393
8 0.036068 0.099647 0.009748 0.039859
8 0.254425 0.194962 0.021446 0.036393
8 0.269534 0.197561 0.010723 0.041592
8 0.462059 0.187163 0.009748 0.027728
9 0.384074 0.255616 0.015597 0.008665
8 0.399184 0.261682 0.008773 0.013864
8 0.397722 0.292009 0.011698 0.012131
8 0.495202 0.114377 0.007798 0.041592
8 0.673105 0.071053 0.008773 0.045058
8 0.510799 0.116110 0.011698 0.045058
8 0.543455 0.142105 0.010723 0.041592
2 0.326073 0.367394 0.172541 0.228755
2 0.521035 0.364795 0.092607 0.147304
2 0.611205 0.349144 0.068237 0.105606
2 0.840688 0.365661 0.316981 0.641207
2 0.659945 0.342266 0.025345 0.029461
2 0.643373 0.330135 0.011698 0.019063
2 0.471320 0.349613 0.018521 0.040690
1 0.553203 0.305007 0.022421 0.045058
2 0.222256 0.355263 0.037043 0.041592
2 0.577841 0.324881 0.016795 0.025592
9 0.483069 0.299289 0.007198 0.017062