6 0.362209 0.465423 0.017606 0.076210
9 0.765754 0.272631 0.013779 0.029940
9 0.752358 0.269909 0.009951 0.013609
9 0.757334 0.243372 0.015310 0.034022
8 0.464658 0.375605 0.006124 0.019052
8 0.459682 0.377646 0.003827 0.017692
8 0.612017 0.369481 0.003827 0.014970
8 0.607424 0.370842 0.005358 0.014970
2 0.338679 0.464160 0.030620 0.020413
2 0.312269 0.462799 0.040571 0.025857
2 0.243757 0.468923 0.027558 0.027218
2 0.265574 0.491188 0.074253 0.066304
1 0.598019 0.425374 0.031385 0.059879
2 0.802243 0.423722 0.033682 0.034022
2 0.824825 0.411474 0.009951 0.020413
2 0.846259 0.409433 0.029854 0.027218
2 0.959170 0.379063 0.078081 0.029079
2 0.535849 0.459856 0.090329 0.165887
8 0.500254 0.371328 0.006889 0.032661
12 0.779779 0.434106 0.320106 0.302860