6 0.124053 0.462595 0.015497 0.062449
6 0.234602 0.432289 0.009298 0.042245
6 0.217038 0.435044 0.011365 0.036735
6 0.646022 0.384271 0.018597 0.031224
9 0.608090 0.330087 0.026862 0.055102
9 0.500125 0.366822 0.011365 0.018367
9 0.499608 0.387026 0.012398 0.022041
2 0.280061 0.445365 0.046492 0.070145
2 0.447950 0.449213 0.053724 0.128571
2 0.477912 0.412478 0.010332 0.029388
2 0.487727 0.415233 0.019630 0.038571
2 0.501674 0.418907 0.024796 0.049592
2 0.524921 0.417988 0.038227 0.055102
2 0.546322 0.423498 0.034094 0.080816
2 0.576800 0.427172 0.051658 0.095510
2 0.613994 0.444367 0.080587 0.115438
2 0.678567 0.462930 0.098150 0.152565
2 0.843371 0.460197 0.311395 0.330685
2 0.366847 0.497369 0.182870 0.245875
8 0.439685 0.335073 0.006199 0.018367
8 0.450016 0.335991 0.006199 0.020204
8 0.362714 0.335073 0.007232 0.025714
8 0.352899 0.333236 0.004133 0.022041
8 0.357548 0.333498 0.007232 0.018367
8 0.445367 0.335335 0.007232 0.022041