9 0.050043 0.415447 0.034893 0.066929
9 0.441056 0.527811 0.014692 0.010883
9 0.476867 0.525091 0.014692 0.009794
9 0.477326 0.535701 0.022956 0.017956
9 0.439678 0.535701 0.030302 0.017956
9 0.498904 0.546312 0.011019 0.026119
2 0.070244 0.586442 0.022956 0.022854
2 0.050043 0.588074 0.026629 0.022854
2 0.440291 0.575015 0.006428 0.013059
2 0.433863 0.576648 0.013773 0.019589
2 0.420090 0.579096 0.019283 0.027751
2 0.311306 0.586306 0.031166 0.047340
2 0.451003 0.583585 0.022956 0.034281
2 0.396286 0.578772 0.016363 0.024654
2 0.345407 0.583585 0.041320 0.057134