9 0.374356 0.416562 0.024229 0.007935
9 0.663505 0.414295 0.018490 0.010202
9 0.609628 0.415995 0.007651 0.006801
9 0.625886 0.427897 0.009564 0.007935
9 0.665736 0.439232 0.010202 0.014736
9 0.697935 0.443199 0.031242 0.029471
9 0.687414 0.414861 0.010202 0.027204
9 0.677532 0.414861 0.010839 0.031738
9 0.805688 0.371222 0.014665 0.032872
2 0.337375 0.504975 0.016577 0.037406
2 0.322073 0.504975 0.029329 0.041940
2 0.291468 0.508942 0.051008 0.047607
2 0.275528 0.516876 0.028054 0.040806
2 0.246837 0.520277 0.038256 0.047607
2 0.208262 0.520277 0.070773 0.056675
2 0.162355 0.527078 0.058021 0.061209
2 0.110710 0.536713 0.116680 0.080479
2 0.394121 0.497607 0.015302 0.018136
2 0.508250 0.490239 0.010202 0.014736
2 0.520046 0.488539 0.015940 0.022670
2 0.689646 0.498174 0.015940 0.039673
2 0.836739 0.476637 0.038256 0.023804
2 0.794020 0.468136 0.015302 0.020403
2 0.035112 0.542576 0.070223 0.083137
2 0.418350 0.495340 0.017853 0.022670
2 0.368435 0.509509 0.043720 0.055542
2 0.718019 0.498174 0.044632 0.069144
2 0.625568 0.553715 0.138996 0.191562
8 0.572647 0.444899 0.005101 0.012469
8 0.378819 0.461335 0.005101 0.011335
8 0.366067 0.460201 0.005101 0.009068
8 0.331637 0.473237 0.008926 0.010202
6 0.810382 0.479471 0.014665 0.054408
2 0.468632 0.489672 0.019765 0.020403