6 0.197754 0.395625 0.018457 0.103125
6 0.279492 0.385078 0.010547 0.049219
6 0.261035 0.383906 0.013184 0.042187
6 0.381650 0.367734 0.012257 0.052031
6 0.512841 0.353437 0.010547 0.037500
6 0.522070 0.352265 0.007910 0.039844
6 0.563598 0.365156 0.014502 0.075000
6 0.571508 0.367500 0.017139 0.093750
6 0.581396 0.368672 0.015820 0.096094
6 0.611718 0.362812 0.013184 0.075000
6 0.617651 0.367500 0.017139 0.079687
6 0.632153 0.375703 0.022412 0.082031
6 0.647314 0.372187 0.013184 0.089062
6 0.660498 0.362812 0.015820 0.079687
6 0.673022 0.354609 0.011865 0.072656
6 0.682910 0.342890 0.018457 0.053906
6 0.694116 0.372187 0.014502 0.103125
6 0.700708 0.334687 0.011865 0.032812
6 0.721142 0.341719 0.013184 0.065625
6 0.734985 0.358125 0.019775 0.098437
6 0.747509 0.372187 0.029004 0.131250
6 0.758056 0.358125 0.010547 0.084375
6 0.771240 0.353437 0.015820 0.093750
6 0.787719 0.313594 0.017139 0.037500
6 0.783764 0.371015 0.017139 0.105469
6 0.792993 0.355781 0.011865 0.075000
6 0.807363 0.366328 0.021094 0.114844
6 0.829775 0.361640 0.015820 0.110156
6 0.836367 0.374531 0.023730 0.121875
6 0.857460 0.348750 0.044824 0.098437
6 0.869326 0.416718 0.050098 0.215625
6 0.924037 0.356739 0.032959 0.129334
6 0.937221 0.312422 0.017139 0.058594
6 0.944472 0.311250 0.013184 0.046875
6 0.969653 0.294844 0.009229 0.032812
6 0.970312 0.452192 0.058008 0.333447
2 0.231372 0.403205 0.072510 0.074839
2 0.304541 0.378326 0.052734 0.072277
2 0.356616 0.366797 0.019775 0.035156
2 0.342773 0.375376 0.031641 0.041434
1 0.404736 0.349219 0.044824 0.032812
2 0.431103 0.345703 0.007910 0.030469
2 0.467358 0.387890 0.090967 0.180469
12 0.552483 0.327175 0.068736 0.110601
2 0.599194 0.372045 0.032959 0.057024
1 0.099748 0.401252 0.199496 0.593880
9 0.144360 0.150586 0.025049 0.023437
9 0.146338 0.176367 0.023730 0.032812
8 0.093603 0.156445 0.015820 0.044531
8 0.303222 0.091992 0.013184 0.060937
8 0.314428 0.099023 0.011865 0.060937
8 0.322339 0.331054 0.006592 0.018750
8 0.515478 0.151758 0.007910 0.049219
9 0.691479 0.200976 0.017139 0.016406
9 0.708618 0.171680 0.032959 0.014062
9 0.709936 0.113086 0.030322 0.046875
8 0.727075 0.261914 0.019775 0.030469