2 0.466526 0.436785 0.006428 0.019589
2 0.455966 0.442499 0.011019 0.021221
2 0.446784 0.444947 0.009182 0.029383
1 0.400972 0.435153 0.046110 0.055502
12 0.351222 0.432588 0.066112 0.084885
2 0.257132 0.474141 0.076156 0.105960
2 0.316575 0.480744 0.095987 0.122430
2 0.112942 0.555687 0.224966 0.301700
2 0.559267 0.453926 0.032138 0.050605
2 0.565388 0.459686 0.018365 0.045707
2 0.583752 0.468664 0.029383 0.057134
2 0.617719 0.479275 0.067934 0.081620
2 0.709915 0.496734 0.146186 0.172040
2 0.507811 0.448096 0.059309 0.037545
2 0.483206 0.441566 0.017446 0.024486
6 0.936848 0.465594 0.039899 0.161998
2 0.950069 0.616134 0.097922 0.258693
9 0.874020 0.185006 0.050503 0.104474
8 0.901567 0.302539 0.026629 0.065296
8 0.504107 0.368924 0.008264 0.022854
9 0.525686 0.370556 0.016528 0.016324
8 0.387952 0.380351 0.007346 0.026119
2 0.429503 0.445758 0.029729 0.045897
2 0.389212 0.449235 0.024252 0.047288