9 0.616080 0.513305 0.020593 0.007627
9 0.581329 0.486610 0.012871 0.021356
9 0.607500 0.544119 0.006864 0.013729
9 0.637532 0.373271 0.049767 0.019831
9 0.535853 0.411407 0.018019 0.010678
9 0.545720 0.439627 0.024025 0.015254
9 0.544004 0.473949 0.015445 0.025932
9 0.442068 0.278390 0.010297 0.044237
9 0.872123 0.474407 0.051483 0.030508
9 0.977663 0.531458 0.015445 0.024407
9 0.290793 0.080695 0.081515 0.157119
9 0.267197 0.193576 0.061780 0.077797
8 0.429597 0.375000 0.015445 0.062542
8 0.404714 0.373411 0.027458 0.047415
8 0.645254 0.506746 0.003432 0.012203
8 0.649287 0.507508 0.002917 0.016780
8 0.776879 0.509034 0.005148 0.016780
8 0.771302 0.508271 0.004290 0.012203
9 0.765381 0.514373 0.008581 0.012203
8 0.749507 0.365949 0.009439 0.041186
8 0.555330 0.466017 0.010297 0.041186
8 0.530275 0.479746 0.012013 0.022881
2 0.626806 0.567458 0.006006 0.012203
2 0.640106 0.570508 0.022309 0.033559
2 0.665418 0.560593 0.033464 0.047288
2 0.680005 0.574322 0.036896 0.047288
2 0.710895 0.575085 0.028316 0.042712
12 0.737495 0.553729 0.057489 0.085424
2 0.741356 0.568983 0.032606 0.048814
2 0.308469 0.549915 0.071218 0.102203
2 0.405429 0.552426 0.151875 0.136842
2 0.616509 0.568983 0.012871 0.018305
2 0.770530 0.573559 0.049767 0.061017
1 0.822871 0.562881 0.056631 0.082373
12 0.909019 0.584237 0.180191 0.183051
6 0.486086 0.559449 0.016303 0.059492
0 0.262134 0.663941 0.067786 0.247119