9 0.530783 0.331868 0.010723 0.008665
6 0.013647 0.343132 0.015597 0.041592
9 0.052640 0.269480 0.023395 0.046791
9 0.098456 0.244352 0.011698 0.024262
9 0.100405 0.269480 0.017547 0.022529
9 0.099430 0.292009 0.015597 0.022529
9 0.450849 0.319737 0.008773 0.019063
9 0.462546 0.331868 0.008773 0.019063
9 0.477656 0.336200 0.007798 0.013864
1 0.509337 0.363928 0.016572 0.024262
2 0.499589 0.364795 0.008773 0.012131
2 0.486917 0.367394 0.012673 0.020796
2 0.479118 0.369994 0.010723 0.015597
2 0.442075 0.366528 0.008773 0.019063
2 0.432815 0.371727 0.013647 0.029461
2 0.343620 0.374326 0.030219 0.048524
2 0.537119 0.370860 0.005849 0.013864
2 0.541018 0.375193 0.009748 0.019063
2 0.551741 0.376926 0.015597 0.025995
2 0.523472 0.389057 0.037043 0.057189
2 0.460109 0.386457 0.040942 0.058922
2 0.416679 0.382125 0.040069 0.050257
2 0.377251 0.378659 0.027295 0.032927
2 0.328998 0.382125 0.020471 0.060655
0 0.696500 0.467041 0.098456 0.112644
7 0.695038 0.432381 0.042892 0.178498
6 0.672130 0.388190 0.014622 0.058922
12 0.260274 0.383858 0.134523 0.133440
2 0.070019 0.394120 0.140038 0.129702
7 0.352393 0.369127 0.014622 0.031194
3 0.353855 0.390790 0.019496 0.043325
2 0.519573 0.354397 0.009748 0.015597
2 0.527371 0.354397 0.009748 0.019063
9 0.985043 0.272946 0.016572 0.077985