2 0.032723 0.620015 0.065446 0.213604
2 0.143247 0.579613 0.191050 0.190678
2 0.227617 0.530800 0.125275 0.138814
2 0.292400 0.523173 0.064354 0.086949
2 0.324577 0.508681 0.051483 0.067119
2 0.348174 0.492664 0.021451 0.056441
2 0.379063 0.489613 0.050625 0.077797
2 0.414673 0.482570 0.022309 0.036252
2 0.441701 0.485037 0.019735 0.028983
2 0.502833 0.488851 0.027019 0.033559
2 0.400515 0.482749 0.012871 0.024407
2 0.728033 0.479833 0.102623 0.061196
8 0.402660 0.372156 0.008581 0.028983
8 0.490610 0.380545 0.007722 0.021356
8 0.495758 0.382071 0.004290 0.027458
8 0.560112 0.441562 0.007722 0.015254
8 0.336590 0.445376 0.010297 0.016780
8 0.387644 0.440800 0.009439 0.016780
9 0.470017 0.436223 0.007722 0.016780
9 0.477310 0.437749 0.010297 0.016780
9 0.472591 0.457579 0.012871 0.016780
9 0.451998 0.443088 0.011155 0.012203
8 0.436124 0.437749 0.008581 0.016780
8 0.114355 0.411817 0.013729 0.032034
9 0.551961 0.421732 0.012013 0.021356
9 0.363189 0.420206 0.006864 0.018305
9 0.355896 0.430884 0.009439 0.021356
9 0.624466 0.395037 0.018019 0.013729
9 0.925642 0.048003 0.145011 0.094576