8 0.245913 0.405515 0.005717 0.007392
8 0.290613 0.408287 0.005717 0.005544
8 0.253190 0.461418 0.004678 0.006468
8 0.282557 0.460956 0.003119 0.007392
8 0.391781 0.450330 0.005198 0.010164
9 0.317864 0.427626 0.012994 0.023101
9 0.435070 0.452574 0.012474 0.026797
9 0.443090 0.457656 0.005198 0.018480
9 0.604142 0.396671 0.015593 0.079466
9 0.673791 0.379114 0.021830 0.072074
2 0.237077 0.481483 0.010915 0.012012
2 0.218626 0.499039 0.012474 0.030493
2 0.229021 0.499039 0.011435 0.023101
2 0.265145 0.488875 0.006757 0.021253
2 0.270862 0.500888 0.016113 0.047125
2 0.392004 0.516134 0.030146 0.055441
2 0.436147 0.516134 0.014034 0.038809
12 0.464214 0.490261 0.050417 0.024025
2 0.498519 0.508874 0.014034 0.016632
2 0.466293 0.530126 0.059773 0.073922
2 0.746584 0.568164 0.262606 0.257273
2 0.527393 0.546099 0.092518 0.094251
2 0.321046 0.567351 0.148653 0.214374
6 0.524967 0.490811 0.009356 0.017556
6 0.514312 0.489887 0.007796 0.017556
1 0.108027 0.378850 0.216054 0.615401
2 0.931817 0.624179 0.134099 0.279980