8 0.059643 0.282751 0.008576 0.049897
8 0.042101 0.396406 0.012474 0.022177
8 0.277554 0.246714 0.009356 0.038809
8 0.260791 0.245328 0.008576 0.036037
8 0.566023 0.241170 0.009356 0.030493
8 0.553158 0.241863 0.008576 0.029107
8 0.269075 0.247308 0.005458 0.044353
8 0.559883 0.241071 0.005458 0.034651
8 0.510375 0.324927 0.004678 0.019405
9 0.044440 0.318095 0.018711 0.012474
9 0.192962 0.386704 0.008576 0.008316
9 0.322150 0.305621 0.021830 0.048511
9 0.629018 0.247408 0.037423 0.018018
9 0.693183 0.234240 0.014813 0.041581
9 0.700200 0.277900 0.011695 0.006930
8 0.705457 0.327798 0.014813 0.023563
2 0.534369 0.372567 0.010915 0.011088
2 0.526573 0.380883 0.012474 0.019405
2 0.511759 0.380190 0.015593 0.023563
2 0.500454 0.383655 0.008576 0.016632
2 0.466540 0.401673 0.015593 0.027721
2 0.447439 0.404445 0.017932 0.038809
2 0.566724 0.373953 0.008576 0.013860
2 0.579199 0.373953 0.016373 0.016632
2 0.593232 0.383655 0.021050 0.030493
2 0.875347 0.372151 0.093557 0.063758
2 0.159706 0.455775 0.111489 0.051283
2 0.054064 0.471488 0.104472 0.069541
2 0.412960 0.416572 0.037423 0.051419
2 0.515874 0.485806 0.146573 0.200975
2 0.606727 0.392961 0.028896 0.043007
2 0.906216 0.461752 0.187115 0.214186
6 0.945710 0.326412 0.020271 0.034651
6 0.923100 0.331956 0.014034 0.034651
6 0.575866 0.386605 0.007796 0.031879
9 0.169837 0.262555 0.049118 0.022177
8 0.811764 0.277801 0.018711 0.027721