2 0.295747 0.442268 0.018557 0.022680
2 0.260954 0.437113 0.016237 0.016495
2 0.242977 0.443299 0.019716 0.028866
2 0.220941 0.443299 0.028995 0.037113
2 0.197165 0.445361 0.030155 0.032990
2 0.183247 0.446392 0.030155 0.039175
2 0.152513 0.447423 0.038273 0.045361
2 0.109214 0.456014 0.045232 0.072165
2 0.038853 0.443299 0.033634 0.024742
2 0.017977 0.462887 0.035954 0.055670
2 0.387371 0.438144 0.009278 0.018557
2 0.394910 0.443299 0.008119 0.024742
2 0.409947 0.450153 0.026595 0.034326
2 0.433183 0.445361 0.010438 0.016495
2 0.449420 0.480412 0.052191 0.065979
2 0.556121 0.451546 0.049871 0.041237
2 0.796603 0.489428 0.156572 0.074227
9 0.243557 0.353952 0.020876 0.041237
9 0.750967 0.310309 0.019716 0.055670
9 0.747951 0.387629 0.017397 0.020619
9 0.744472 0.457732 0.012758 0.016495