2 0.019975 0.826682 0.038242 0.238152
2 0.289034 0.738259 0.079215 0.113514
2 0.477512 0.771949 0.043705 0.075270
2 0.429710 0.752525 0.038242 0.055845
2 0.406491 0.728244 0.019121 0.031565
2 0.508925 0.764665 0.030047 0.050989
2 0.478878 0.727030 0.019121 0.024281
2 0.467269 0.722174 0.020487 0.024281
2 0.452928 0.720960 0.016389 0.021853
2 0.442685 0.716104 0.017755 0.016996
2 0.386005 0.713676 0.019121 0.031565
2 0.362786 0.697894 0.013658 0.024281
2 0.332056 0.706392 0.015024 0.026709
2 0.423564 0.712462 0.015024 0.019424
2 0.414686 0.706392 0.013658 0.016996
2 0.401711 0.701536 0.015024 0.021853
9 0.885126 0.720058 0.035093 0.060655
9 0.887075 0.769448 0.023395 0.034660