2 0.014173 0.395052 0.027983 0.052733
2 0.442059 0.426899 0.059253 0.083162
2 0.577327 0.460164 0.028847 0.058214
12 0.375009 0.392248 0.023389 0.049897
2 0.348891 0.395020 0.030406 0.058214
2 0.203487 0.371458 0.017152 0.027721
2 0.258452 0.381160 0.042881 0.024949
2 0.393331 0.407495 0.025728 0.041581
2 0.511058 0.475410 0.120845 0.158008
2 0.625257 0.469402 0.087282 0.090403
12 0.885673 0.538113 0.227648 0.212788
6 0.740273 0.465708 0.014813 0.066530
6 0.763273 0.446304 0.020271 0.038809
6 0.783934 0.467094 0.013254 0.066530
6 0.797967 0.456006 0.011695 0.038809
9 0.736765 0.274435 0.023389 0.055441
8 0.455313 0.324333 0.004678 0.022177
8 0.449466 0.325719 0.005458 0.024949
2 0.050461 0.398470 0.083710 0.068150