7 0.155491 0.483979 0.064056 0.211224
0 0.148649 0.546428 0.079807 0.192857
6 0.025889 0.418828 0.025049 0.058594
6 0.522092 0.423980 0.016531 0.042245
6 0.496263 0.424898 0.014464 0.040408
2 0.368839 0.406837 0.014464 0.022041
2 0.359541 0.404082 0.008265 0.012857
2 0.381754 0.403163 0.013431 0.025714
2 0.393119 0.412347 0.019630 0.029388
12 0.321314 0.389388 0.026862 0.053265
2 0.319060 0.405631 0.022730 0.033061
2 0.449755 0.426754 0.036161 0.042245
1 0.149621 0.360631 0.210765 0.288367
6 0.559787 0.437774 0.010332 0.049592
1 0.780095 0.416499 0.437028 0.832041