9 0.282949 0.474245 0.044354 0.031269
9 0.268802 0.392674 0.028295 0.017674
9 0.289832 0.446601 0.009177 0.017674
9 0.270714 0.518202 0.018353 0.014955
9 0.268611 0.537802 0.011089 0.035574
9 0.428758 0.544713 0.007647 0.010876
9 0.156387 0.483308 0.013000 0.031269
9 0.486112 0.527719 0.015295 0.023112
9 0.546526 0.515483 0.012236 0.025831
9 0.646195 0.517296 0.018353 0.013595
9 0.658431 0.494864 0.015295 0.012236
8 0.526133 0.550604 0.008412 0.020393
2 0.484073 0.575075 0.020648 0.033988
2 0.494779 0.610423 0.023707 0.042145
2 0.474514 0.604985 0.021412 0.047583
2 0.557487 0.600227 0.015295 0.040785
2 0.516956 0.570997 0.009177 0.012236
2 0.581020 0.602946 0.030242 0.048943
2 0.327785 0.671002 0.117378 0.162864
2 0.160593 0.718111 0.321186 0.366282
2 0.448086 0.613369 0.043425 0.053021
2 0.530911 0.603081 0.036578 0.054563
2 0.943952 0.648509 0.108591 0.130514