9 0.799778 0.155929 0.052739 0.187115
9 0.282621 0.434522 0.025728 0.056827
9 0.215182 0.505210 0.023389 0.040195
2 0.063931 0.539499 0.115388 0.111544
2 0.206996 0.516992 0.041321 0.047125
2 0.185166 0.526694 0.014813 0.024949
2 0.526261 0.540242 0.077965 0.168472
2 0.473245 0.519071 0.063931 0.103953
2 0.446347 0.510754 0.031965 0.081776
2 0.429974 0.510754 0.027288 0.076232
2 0.418280 0.511447 0.027288 0.060986
2 0.410094 0.498280 0.023389 0.051283
2 0.398009 0.500359 0.017932 0.049897
2 0.385925 0.496201 0.017152 0.036037
2 0.376179 0.489964 0.013254 0.026335
2 0.625276 0.553486 0.193352 0.230997
2 0.342437 0.501209 0.030841 0.054606
9 0.605785 0.333342 0.031186 0.062372