8 0.343928 0.258033 0.018932 0.028047
9 0.379162 0.296832 0.017880 0.009349
9 0.992605 0.053757 0.013673 0.106579
9 0.606606 0.236063 0.011569 0.018698
9 0.532194 0.240738 0.008414 0.013089
8 0.569006 0.179034 0.010518 0.043006
8 0.451208 0.320204 0.010518 0.018698
8 0.456993 0.273459 0.013673 0.022438
8 0.743073 0.291222 0.013673 0.028047
8 0.742021 0.334228 0.009466 0.016828
8 0.977880 0.234193 0.011569 0.048615
8 0.903204 0.248217 0.009466 0.024307
8 0.864289 0.305246 0.007362 0.041136
8 0.921610 0.156596 0.014725 0.046745
6 0.920559 0.352926 0.014725 0.028047
6 0.406508 0.365080 0.015776 0.063573
6 0.508529 0.280004 0.007362 0.020568
6 0.495382 0.363210 0.012621 0.022438
6 0.482761 0.314595 0.008414 0.029917
6 0.598455 0.373494 0.031553 0.114058
6 0.645785 0.377234 0.035760 0.114058
6 0.760953 0.366950 0.011569 0.056094
6 0.783040 0.388452 0.024191 0.095360
6 0.846146 0.399671 0.030501 0.106579
2 0.526146 0.383778 0.075727 0.052355
2 0.404930 0.382843 0.027346 0.039266
2 0.345505 0.395932 0.114643 0.177632
2 0.612654 0.276264 0.026294 0.024307
2 0.580049 0.277199 0.013673 0.014958
2 0.563221 0.279069 0.011569 0.011219
2 0.565324 0.268785 0.009466 0.016828
2 0.933092 0.425693 0.131471 0.145845
2 0.208425 0.424324 0.268200 0.300171
9 0.740619 0.165478 0.015776 0.016828
9 0.531843 0.211911 0.014725 0.014958
6 0.498187 0.299792 0.006311 0.026177