9 0.840792 0.193105 0.097701 0.064484
9 0.842255 0.261229 0.063184 0.080085
9 0.731440 0.420185 0.009946 0.048883
9 0.743725 0.490909 0.008776 0.040562
9 0.741385 0.539272 0.014626 0.056163
9 0.720324 0.510150 0.031007 0.158089
9 0.464908 0.443240 0.003510 0.013521
9 0.100626 0.454334 0.010531 0.013521
9 0.086000 0.403371 0.023401 0.028082
9 0.086000 0.427812 0.014041 0.014561
8 0.512279 0.442546 0.005805 0.023921
8 0.283976 0.418105 0.005850 0.024961
8 0.254724 0.475308 0.005850 0.020801
8 0.278535 0.417065 0.005265 0.022881
8 0.212426 0.433706 0.005265 0.020801
8 0.498801 0.461787 0.008190 0.014561
8 0.503773 0.402504 0.006435 0.022881
8 0.434154 0.439426 0.005265 0.023921
8 0.438834 0.439946 0.004095 0.022881
8 0.263032 0.473748 0.004680 0.021841
6 0.577007 0.593393 0.013456 0.081049
6 0.517902 0.551753 0.008776 0.039522
6 0.500351 0.536152 0.008776 0.056163
6 0.489820 0.540312 0.009946 0.060324
6 0.510004 0.539272 0.010531 0.064484
6 0.601269 0.579314 0.025742 0.105046
6 0.641929 0.597515 0.026327 0.120647
6 0.945855 0.712962 0.054993 0.222573
6 0.904025 0.689561 0.069619 0.302658
6 0.982179 0.705162 0.033347 0.276656
2 0.158544 0.529565 0.053823 0.053043
2 0.227871 0.503563 0.047388 0.013521
2 0.383393 0.521938 0.008190 0.017681
2 0.396556 0.518297 0.020476 0.035362
2 0.397434 0.518817 0.014041 0.030162
2 0.417325 0.512577 0.031592 0.013521
2 0.414400 0.532338 0.046803 0.036402
2 0.365257 0.523498 0.008190 0.035362
2 0.350046 0.520377 0.026912 0.058243
2 0.274869 0.525058 0.020476 0.028082
2 0.311385 0.543432 0.072544 0.095686
2 0.209516 0.597293 0.152694 0.185131
2 0.394386 0.680646 0.185456 0.268336
2 0.072142 0.583697 0.144284 0.157049
8 0.899795 0.360728 0.053823 0.080085