7 0.942202 0.457392 0.061592 0.232854
0 0.945320 0.520457 0.108371 0.139990
6 0.628004 0.426206 0.016373 0.084548
6 0.644377 0.425513 0.013254 0.085934
6 0.670885 0.426206 0.011695 0.067916
6 0.696223 0.419969 0.015593 0.077618
6 0.797188 0.442839 0.024169 0.109497
6 0.728579 0.433136 0.021050 0.073460
6 0.766781 0.430364 0.021050 0.098409
6 0.743002 0.435908 0.014034 0.076232
6 0.775357 0.437294 0.013254 0.084548
6 0.812780 0.446997 0.014813 0.084548
6 0.822526 0.440067 0.015593 0.070688
6 0.654512 0.428285 0.010135 0.074846
6 0.582005 0.404030 0.007017 0.045739
6 0.571090 0.407495 0.007017 0.055441
6 0.591751 0.408188 0.014034 0.059600
6 0.605005 0.408188 0.012474 0.045739
2 0.926215 0.462034 0.146565 0.082194
6 0.343722 0.395779 0.017355 0.062503
6 0.361756 0.403337 0.015593 0.074846
12 0.402658 0.359481 0.067771 0.140381
12 0.501478 0.328491 0.097009 0.196817
1 0.558421 0.388688 0.015982 0.081966
2 0.461550 0.516761 0.221419 0.310011
8 0.378128 0.144841 0.007796 0.056827
8 0.611632 0.212064 0.008576 0.047125
8 0.240521 0.316709 0.011695 0.029107
8 0.783934 0.352053 0.014813 0.022177
9 0.772239 0.284137 0.024169 0.019405
9 0.782374 0.298691 0.014813 0.015246
9 0.260402 0.180185 0.009356 0.063758
0 0.137997 0.426206 0.040542 0.073460
7 0.136438 0.426899 0.021830 0.060986
8 0.393711 0.145781 0.017139 0.056250