8 0.255858 0.275270 0.018478 0.035979
8 0.399286 0.297952 0.013199 0.021900
8 0.237690 0.348394 0.009679 0.015643
8 0.314683 0.346830 0.008799 0.015643
8 0.224051 0.348394 0.008799 0.015643
8 0.214372 0.350741 0.008799 0.010950
8 0.304564 0.350741 0.009679 0.014079
8 0.557542 0.281129 0.008799 0.015643
9 0.351442 0.348059 0.010559 0.023465
9 0.552065 0.306605 0.017598 0.015643
9 0.559984 0.289397 0.017598 0.012514
8 0.555013 0.341020 0.010559 0.020336
2 0.275526 0.379234 0.025518 0.034415
2 0.277726 0.393312 0.014079 0.015643
2 0.302759 0.404263 0.020329 0.025029
2 0.345040 0.402060 0.029038 0.041949
2 0.363959 0.387837 0.014079 0.023465
2 0.393906 0.394993 0.044593 0.036161
2 0.440466 0.424742 0.061000 0.087314
2 0.528958 0.421419 0.065519 0.077886
2 0.568793 0.407391 0.013199 0.065701
2 0.581112 0.411302 0.018478 0.064137
2 0.591671 0.410520 0.025518 0.087601
2 0.627748 0.415995 0.073034 0.104809
2 0.822786 0.453204 0.239860 0.247159
2 0.919868 0.515299 0.157712 0.293463
2 0.225481 0.373870 0.015839 0.018772
2 0.250119 0.436443 0.031677 0.090730
2 0.229440 0.440353 0.039597 0.095423
2 0.188084 0.449235 0.090632 0.108484
2 0.096572 0.466298 0.108231 0.134264
2 0.038884 0.466053 0.075569 0.149952