9 0.520919 0.396813 0.028656 0.017830
9 0.612618 0.394266 0.017193 0.012736
9 0.616200 0.404455 0.018626 0.012736
9 0.492264 0.396813 0.014328 0.022925
9 0.496562 0.456672 0.011462 0.015283
9 0.607603 0.429926 0.027223 0.017830
8 0.396881 0.394812 0.008597 0.028019
8 0.267931 0.369340 0.008597 0.033113
8 0.434134 0.467406 0.008597 0.020377
8 0.616097 0.452123 0.017193 0.015283
8 0.573830 0.453397 0.015761 0.017830
8 0.484997 0.454670 0.007164 0.020377
8 0.387568 0.393538 0.007164 0.030566
8 0.478550 0.389717 0.008597 0.028019
2 0.414075 0.503066 0.011462 0.033113
2 0.391867 0.504340 0.015761 0.030566
2 0.421955 0.524717 0.018626 0.061132
2 0.373957 0.494151 0.020059 0.025472
2 0.358196 0.497972 0.020059 0.022925
2 0.343868 0.499246 0.017193 0.030566
2 0.159039 0.508161 0.083101 0.084057
2 0.492161 0.501948 0.012895 0.030875
2 0.502907 0.501793 0.011462 0.030566
2 0.519384 0.503066 0.021492 0.043302
2 0.599685 0.521262 0.044546 0.088421
2 0.671259 0.532359 0.101728 0.132453
2 0.777859 0.548916 0.176232 0.206321
2 0.073072 0.529324 0.146144 0.265881
2 0.901078 0.590944 0.196291 0.356604
2 0.301279 0.515802 0.090910 0.129906
2 0.459207 0.533420 0.078803 0.109954
2 0.556622 0.525991 0.075908 0.109528