8 0.389088 0.080314 0.012855 0.062031
8 0.726996 0.118676 0.014692 0.050605
8 0.960134 0.311300 0.026629 0.040810
8 0.249976 0.250085 0.022956 0.032648
9 0.283032 0.067255 0.030302 0.130593
9 0.273850 0.105617 0.019283 0.057134
9 0.294051 0.240290 0.013773 0.048972
9 0.273850 0.163567 0.015610 0.029383
9 0.741137 0.227231 0.012855 0.035913
9 0.751237 0.214988 0.022037 0.079988
9 0.949575 0.198664 0.036729 0.027751
9 0.947279 0.253349 0.039484 0.032648
8 0.409656 0.085212 0.016528 0.058767
7 0.207112 0.377511 0.045911 0.163241
0 0.203898 0.419137 0.054175 0.119166
6 0.348468 0.338724 0.010101 0.048972
6 0.333776 0.328930 0.010101 0.042443
6 0.341122 0.341173 0.011937 0.070193
6 0.309902 0.334643 0.017446 0.057134
6 0.297965 0.368924 0.015610 0.096312
6 0.250676 0.358313 0.012855 0.101209
6 0.258940 0.370556 0.023874 0.099577
6 0.226343 0.319952 0.015610 0.050605
6 0.235526 0.371372 0.019283 0.111004
6 0.165281 0.334643 0.018365 0.102842
6 0.176300 0.335460 0.020201 0.104474
6 0.148294 0.335460 0.021119 0.091415
6 0.721269 0.355865 0.005509 0.024486
6 0.726778 0.362394 0.009182 0.040810
6 0.741470 0.368924 0.009182 0.053869
6 0.815387 0.383615 0.015610 0.063664
0 0.829620 0.384432 0.012855 0.055502
6 0.841097 0.386064 0.013773 0.055502
6 0.846607 0.383615 0.013773 0.050605
6 0.825487 0.392594 0.015610 0.075091
6 0.875990 0.401572 0.015610 0.089782
6 0.890223 0.381983 0.014692 0.053869
6 0.901241 0.381983 0.014692 0.053869
6 0.911342 0.385248 0.016528 0.053869
6 0.921442 0.417896 0.027547 0.122430
6 0.945567 0.400130 0.015610 0.052237
6 0.960718 0.389519 0.027547 0.053869
6 0.983673 0.396865 0.018365 0.029383
6 0.855121 0.401762 0.022037 0.088150
6 0.121272 0.359479 0.033974 0.125695
6 0.086838 0.328463 0.029383 0.122430
2 0.588716 0.355631 0.025710 0.032648
2 0.595143 0.372772 0.020201 0.044075
2 0.616722 0.378485 0.052339 0.071826
2 0.440422 0.351550 0.030302 0.047340
2 0.416089 0.358080 0.025710 0.053869
2 0.387799 0.357225 0.055094 0.070193
2 0.675969 0.410278 0.116615 0.137122
2 0.516657 0.410278 0.150589 0.228537
2 0.947982 0.518714 0.101285 0.461971