9 0.085155 0.252124 0.075797 0.038678
8 0.046203 0.354435 0.021757 0.061137
9 0.094629 0.303279 0.044215 0.058641
9 0.405889 0.378141 0.080008 0.026201
9 0.729430 0.378765 0.081412 0.029945
9 0.848741 0.454874 0.029477 0.017468
8 0.359568 0.512891 0.015440 0.026201
8 0.867690 0.522249 0.016844 0.024954
8 0.841020 0.523497 0.011229 0.027449
8 0.651528 0.384379 0.014037 0.028697
8 0.463789 0.336967 0.014738 0.041174
8 0.483090 0.326986 0.016844 0.053651
2 0.911757 0.615716 0.174348 0.324618
2 0.671332 0.632750 0.099965 0.133665
2 0.547571 0.612083 0.051763 0.072366
12 0.572900 0.581423 0.016142 0.037431
6 0.450782 0.592652 0.007720 0.032440
2 0.416393 0.593276 0.059655 0.043669
8 0.592902 0.549607 0.008422 0.016220
8 0.120026 0.059290 0.029477 0.113540