2 0.303925 0.511450 0.006435 0.011441
2 0.391320 0.524390 0.008054 0.024838
2 0.364769 0.516651 0.008776 0.019761
2 0.377640 0.530171 0.026327 0.038482
2 0.466543 0.534203 0.033504 0.048395
2 0.491955 0.533679 0.016263 0.024696
2 0.062833 0.514032 0.050313 0.130318
12 0.019853 0.398704 0.039706 0.384503
2 0.235183 0.523534 0.048869 0.058824
2 0.332826 0.534592 0.067279 0.097766
2 0.413295 0.535439 0.044515 0.068259
12 0.420760 0.501816 0.025396 0.031270
6 0.089072 0.517951 0.005850 0.048883
6 0.115398 0.513790 0.005850 0.042643
6 0.126514 0.513270 0.003510 0.035362
6 0.120663 0.507550 0.004680 0.017681
6 0.134119 0.521591 0.010531 0.056163
6 0.169660 0.518471 0.004680 0.038482
6 0.182823 0.520551 0.011116 0.040562
6 0.158252 0.517431 0.004095 0.036402
6 0.152109 0.518991 0.009361 0.049923
6 0.538914 0.530951 0.006435 0.030162
6 0.564071 0.526271 0.009946 0.027042
6 0.574855 0.525723 0.009283 0.030106
6 0.591966 0.525609 0.015094 0.039669
6 0.605139 0.524188 0.013687 0.043677
6 0.479377 0.540832 0.007020 0.039522
6 0.485228 0.545512 0.005850 0.036402
6 0.533084 0.533552 0.007020 0.039522
8 0.203153 0.353621 0.008190 0.034322
8 0.174487 0.440206 0.005850 0.025482
8 0.213545 0.354262 0.011715 0.040804
8 0.179898 0.437866 0.005265 0.020801
8 0.166442 0.468028 0.011116 0.016641
9 0.127773 0.352039 0.049887 0.021720
9 0.048207 0.393351 0.021061 0.014561
9 0.040894 0.360589 0.006435 0.007280
9 0.040601 0.376710 0.007020 0.008320
8 0.048265 0.438559 0.006435 0.016641
9 0.528189 0.412904 0.031397 0.014561
9 0.572554 0.449307 0.018721 0.014561
9 0.564948 0.462827 0.015211 0.008320
9 0.643935 0.397056 0.014027 0.049428
9 0.321769 0.465948 0.016381 0.006240
8 0.490454 0.401984 0.005850 0.028082
8 0.497474 0.401464 0.007020 0.027042
8 0.621209 0.476348 0.004095 0.022881
8 0.634080 0.471668 0.006435 0.021841
8 0.567094 0.483109 0.004680 0.015601
8 0.574699 0.484149 0.007020 0.013521
8 0.443456 0.472708 0.003510 0.011441
8 0.351216 0.466988 0.003510 0.012481
6 0.521266 0.529391 0.005850 0.035362
6 0.509565 0.530951 0.008190 0.028082
9 0.630521 0.425905 0.010531 0.022881
2 0.298605 0.524896 0.012564 0.029781
2 0.289600 0.527502 0.014658 0.032015
2 0.277874 0.528619 0.017171 0.029781
2 0.266357 0.527502 0.018427 0.034993
12 0.438065 0.502560 0.012564 0.029781
2 0.451194 0.530859 0.012469 0.043169
2 0.442170 0.523567 0.008860 0.029751
2 0.437740 0.514817 0.007875 0.018084