2 0.482459 0.525461 0.358665 0.533898
2 0.874623 0.576030 0.250755 0.580027
9 0.554515 0.177712 0.027458 0.064068
9 0.608572 0.174661 0.058347 0.064068
9 0.769457 0.279915 0.020593 0.015254
9 0.765596 0.230339 0.038612 0.074746
9 0.682794 0.321864 0.012013 0.019831
9 0.773747 0.173898 0.024025 0.038136
9 0.769457 0.237966 0.030032 0.056441
9 0.784473 0.338644 0.017161 0.028983
9 0.683652 0.305847 0.011155 0.015254
9 0.907584 0.291276 0.013691 0.047128
8 0.922032 0.170085 0.018562 0.073220
8 0.944499 0.282966 0.012013 0.042712
8 0.899023 0.282203 0.005148 0.035085
8 0.873710 0.285254 0.009439 0.028983
8 0.929912 0.282966 0.015445 0.051864
8 0.773499 0.053379 0.027819 0.106759
8 0.394918 0.127753 0.012013 0.061777
8 0.410363 0.128898 0.015445 0.061017
8 0.419372 0.152193 0.012871 0.058793
8 0.905628 0.215331 0.035520 0.063036