9 0.392793 0.409886 0.030476 0.075087
9 0.263386 0.400173 0.013044 0.031704
9 0.261751 0.441160 0.023335 0.037096
8 0.245337 0.188251 0.009361 0.056163
8 0.694644 0.414985 0.009361 0.027042
8 0.436058 0.431626 0.007020 0.039522
8 0.708685 0.495070 0.009361 0.016641
9 0.802290 0.396264 0.030422 0.076965
2 0.461789 0.578162 0.138047 0.241521
2 0.675864 0.545282 0.115270 0.083671
2 0.572759 0.548119 0.034302 0.049636
8 0.840903 0.442027 0.021061 0.039522
9 0.702188 0.450975 0.015555 0.035454
9 0.336103 0.382743 0.009361 0.022881
9 0.704004 0.373729 0.018721 0.008320
9 0.710165 0.419066 0.013162 0.009927
2 0.531078 0.530392 0.023533 0.051054
6 0.966564 0.567097 0.014624 0.068405