9 0.787900 0.112969 0.025049 0.028125
2 0.108946 0.198515 0.025049 0.030469
2 0.081907 0.206087 0.036939 0.043452
2 0.382928 0.222115 0.016665 0.016082
2 0.414266 0.218838 0.010306 0.024239
2 0.439396 0.203147 0.015820 0.007859
2 0.537298 0.225075 0.009457 0.032025
2 0.545322 0.225469 0.014502 0.032812
2 0.549934 0.231331 0.018452 0.030462
2 0.571117 0.236694 0.026194 0.041201
2 0.599730 0.240508 0.044215 0.063672
2 0.611900 0.247734 0.047461 0.072656
2 0.623765 0.265312 0.036914 0.075000
2 0.686387 0.262969 0.114697 0.140625
2 0.744417 0.286043 0.141109 0.160102
2 0.829052 0.357353 0.214328 0.207518
2 0.278061 0.208672 0.025071 0.029714
2 0.434580 0.244219 0.048779 0.075000
2 0.505772 0.230156 0.017139 0.018750
2 0.176169 0.202730 0.043480 0.038897
2 0.031822 0.197344 0.063281 0.065625
2 0.938037 0.408832 0.123926 0.284552
2 0.299744 0.209685 0.020451 0.022285
2 0.249191 0.206646 0.017474 0.021610
2 0.558780 0.232308 0.016714 0.037818
9 0.077112 0.020935 0.024311 0.033766
2 0.128774 0.199893 0.021272 0.027013