8 0.582765 0.609287 0.017226 0.059972
8 0.458595 0.789840 0.005742 0.017864
8 0.462686 0.789584 0.003589 0.017864
8 0.568554 0.612221 0.020097 0.063800
8 0.697748 0.794688 0.020097 0.030624
9 0.677651 0.765979 0.031581 0.024244
9 0.489601 0.819570 0.010048 0.006380
9 0.492114 0.809362 0.006460 0.008932
9 0.325453 0.824036 0.007895 0.007656
2 0.311263 0.870227 0.027274 0.038280
2 0.294754 0.875331 0.018661 0.045936
2 0.281476 0.876607 0.023686 0.048488
2 0.264250 0.881711 0.032299 0.053592
2 0.252560 0.890975 0.024098 0.050377
2 0.236010 0.930837 0.014133 0.044660
2 0.401938 0.830033 0.017226 0.014036
2 0.372732 0.854795 0.022735 0.023400
2 0.348874 0.858650 0.020195 0.022781
2 0.424547 0.845983 0.017944 0.020416
12 0.464403 0.848622 0.032973 0.055601
2 0.418022 0.869563 0.034342 0.047263
2 0.495527 0.860502 0.032145 0.044971
6 0.684490 0.908033 0.025839 0.111011
6 0.730067 0.894635 0.022250 0.107183
6 0.742987 0.892083 0.029428 0.107183
2 0.969857 0.913297 0.060286 0.097405
2 0.443330 0.831041 0.011567 0.015600