9 0.959469 0.051834 0.060519 0.058918
9 0.950004 0.186743 0.038323 0.038580
8 0.146255 0.245280 0.020173 0.049953
8 0.105549 0.242718 0.029539 0.062761
8 0.972739 0.323768 0.022846 0.046676
8 0.934805 0.323778 0.028089 0.058373
8 0.133287 0.031380 0.017291 0.062761
2 0.347717 0.444084 0.012968 0.023055
2 0.358164 0.445365 0.013689 0.030740
2 0.377976 0.453050 0.034583 0.056357
2 0.314585 0.464698 0.063421 0.095023
2 0.524592 0.467139 0.084295 0.089658
2 0.604564 0.455611 0.081413 0.112713
2 0.772179 0.499439 0.152951 0.115834
12 0.437209 0.414167 0.095822 0.231831
12 0.558969 0.405201 0.108791 0.162666