2 0.359463 0.456608 0.027688 0.034865
2 0.336920 0.449485 0.026675 0.024742
2 0.337389 0.465979 0.025293 0.024741
2 0.290888 0.470161 0.022301 0.023271
2 0.312564 0.468041 0.022036 0.020619
2 0.264884 0.467888 0.028737 0.045055
2 0.246043 0.472747 0.037331 0.043956
2 0.159877 0.480462 0.062279 0.057831
2 0.459846 0.465852 0.028604 0.047404
2 0.490269 0.484167 0.055023 0.073692
8 0.391430 0.437113 0.005799 0.016495
8 0.502191 0.435052 0.006959 0.016495
9 0.755387 0.204214 0.070773 0.140025
9 0.755097 0.305089 0.035391 0.053477
2 0.433666 0.459819 0.015029 0.021547