2 0.311986 0.416296 0.096414 0.137122
2 0.243578 0.405685 0.044075 0.142019
2 0.637449 0.384827 0.009578 0.012218
2 0.623279 0.386296 0.010622 0.014229
2 0.613377 0.388513 0.009182 0.013059
2 0.601084 0.386849 0.013980 0.022792
2 0.592982 0.395891 0.012468 0.021287
2 0.583075 0.391778 0.012855 0.029383
2 0.571138 0.395042 0.014692 0.032648
2 0.683162 0.390145 0.014692 0.035913
2 0.706220 0.399338 0.017251 0.053878
2 0.723847 0.402066 0.031419 0.064307
2 0.753131 0.404837 0.069785 0.091415
2 0.765518 0.421505 0.061503 0.093991
2 0.526242 0.400871 0.080630 0.116132
2 0.654000 0.387319 0.011656 0.018236
2 0.405857 0.422793 0.175382 0.205683
2 0.832772 0.440125 0.129348 0.148932
2 0.129795 0.495979 0.257104 0.520738
2 0.698993 0.397680 0.017717 0.047247
2 0.690601 0.393950 0.012122 0.043102
2 0.685239 0.394365 0.010724 0.038958