8 0.266123 0.252150 0.011698 0.057189
8 0.608280 0.290276 0.011698 0.046791
8 0.022358 0.279478 0.025221 0.073717
8 0.008286 0.457510 0.012673 0.027728
8 0.821276 0.436714 0.012673 0.031194
8 0.833461 0.437580 0.013647 0.022529
8 0.503001 0.459243 0.007798 0.020796
8 0.385537 0.459243 0.004874 0.017330
8 0.397234 0.482638 0.004874 0.015597
8 0.411369 0.482638 0.007798 0.015597
8 0.456210 0.480039 0.003899 0.013864
9 0.359217 0.471374 0.018521 0.010398
9 0.149146 0.286810 0.070186 0.029461
9 0.024858 0.356522 0.034118 0.019848
9 0.031194 0.380392 0.019496 0.022529
6 0.332409 0.535494 0.009748 0.034660
6 0.239803 0.525096 0.007798 0.020796
6 0.158894 0.534628 0.013647 0.046791
6 0.135986 0.543293 0.018521 0.067587
6 0.112532 0.549797 0.016454 0.070198
6 0.017059 0.536361 0.008773 0.043325
2 0.366268 0.526400 0.034573 0.033801
2 0.617541 0.545026 0.112103 0.091849
2 0.712661 0.550623 0.080087 0.084121
2 0.440613 0.562356 0.255400 0.154236
6 0.983566 0.538969 0.032086 0.133839
6 0.949950 0.543293 0.036068 0.140372
9 0.752403 0.328358 0.030897 0.039770
9 0.675319 0.297464 0.063672 0.027505
9 0.805203 0.266057 0.031218 0.022614
9 0.819021 0.346453 0.024980 0.020506
9 0.536632 0.435847 0.038018 0.022529
2 0.396747 0.515565 0.021446 0.022529