8 0.254180 0.393442 0.010547 0.051884
8 0.623320 0.014062 0.025312 0.028125
8 0.658125 0.017812 0.016875 0.035625
8 0.421348 0.393750 0.009492 0.030000
8 0.265254 0.390937 0.007383 0.031875
8 0.108105 0.471562 0.015820 0.073125
8 0.475664 0.412500 0.008437 0.018750
8 0.469336 0.413437 0.006328 0.016875
8 0.418183 0.424687 0.005273 0.016875
8 0.401836 0.429375 0.006328 0.015000
9 0.884374 0.337006 0.030623 0.021512
9 0.898066 0.275625 0.024258 0.015000
9 0.780827 0.399341 0.009830 0.037568
9 0.781523 0.353437 0.018984 0.016875
9 0.652324 0.360937 0.024258 0.065625
9 0.619101 0.363750 0.025312 0.060000
9 0.454043 0.364687 0.015820 0.035625
9 0.195517 0.405110 0.049315 0.041029
9 0.087012 0.445312 0.017930 0.016875
9 0.102305 0.411562 0.014766 0.013125
9 0.079102 0.490312 0.016875 0.035625
9 0.059062 0.550312 0.018984 0.039375
9 0.059502 0.183266 0.026192 0.032782
9 0.027949 0.169687 0.024258 0.031875
9 0.007910 0.163125 0.015820 0.033750
6 0.912304 0.487500 0.031641 0.131250
6 0.870199 0.525090 0.031477 0.202319
6 0.604336 0.517500 0.012656 0.060000
9 0.228867 0.487500 0.014766 0.037500
9 0.292676 0.505312 0.011602 0.031875
9 0.130254 0.490312 0.013711 0.046875
6 0.624902 0.506250 0.007383 0.030000
2 0.262221 0.347945 0.047199 0.024639
2 0.938537 0.499020 0.122927 0.080442
2 0.539472 0.520312 0.028477 0.035625
2 0.486872 0.533951 0.035704 0.052895
2 0.424973 0.542070 0.039947 0.048359
2 0.378105 0.549375 0.043242 0.048750
2 0.514570 0.522651 0.020232 0.037026
9 0.574162 0.453177 0.007798 0.022529