1 0.948517 0.362982 0.102966 0.721803
6 0.850263 0.430586 0.030422 0.145609
2 0.152350 0.438531 0.087688 0.086614
2 0.380244 0.405864 0.013675 0.021610
12 0.214703 0.423968 0.066489 0.081264
2 0.262888 0.423305 0.035102 0.052003
2 0.286040 0.416581 0.029089 0.053355
2 0.305843 0.416368 0.022727 0.042288
6 0.323779 0.407420 0.013945 0.046332
2 0.349665 0.407214 0.023172 0.028363
1 0.424498 0.395396 0.023931 0.050649
12 0.468976 0.396257 0.030734 0.056177
2 0.445408 0.396950 0.014020 0.036735
2 0.407594 0.403162 0.013675 0.021610
2 0.394679 0.405864 0.012915 0.020259
12 0.669487 0.374422 0.094776 0.133128
12 0.801120 0.367142 0.077225 0.064484
2 0.751392 0.408611 0.139238 0.068912
2 0.853188 0.421225 0.094776 0.097766
2 0.868984 0.359862 0.058504 0.029122
9 0.610984 0.224653 0.022231 0.033282
9 0.612739 0.258976 0.009361 0.027042
9 0.438449 0.362820 0.014263 0.012508
2 0.347386 0.410253 0.016334 0.024987
2 0.364859 0.405526 0.011016 0.019584