2 0.307570 0.488578 0.131760 0.153850
2 0.573443 0.595060 0.300137 0.413940
1 0.838336 0.354596 0.323327 0.546332
2 0.063938 0.499260 0.127877 0.091020
2 0.461824 0.463591 0.023937 0.051360
8 0.408144 0.205133 0.014813 0.060986
8 0.600327 0.262654 0.014034 0.045739
8 0.421984 0.206380 0.012866 0.052390
8 0.397285 0.205826 0.008465 0.051283
8 0.589152 0.264040 0.009876 0.040195
8 0.613581 0.262654 0.010915 0.042967
8 0.153943 0.338563 0.025654 0.038069
9 0.293926 0.155929 0.014034 0.067916
9 0.212064 0.161473 0.014034 0.070688
9 0.155539 0.160087 0.019491 0.065144
9 0.155929 0.223845 0.038982 0.020791
9 0.695054 0.286910 0.019491 0.038809
9 0.632682 0.381160 0.008576 0.030493
6 0.417500 0.461550 0.017932 0.066530
6 0.255724 0.460164 0.014034 0.047125
6 0.232334 0.458085 0.010915 0.042967