8 0.440142 0.319146 0.005799 0.030928
8 0.574258 0.352088 0.007279 0.026708
8 0.526546 0.428424 0.004639 0.018557
8 0.408827 0.434610 0.005799 0.018557
8 0.606572 0.441826 0.009278 0.020619
8 0.248196 0.415022 0.009278 0.016495
9 0.286469 0.353608 0.018557 0.012371
9 0.602513 0.365979 0.015077 0.020619
9 0.606572 0.409278 0.011598 0.012371
9 0.599034 0.420619 0.015077 0.010309
9 0.665142 0.403756 0.017397 0.021944
9 0.239740 0.385696 0.015999 0.014652
9 0.543363 0.455523 0.010438 0.018557
6 0.937717 0.526482 0.027835 0.113402
6 0.914521 0.523389 0.027835 0.123711
6 0.984923 0.531568 0.030155 0.109278
6 0.831224 0.524330 0.031314 0.117526
6 0.752938 0.502680 0.018557 0.090722
6 0.767668 0.506804 0.015077 0.082474
6 0.266034 0.474832 0.014801 0.051574
6 0.297487 0.454227 0.008119 0.018557
6 0.238447 0.463051 0.017616 0.065072
6 0.629536 0.490309 0.011598 0.045361
6 0.606340 0.484124 0.009278 0.028866
6 0.643454 0.493402 0.009278 0.043299
6 0.665490 0.493402 0.011598 0.051546
6 0.652384 0.489985 0.008119 0.047423
6 0.689498 0.503387 0.005799 0.049485
6 0.694137 0.480707 0.010438 0.024742
6 0.593815 0.486598 0.005799 0.020619
6 0.565400 0.487629 0.004639 0.018557
2 0.512436 0.476289 0.033634 0.053608
2 0.452414 0.489832 0.084523 0.139071
2 0.333162 0.494355 0.096820 0.119924
6 0.155412 0.451203 0.009278 0.076289