8 0.540049 0.148125 0.011865 0.079687
8 0.521669 0.143239 0.019622 0.066022
8 0.754436 0.373397 0.015514 0.036956
8 0.548618 0.395390 0.005273 0.021094
8 0.511704 0.388359 0.005273 0.021094
8 0.521592 0.417656 0.006592 0.018750
8 0.540049 0.420000 0.006592 0.023437
8 0.516978 0.389531 0.005273 0.023437
8 0.553892 0.395390 0.005273 0.025781
8 0.250439 0.354641 0.013645 0.036968
9 0.270445 0.336797 0.039551 0.030469
9 0.740157 0.301500 0.037668 0.026061
9 0.763609 0.263215 0.034739 0.016112
9 0.735973 0.253056 0.012888 0.027049
9 0.635744 0.414438 0.018229 0.035751
2 0.456011 0.462411 0.027264 0.066450
2 0.433099 0.472666 0.037907 0.072520
2 0.557058 0.460936 0.009488 0.025622
2 0.566295 0.462489 0.022169 0.036897
2 0.582216 0.470620 0.018469 0.045342
2 0.587510 0.483281 0.019775 0.051562
2 0.603989 0.485625 0.031641 0.070312
2 0.498226 0.462020 0.016710 0.029707
2 0.405388 0.477719 0.064977 0.090811
2 0.655955 0.507838 0.085913 0.100677
2 0.617395 0.498763 0.032541 0.076613
2 0.583095 0.471011 0.018469 0.046124
2 0.573421 0.468665 0.012313 0.035179