8 0.147753 0.404561 0.008795 0.044560
8 0.381065 0.402388 0.013773 0.031016
9 0.463212 0.386791 0.018295 0.009616
8 0.454064 0.390961 0.009182 0.034281
2 0.348310 0.458414 0.026313 0.038130
2 0.324308 0.460066 0.026824 0.050814
2 0.286491 0.476483 0.020668 0.047687
2 0.449352 0.443719 0.016586 0.030628
2 0.456011 0.458502 0.012313 0.049251
2 0.476616 0.462930 0.042970 0.081048
2 0.545295 0.494019 0.120940 0.244428
2 0.385884 0.447375 0.023281 0.030124
2 0.255049 0.478828 0.051889 0.066450
2 0.753163 0.554003 0.432320 0.558283
2 0.015489 0.541143 0.030979 0.115901
2 0.303201 0.474528 0.016270 0.037524