9 0.254572 0.315427 0.015835 0.011517
9 0.250613 0.277678 0.020874 0.012796
2 0.318498 0.381201 0.031410 0.028292
2 0.347395 0.376734 0.028897 0.029781
2 0.373290 0.369840 0.021500 0.038329
2 0.400616 0.364744 0.039015 0.063876
2 0.406633 0.373888 0.024334 0.040470
2 0.424663 0.376734 0.026803 0.065519
2 0.441409 0.380206 0.035166 0.071976
2 0.463605 0.394783 0.036840 0.093452
2 0.509281 0.402034 0.095349 0.150307
2 0.567379 0.433569 0.144851 0.183821
2 0.793445 0.506668 0.411718 0.520806
2 0.294626 0.378223 0.022196 0.044672
2 0.273267 0.390508 0.051512 0.073709
2 0.269466 0.402982 0.038048 0.071855
2 0.222740 0.387590 0.063842 0.079608
9 0.188450 0.288836 0.027332 0.049342
2 0.142878 0.634722 0.284316 0.624394