8 0.137607 0.422741 0.019491 0.036037
8 0.520413 0.433829 0.010135 0.027721
8 0.467397 0.488578 0.007017 0.012474
8 0.446737 0.509368 0.004678 0.012474
8 0.348891 0.505210 0.008576 0.020791
2 0.198390 0.595923 0.192513 0.254886
2 0.420082 0.548760 0.040970 0.067847
2 0.370140 0.555082 0.033128 0.048562
2 0.300322 0.560543 0.029310 0.051501
1 0.424847 0.520928 0.040421 0.071630
2 0.348806 0.554248 0.018521 0.046894
12 0.327061 0.539168 0.027288 0.058214
12 0.370332 0.522536 0.024949 0.016632
6 0.818838 0.521821 0.029184 0.131703
6 0.788906 0.535228 0.034047 0.124844
6 0.560565 0.531545 0.009356 0.048511
6 0.583954 0.533624 0.014034 0.049897
6 0.597988 0.535703 0.012474 0.048511
6 0.632682 0.537089 0.016373 0.056827
9 0.517685 0.399872 0.018711 0.034651