1 0.413161 0.544506 0.015302 0.035705
1 0.388773 0.536005 0.033474 0.052708
1 0.264921 0.524103 0.009564 0.086713
1 0.149197 0.517531 0.219970 0.171812
1 0.021519 0.479896 0.043038 0.246537
1 0.320870 0.519002 0.104247 0.120718
2 0.549926 0.549607 0.045907 0.061209
2 0.662302 0.536005 0.065991 0.040806
2 0.698166 0.534304 0.042081 0.051008
2 0.757941 0.533693 0.092770 0.069234
1 0.433963 0.548757 0.025823 0.022103
2 0.487282 0.542806 0.085119 0.108816
9 0.704981 0.346427 0.030844 0.025504
9 0.685016 0.401685 0.015302 0.047607
6 0.817476 0.534395 0.037299 0.149441