2 0.318339 0.559020 0.071612 0.054915
2 0.408886 0.570809 0.047611 0.067948
2 0.475579 0.564744 0.046173 0.075518
2 0.583854 0.592780 0.058639 0.073621
2 0.554604 0.572385 0.020455 0.025134
2 0.445991 0.569698 0.018019 0.024407
9 0.825250 0.347749 0.036896 0.096102
8 0.636050 0.372918 0.008581 0.033559
8 0.700403 0.461393 0.010297 0.036610
8 0.589286 0.389698 0.006006 0.030508
8 0.594863 0.390461 0.008581 0.035085
8 0.409953 0.439274 0.006006 0.025932
8 0.413814 0.441562 0.006864 0.027458
8 0.625753 0.501817 0.006864 0.025932
8 0.733009 0.482749 0.013729 0.030508
9 0.668656 0.390207 0.060064 0.022375
8 0.634763 0.524698 0.009439 0.016780
9 0.373279 0.477844 0.011598 0.049471
9 0.357612 0.501054 0.007722 0.015254
9 0.534800 0.544528 0.012013 0.022881
2 0.020762 0.548342 0.041186 0.076271
2 0.986271 0.531755 0.027458 0.062542