6 0.224546 0.660782 0.063581 0.253791
8 0.293369 0.560953 0.006886 0.026908
2 0.314827 0.602198 0.011412 0.021459
2 0.304322 0.601066 0.009597 0.019194
2 0.294125 0.600000 0.017995 0.029858
2 0.281529 0.607464 0.023993 0.036256
2 0.267133 0.609597 0.031191 0.061848
2 0.192155 0.638388 0.068380 0.123697
2 0.153297 0.661520 0.088514 0.137148
2 0.072985 0.690174 0.145969 0.224864
2 0.342963 0.601994 0.010130 0.020581
2 0.353443 0.602740 0.016665 0.026807
2 0.365048 0.609189 0.015884 0.028540
12 0.404513 0.576046 0.065939 0.135506
2 0.538253 0.585071 0.117565 0.076777
2 0.650419 0.663230 0.176348 0.193444
2 0.487268 0.692772 0.202740 0.270853