2 0.512157 0.269030 0.020264 0.033079
2 0.301178 0.307753 0.040070 0.056224
2 0.229035 0.310126 0.035127 0.059072
2 0.375456 0.299768 0.015723 0.046624
2 0.427405 0.263797 0.011392 0.018565
2 0.844257 0.299890 0.044270 0.053620
2 0.883984 0.301186 0.050374 0.052837
2 0.925158 0.331083 0.029430 0.035443
2 0.523378 0.292757 0.035997 0.053305
2 0.459778 0.315780 0.067025 0.104979
2 0.622295 0.333513 0.120599 0.143944
2 0.341772 0.300844 0.051266 0.070886
8 0.384494 0.205738 0.011392 0.052321
8 0.751329 0.199831 0.005696 0.030380
8 0.368091 0.207890 0.013145 0.056623
9 0.680696 0.207595 0.013291 0.018565
9 0.699906 0.241485 0.019432 0.025047
9 0.467088 0.243038 0.011392 0.030380
8 0.742405 0.200169 0.009494 0.033755
9 0.385768 0.170900 0.015461 0.016006
9 0.366178 0.163000 0.017644 0.018304
12 0.598776 0.251284 0.057514 0.084917
6 0.013999 0.294120 0.027998 0.133938