8 0.049620 0.111797 0.022412 0.049219
8 0.352183 0.292265 0.021094 0.030469
8 0.757578 0.282890 0.011865 0.025781
9 0.210494 0.140273 0.083994 0.032579
9 0.346910 0.138750 0.029004 0.018750
9 0.335044 0.204375 0.031641 0.023437
9 0.334385 0.236015 0.032959 0.035156
9 0.800340 0.235046 0.023561 0.068146
9 0.048301 0.341484 0.022412 0.011719
9 0.064781 0.361406 0.015820 0.009375
6 0.778672 0.341484 0.017139 0.030469
6 0.735825 0.335625 0.021094 0.046875
6 0.672544 0.359062 0.018457 0.060937
6 0.642222 0.371953 0.023730 0.063281
6 0.659361 0.369609 0.015820 0.049219
6 0.241441 0.393047 0.007910 0.035156
6 0.232872 0.388359 0.009229 0.030469
6 0.521592 0.423515 0.038232 0.142969
6 0.465562 0.417656 0.021094 0.145312
6 0.443809 0.422343 0.025049 0.140625
6 0.413487 0.403593 0.022412 0.103125
6 0.152452 0.409453 0.035596 0.152344
6 0.972974 0.434045 0.054053 0.325781
2 0.179478 0.393047 0.026367 0.035156
2 0.161972 0.399663 0.015086 0.029640
2 0.130699 0.396562 0.015820 0.023437
2 0.100715 0.400116 0.029681 0.030545
2 0.901938 0.408281 0.142383 0.126562
2 0.747031 0.430547 0.233349 0.138281
6 0.352183 0.405937 0.018457 0.089062