2 0.434014 0.291715 0.013155 0.023386
2 0.443581 0.290652 0.015546 0.025512
2 0.453746 0.293841 0.014350 0.023386
2 0.463313 0.294904 0.014350 0.025512
2 0.475869 0.298093 0.015546 0.031890
2 0.491416 0.302345 0.020330 0.040394
2 0.506364 0.306597 0.023917 0.040394
2 0.543436 0.300219 0.071752 0.087165
2 0.647476 0.325731 0.102845 0.146693
2 0.755702 0.344865 0.206885 0.244488
2 0.915564 0.436055 0.164773 0.265293
2 0.417614 0.301282 0.032288 0.046772
2 0.398480 0.292778 0.015546 0.021260
2 0.386521 0.291715 0.015546 0.027638
2 0.372171 0.292778 0.020330 0.029764
2 0.348851 0.301282 0.014350 0.025512
2 0.336295 0.299156 0.013155 0.025512
2 0.323140 0.302345 0.015546 0.031890
2 0.309986 0.301282 0.017938 0.038268
2 0.291160 0.306957 0.032904 0.041905
2 0.249594 0.311912 0.040659 0.059528
2 0.215512 0.323605 0.053814 0.061654
2 0.070471 0.356558 0.099257 0.123307
2 0.023917 0.353384 0.047835 0.144567
8 0.453451 0.253723 0.009567 0.023386
8 0.384689 0.267542 0.010763 0.017008
9 0.482750 0.253723 0.010763 0.023386
9 0.606522 0.182503 0.014350 0.034016
2 0.160411 0.302315 0.047835 0.038268