1 0.297290 0.535546 0.067236 0.133594
2 0.228763 0.577419 0.025105 0.059223
2 0.191947 0.571800 0.048527 0.098586
2 0.139701 0.588942 0.095012 0.109134
2 0.406054 0.516796 0.015820 0.021094
2 0.433081 0.527343 0.017139 0.025781
2 0.440991 0.539062 0.011865 0.025781
2 0.457470 0.549609 0.031641 0.037500
2 0.475268 0.553125 0.022412 0.049219
2 0.482519 0.561328 0.034277 0.065625
2 0.511523 0.567187 0.044824 0.096094
2 0.547119 0.571875 0.079102 0.114844
2 0.401884 0.564858 0.050119 0.062701
8 0.357934 0.483984 0.009229 0.018750
8 0.411987 0.472265 0.009229 0.023437
8 0.407373 0.268359 0.021094 0.070312
8 0.425830 0.268359 0.013184 0.070312
8 0.636767 0.454687 0.015820 0.035156
8 0.625561 0.458203 0.011865 0.028125
9 0.613696 0.301172 0.022412 0.037500
9 0.629516 0.386718 0.022412 0.021094
9 0.614355 0.404297 0.029004 0.023437
9 0.620288 0.428906 0.017139 0.030469
6 0.663357 0.560156 0.028559 0.119531
2 0.922217 0.558984 0.155566 0.131250
9 0.006592 0.420703 0.013184 0.028125