2 0.573431 0.289169 0.019501 0.016314
2 0.554504 0.289169 0.016059 0.020393
2 0.549342 0.294267 0.026383 0.026511
2 0.530415 0.302424 0.032119 0.026511
2 0.505179 0.308542 0.027530 0.038746
2 0.604403 0.292228 0.010324 0.014275
2 0.587196 0.293248 0.008030 0.016314
2 0.595800 0.295287 0.011471 0.020393
2 0.616447 0.294267 0.016059 0.022432
2 0.629065 0.299366 0.027530 0.024471
2 0.592129 0.321492 0.024777 0.040174
2 0.338346 0.316046 0.082683 0.104085
2 0.641152 0.369815 0.075430 0.115240
2 0.091385 0.324924 0.182770 0.208006
2 0.895497 0.492145 0.206477 0.362991
2 0.489694 0.311601 0.033266 0.040785