8 0.454426 0.447632 0.007993 0.035526
8 0.339021 0.558651 0.016986 0.019539
8 0.470912 0.449408 0.010991 0.046184
8 0.256589 0.477829 0.015987 0.046184
9 0.252093 0.515132 0.020983 0.021316
9 0.353009 0.527566 0.020983 0.010658
9 0.335024 0.539112 0.026978 0.012434
9 0.778659 0.464507 0.016986 0.026645
9 0.782156 0.504474 0.027977 0.028421
9 0.754179 0.481382 0.033972 0.017763
8 0.234343 0.538224 0.020510 0.028421
6 0.852598 0.610164 0.022981 0.065724
6 0.828618 0.592401 0.022981 0.033750
6 0.796644 0.593289 0.014988 0.014211
6 0.771704 0.597477 0.007993 0.012434
6 0.739730 0.595700 0.011990 0.008882
2 0.461360 0.626818 0.051025 0.062503
2 0.391245 0.631766 0.101811 0.162035
2 0.689647 0.624009 0.034422 0.062056
2 0.795618 0.702477 0.191842 0.213158
1 0.571802 0.526622 0.187845 0.255789
2 0.309518 0.662244 0.166863 0.236782
2 0.611270 0.762872 0.298754 0.394342
2 0.117920 0.739666 0.235840 0.520668
2 0.188928 0.631883 0.049110 0.053308