2 0.512696 0.495849 0.013689 0.030754
2 0.533954 0.501732 0.022721 0.029764
2 0.609892 0.509173 0.011959 0.027638
2 0.625438 0.511299 0.023917 0.031890
2 0.646097 0.518374 0.026968 0.039001
2 0.666744 0.522158 0.025016 0.040851
2 0.694965 0.524671 0.045110 0.058632
2 0.707670 0.528416 0.035311 0.057185
2 0.757769 0.529108 0.080499 0.097270
2 0.576721 0.531071 0.069509 0.095244
2 0.487555 0.511087 0.044247 0.063780
2 0.320133 0.517465 0.072948 0.085039
2 0.276878 0.535444 0.094066 0.078844
2 0.951658 0.571393 0.096683 0.179940
2 0.545999 0.517878 0.018708 0.060815