2 0.413576 0.591289 0.051451 0.094872
12 0.845564 0.532745 0.308871 0.903320
12 0.538555 0.560620 0.123289 0.225033
2 0.222851 0.566812 0.151235 0.246251
12 0.340479 0.551238 0.063215 0.123762
12 0.375287 0.560485 0.011203 0.076818
12 0.464107 0.565464 0.041610 0.101001
3 0.123228 0.617387 0.120028 0.048367
3 0.138832 0.603873 0.130430 0.075395
0 0.307271 0.612408 0.025606 0.055479
0 0.314073 0.610986 0.032808 0.066860
2 0.321274 0.588225 0.037609 0.075395
9 0.554928 0.429610 0.016804 0.054057
8 0.458906 0.506428 0.005601 0.014226
2 0.383662 0.581219 0.012510 0.022241