8 0.421692 0.424665 0.006278 0.023386
8 0.428120 0.424665 0.007175 0.023386
8 0.489707 0.437421 0.010763 0.023386
9 0.608696 0.407658 0.021526 0.048898
9 0.536047 0.463996 0.011959 0.008504
9 0.530068 0.473563 0.009567 0.006378
9 0.592253 0.488445 0.007175 0.019134
9 0.549202 0.451240 0.011959 0.008504
2 0.383574 0.527776 0.017938 0.034016
2 0.368327 0.530965 0.019134 0.044646
2 0.317503 0.513957 0.025113 0.014882
2 0.345605 0.535217 0.038268 0.057402
2 0.313915 0.549294 0.037072 0.055793
2 0.267276 0.544516 0.068164 0.101511
12 0.192535 0.573226 0.093278 0.116413
2 0.096865 0.600019 0.141112 0.165747
2 0.513027 0.504390 0.014350 0.021260
2 0.526779 0.517146 0.022721 0.046772
2 0.545514 0.523981 0.038666 0.064694
2 0.562057 0.533091 0.043051 0.057402
2 0.637115 0.546910 0.127325 0.165827
2 0.689417 0.598907 0.151875 0.193642
2 0.454686 0.571434 0.137525 0.214724
2 0.018536 0.628850 0.037072 0.174846
2 0.846929 0.693921 0.306142 0.395433