2 0.162293 0.547194 0.057685 0.058163
2 0.292196 0.530357 0.032062 0.036735
2 0.363760 0.528827 0.100733 0.168367
2 0.596222 0.514286 0.014636 0.035204
2 0.484726 0.629847 0.275510 0.364286
2 0.065434 0.649745 0.130867 0.385714
8 0.604401 0.467985 0.010332 0.016837
8 0.470950 0.435842 0.005166 0.016837
8 0.588042 0.471046 0.006888 0.010714
8 0.427041 0.428954 0.005166 0.018367
8 0.520026 0.426658 0.003444 0.013776
9 0.545855 0.432781 0.025829 0.007653
9 0.587181 0.457271 0.008610 0.007653
9 0.652615 0.414413 0.008610 0.010714
2 0.681429 0.491937 0.018171 0.045334