2 0.008621 0.605107 0.017243 0.075270
2 0.006573 0.669798 0.013146 0.043705
2 0.126506 0.597129 0.057363 0.055845
2 0.172942 0.600771 0.068289 0.077698
2 0.246808 0.589531 0.063052 0.040650
2 0.226208 0.571635 0.043705 0.043705
2 0.265143 0.573066 0.045092 0.031999
2 0.324544 0.571635 0.016389 0.029137
2 0.576626 0.569061 0.034334 0.057983
2 0.514388 0.570421 0.030047 0.055845
2 0.496633 0.564350 0.019121 0.048561
2 0.534192 0.544926 0.017755 0.009712
9 0.202990 0.506077 0.032779 0.033993
9 0.523949 0.503649 0.021853 0.009712
2 0.410589 0.647866 0.193941 0.298147
2 0.727409 0.656288 0.263520 0.289682
2 0.539421 0.589013 0.061805 0.082058