2 0.361877 0.621820 0.083074 0.099168
2 0.458255 0.567096 0.040329 0.055151
2 0.419545 0.586279 0.053278 0.069538
2 0.823848 0.459666 0.172647 0.221140
2 0.731455 0.474778 0.048557 0.119893
2 0.689305 0.456195 0.034394 0.056350
2 0.645199 0.466707 0.017669 0.031815
2 0.545320 0.508948 0.028325 0.034769
2 0.625574 0.481372 0.013488 0.022780
2 0.580254 0.487966 0.018883 0.026377
2 0.560697 0.489765 0.020232 0.029973
2 0.506070 0.530529 0.036418 0.039565
6 0.964915 0.335190 0.041658 0.191830
6 0.898901 0.337587 0.024278 0.076732
6 0.217098 0.658554 0.021123 0.082058