9 0.628751 0.402921 0.009748 0.019063
9 0.716971 0.377792 0.010723 0.027728
8 0.463521 0.427182 0.004874 0.015597
2 0.854091 0.449235 0.290812 0.787204
2 0.059951 0.528562 0.084808 0.055456
2 0.285619 0.483505 0.021446 0.024262
2 0.305115 0.475706 0.013647 0.025995
2 0.521522 0.469913 0.035093 0.056001
2 0.553203 0.463826 0.026320 0.040360
2 0.396747 0.465559 0.031194 0.036894
2 0.450849 0.449711 0.016572 0.025995
2 0.366040 0.461842 0.026320 0.022529
2 0.421117 0.457510 0.019496 0.020796
2 0.497639 0.448845 0.016572 0.031194