9 0.038505 0.216624 0.030219 0.048524
9 0.259299 0.137773 0.091632 0.032927
9 0.017547 0.161168 0.023395 0.031194
9 0.011698 0.145571 0.021446 0.020796
8 0.334359 0.168100 0.017547 0.072786
8 0.301333 0.418518 0.013882 0.025995
8 0.006981 0.324936 0.013963 0.060655
8 0.320712 0.377792 0.009748 0.041592
8 0.761325 0.334467 0.009748 0.045058
9 0.783258 0.365661 0.018521 0.013864
9 0.771073 0.407253 0.025345 0.017330
8 0.784898 0.441046 0.009392 0.019063
6 0.876352 0.621278 0.074085 0.275546
6 0.977225 0.581077 0.045549 0.213158
6 0.166205 0.566688 0.061413 0.259949
6 0.103817 0.541560 0.051665 0.202760
6 0.260274 0.503434 0.021446 0.095315
6 0.296342 0.506034 0.011698 0.079718
6 0.278308 0.509500 0.020471 0.079718
6 0.426478 0.527696 0.028269 0.161168
6 0.664332 0.511233 0.014622 0.058922
6 0.684315 0.507767 0.011698 0.062388
6 0.698450 0.525963 0.018521 0.077985
6 0.724770 0.524230 0.016572 0.077985
6 0.746703 0.528562 0.009748 0.072786
6 0.738417 0.529429 0.006824 0.071053
6 0.728181 0.482638 0.009748 0.022529
6 0.839310 0.522497 0.015597 0.081451
6 0.859293 0.525096 0.014622 0.086650
6 0.896336 0.529429 0.012673 0.091849
6 0.916807 0.530295 0.012673 0.083184
6 0.931429 0.527696 0.018521 0.091849
6 0.945076 0.531162 0.014622 0.081451
2 0.036068 0.499102 0.072136 0.090116
2 0.580498 0.690943 0.416243 0.359421
2 0.566363 0.507767 0.079934 0.031194
2 0.598045 0.498235 0.038018 0.036393
2 0.512262 0.497369 0.018521 0.020796
2 0.501539 0.490437 0.016572 0.020796
2 0.423554 0.524282 0.193987 0.105817
8 0.775483 0.443088 0.011155 0.021356
8 0.314281 0.421732 0.008581 0.024407