2 0.463202 0.543368 0.012054 0.019898
2 0.454592 0.545664 0.018941 0.024490
2 0.440817 0.547194 0.015497 0.021429
2 0.428332 0.544898 0.014636 0.019898
2 0.420153 0.545664 0.010332 0.021429
2 0.413696 0.545664 0.012915 0.024490
2 0.408100 0.546429 0.013776 0.026020
2 0.401642 0.551786 0.014636 0.027551
2 0.392602 0.554082 0.017219 0.035204
2 0.385714 0.556378 0.015497 0.033673
2 0.367204 0.553317 0.031856 0.064286
2 0.359024 0.561735 0.025829 0.059694
2 0.343957 0.564796 0.033578 0.065816
2 0.326308 0.573215 0.030995 0.067347
2 0.288425 0.575510 0.060268 0.096429
2 0.232031 0.597704 0.107621 0.113265
2 0.475255 0.544133 0.020663 0.030612
2 0.484726 0.551021 0.018941 0.038265
2 0.504528 0.554082 0.041327 0.062755
2 0.510125 0.567857 0.026690 0.065816
2 0.538106 0.570919 0.058546 0.090306
2 0.563505 0.586990 0.076626 0.101020
2 0.925110 0.601677 0.149189 0.169085
9 0.679162 0.371174 0.033578 0.019898
9 0.650319 0.356633 0.010332 0.018367
9 0.659359 0.394898 0.042188 0.024490
9 0.663664 0.433929 0.023246 0.029082
9 0.522035 0.489031 0.008610 0.010714
9 0.262022 0.476021 0.006888 0.018367
9 0.158705 0.445408 0.013776 0.030612
9 0.150096 0.450766 0.037883 0.065816