2 0.730888 0.428373 0.184261 0.208623
2 0.635767 0.407214 0.092082 0.134112
2 0.058931 0.387616 0.116838 0.153837
2 0.119597 0.407974 0.187560 0.185442
2 0.215171 0.371565 0.065773 0.091363
2 0.250449 0.378757 0.050226 0.054725
2 0.277356 0.368167 0.041855 0.067560
2 0.310840 0.368403 0.025113 0.051024
2 0.416076 0.404545 0.120783 0.170079
2 0.588281 0.400379 0.053814 0.094931
2 0.561374 0.392244 0.045443 0.070157
2 0.541642 0.379488 0.039464 0.074409
2 0.521910 0.376299 0.019134 0.051024
2 0.508158 0.373110 0.010763 0.044646
2 0.499189 0.372047 0.009567 0.042520
2 0.476467 0.358228 0.014350 0.023386
8 0.456736 0.266356 0.005979 0.021260
8 0.462715 0.268178 0.005979 0.021260
9 0.486034 0.270304 0.035876 0.017008
8 0.282737 0.291108 0.009567 0.023386
8 0.274964 0.313431 0.010763 0.008504
12 0.399334 0.321783 0.063381 0.118751
8 0.365252 0.357773 0.021526 0.025512
2 0.531477 0.322087 0.011959 0.023386
2 0.451408 0.340751 0.029729 0.044506