8 0.518656 0.348795 0.008004 0.030237
8 0.462128 0.352352 0.009004 0.030237
8 0.591192 0.424387 0.011005 0.032016
8 0.472634 0.403933 0.008004 0.019565
8 0.642718 0.432391 0.012006 0.019565
8 0.539667 0.446621 0.008004 0.016008
8 0.442118 0.437727 0.009004 0.016008
8 0.389092 0.419051 0.013006 0.028459
2 0.472233 0.462747 0.016008 0.030237
2 0.460728 0.470751 0.019009 0.024901
2 0.487241 0.471640 0.020010 0.023123
2 0.502248 0.468972 0.008004 0.014229
2 0.506750 0.470751 0.011005 0.017787
2 0.523759 0.476087 0.011005 0.017787
2 0.533209 0.477866 0.017900 0.021344
2 0.439717 0.473419 0.007003 0.023123
2 0.433214 0.473419 0.010005 0.023123
2 0.421708 0.473419 0.017008 0.033794
2 0.413704 0.477866 0.017008 0.028459
2 0.392694 0.476976 0.035017 0.051581
2 0.376686 0.481423 0.035017 0.049802
2 0.339668 0.479644 0.063031 0.081818
2 0.303150 0.494763 0.062031 0.083597
2 0.245621 0.497431 0.099049 0.117391
2 0.116558 0.523221 0.207102 0.154743
2 0.573683 0.484862 0.032016 0.046245
2 0.586690 0.491087 0.024012 0.048024
2 0.606200 0.491976 0.043021 0.064032
2 0.649451 0.508412 0.065493 0.073848
2 0.818715 0.535554 0.172896 0.183202
9 0.108354 0.329051 0.023011 0.039130