9 0.048645 0.477551 0.033578 0.065816
9 0.169181 0.506633 0.016358 0.013776
9 0.254417 0.407143 0.014636 0.029082
9 0.256999 0.546429 0.019802 0.035204
9 0.624634 0.430868 0.018080 0.036735
9 0.450718 0.472959 0.012915 0.038265
9 0.394755 0.422449 0.016358 0.026020
8 0.388728 0.489031 0.004305 0.012245
8 0.408961 0.489031 0.005166 0.012245
2 0.587181 0.526531 0.029273 0.059694
2 0.071030 0.619556 0.142060 0.387930
9 0.921238 0.280102 0.030134 0.071939
2 0.401212 0.519643 0.008610 0.015306
2 0.391311 0.518878 0.009471 0.019898