8 0.429728 0.188276 0.010072 0.036885
8 0.462925 0.259453 0.007910 0.021094
8 0.511045 0.270000 0.006592 0.023437
9 0.443150 0.266484 0.018457 0.011719
9 0.441831 0.286406 0.007910 0.018750
9 0.401621 0.236015 0.017139 0.025781
9 0.538072 0.268828 0.013184 0.021094
9 0.340318 0.196172 0.013184 0.011719
9 0.160362 0.175078 0.022412 0.044531
9 0.753623 0.018984 0.172705 0.037969
2 0.502476 0.326250 0.023730 0.042187
2 0.436868 0.325316 0.026987 0.035633
2 0.389097 0.342656 0.081738 0.121875
12 0.540608 0.311492 0.015620 0.050173
12 0.623106 0.260625 0.143701 0.210937
2 0.805713 0.361329 0.108135 0.126508
12 0.799107 0.279375 0.208301 0.117187
2 0.471494 0.373125 0.088330 0.126562
2 0.241772 0.384226 0.112717 0.123111
2 0.674522 0.413847 0.301904 0.376757
2 0.929624 0.357890 0.139746 0.274219