9 0.181814 0.081061 0.058502 0.081571
9 0.309141 0.087179 0.164034 0.093807
9 0.399762 0.116748 0.017206 0.038746
9 0.440483 0.118788 0.039001 0.067296
9 0.398041 0.256439 0.008030 0.018353
9 0.326348 0.259498 0.009177 0.012236
9 0.659736 0.107062 0.016059 0.055060
9 0.690134 0.101964 0.024089 0.040785
8 0.704940 0.154921 0.036707 0.050982
8 0.181293 0.061389 0.024089 0.034118
8 0.412432 0.016792 0.022942 0.033584
8 0.278170 0.238085 0.005735 0.020393
8 0.241463 0.232987 0.008030 0.018353
8 0.218521 0.224830 0.010324 0.026511
8 0.174358 0.198319 0.006883 0.018353
8 0.167475 0.214634 0.006883 0.018353
2 0.297945 0.278157 0.023721 0.036707
2 0.220353 0.328396 0.135594 0.172786
2 0.025746 0.342879 0.051492 0.168206
2 0.058794 0.284479 0.045614 0.042825
2 0.733049 0.294854 0.068846 0.066759