9 0.668902 0.600116 0.021061 0.052003
9 0.326072 0.643799 0.011701 0.039522
9 0.295650 0.646919 0.011701 0.016641
9 0.402711 0.657319 0.010531 0.012481
9 0.403881 0.673960 0.010531 0.016641
2 0.427283 0.717643 0.015211 0.020801
2 0.413827 0.718683 0.014041 0.027042
2 0.403296 0.717643 0.011701 0.020801
2 0.390426 0.720763 0.014041 0.027042
2 0.375800 0.725964 0.019891 0.024961
2 0.361174 0.728044 0.014041 0.029122
2 0.337772 0.728044 0.014041 0.033282
2 0.323147 0.731164 0.024571 0.043683
2 0.299745 0.734284 0.031592 0.045763
2 0.279269 0.742605 0.025742 0.054083
2 0.249060 0.751396 0.068291 0.088307
2 0.164602 0.758205 0.117007 0.135208
2 0.057893 0.789986 0.115786 0.197497
2 0.502015 0.729994 0.137202 0.216593
2 0.762118 0.717486 0.183311 0.245140
2 0.877175 0.756435 0.243375 0.331359
8 0.586997 0.666680 0.014041 0.022881
9 0.371704 0.698922 0.011701 0.020801