2 0.497630 0.591164 0.021444 0.061066
2 0.473663 0.574086 0.013876 0.035880
2 0.418161 0.579692 0.011353 0.065033
12 0.442758 0.594672 0.047934 0.093378
0 0.947150 0.693087 0.064354 0.080847
9 0.303371 0.376744 0.044150 0.035880
9 0.304633 0.439535 0.026490 0.062791
9 0.383471 0.253405 0.010091 0.089701
9 0.316616 0.621179 0.027751 0.044850
9 0.289496 0.563995 0.021444 0.069518
9 0.153262 0.618936 0.008830 0.022425
9 0.943037 0.429443 0.040365 0.024668
9 0.722919 0.466445 0.023967 0.049336
9 0.602454 0.525872 0.010091 0.029153
6 0.378937 0.599491 0.049767 0.186102
6 0.514938 0.609189 0.042044 0.178475
6 0.954873 0.658765 0.031748 0.125085
6 0.849046 0.649406 0.027743 0.119396
6 0.813723 0.633838 0.025742 0.138329
6 0.763956 0.646562 0.027458 0.118983
6 0.700460 0.628257 0.017161 0.091525
6 0.676006 0.624443 0.023167 0.102203
8 0.537783 0.140339 0.019735 0.093051
8 0.505177 0.144915 0.023167 0.117458
8 0.322413 0.294407 0.012871 0.032034
8 0.933345 0.378305 0.022309 0.074746
8 0.917900 0.530847 0.022309 0.035085
6 0.225831 0.614118 0.030765 0.137647
9 0.915271 0.256765 0.043180 0.021176