2 0.070674 0.541547 0.141347 0.424556
2 0.852629 0.532028 0.293736 0.568421
2 0.180827 0.514370 0.203735 0.300884
2 0.291955 0.493110 0.096506 0.195977
2 0.336796 0.498235 0.030219 0.088383
2 0.366040 0.492170 0.043866 0.062388
2 0.393335 0.484371 0.018521 0.043325
2 0.408719 0.477439 0.028696 0.039859
2 0.423067 0.468774 0.023395 0.036393
2 0.597352 0.523056 0.105691 0.125390
2 0.689372 0.488518 0.076401 0.096677
2 0.539069 0.493036 0.060438 0.081451
2 0.509337 0.480039 0.030219 0.038126
2 0.490816 0.477439 0.024370 0.050257
2 0.476194 0.474840 0.012673 0.041592
2 0.452191 0.471488 0.012517 0.025035
8 0.460109 0.434114 0.007798 0.029461