8 0.464254 0.401571 0.009137 0.023463
8 0.413494 0.411497 0.011167 0.021658
9 0.543948 0.406985 0.016243 0.030682
9 0.162738 0.363670 0.023350 0.019853
9 0.130251 0.334793 0.031471 0.016243
2 0.400456 0.456618 0.023670 0.032487
2 0.367682 0.465386 0.029696 0.042803
2 0.330755 0.466544 0.028426 0.048730
2 0.302836 0.473449 0.027411 0.051711
2 0.242432 0.477505 0.093399 0.110358
2 0.476437 0.453911 0.017259 0.030682
2 0.492173 0.458423 0.012182 0.043316
2 0.506893 0.455715 0.021319 0.052340
2 0.518060 0.476471 0.019289 0.057754
2 0.538872 0.481885 0.020304 0.061364
2 0.572275 0.485753 0.058684 0.089725
8 0.437107 0.435921 0.005360 0.019059
8 0.459442 0.432744 0.005360 0.019059