2 0.219763 0.519921 0.049584 0.047340
2 0.283798 0.524119 0.019283 0.037545
2 0.304684 0.530076 0.024325 0.061544
2 0.257966 0.525751 0.043401 0.066929
2 0.597111 0.522720 0.077131 0.102842
2 0.689232 0.485088 0.065730 0.041108
2 0.817975 0.477075 0.064276 0.050605
2 0.869953 0.487686 0.078245 0.052237
2 0.671157 0.546226 0.126914 0.120344
9 0.481676 0.364493 0.064276 0.035913
1 0.382976 0.472184 0.136864 0.285118
2 0.088150 0.632629 0.176300 0.295242
8 0.108110 0.439444 0.011019 0.022854
8 0.485349 0.462904 0.005509 0.016324
8 0.308743 0.449238 0.008264 0.035913
2 0.457054 0.506335 0.020183 0.030445
2 0.489220 0.504568 0.023967 0.022425
2 0.540308 0.502702 0.025228 0.032149
2 0.465881 0.506259 0.019558 0.038943