9 0.555373 0.262373 0.031748 0.028983
9 0.381189 0.255508 0.072934 0.057966
9 0.497026 0.412627 0.011155 0.012203
9 0.521480 0.414152 0.027458 0.006102
2 0.462275 0.440847 0.007722 0.013729
2 0.449833 0.440847 0.012013 0.019831
2 0.381054 0.424520 0.035510 0.059054
2 0.422804 0.440890 0.045477 0.061196
2 0.320758 0.440693 0.084492 0.123831
2 0.094600 0.447712 0.188771 0.356949
9 0.542481 0.409853 0.008773 0.015597
9 0.541993 0.427182 0.011698 0.012131
2 0.477341 0.439074 0.020487 0.031565
2 0.526510 0.441502 0.017755 0.026709
9 0.222623 0.390918 0.016389 0.029137
9 0.243792 0.394560 0.017755 0.026709
2 0.560573 0.443121 0.036713 0.036421
9 0.510462 0.219037 0.036876 0.020829
9 0.492706 0.259802 0.072387 0.070414