2 0.554164 0.623103 0.026060 0.108453
2 0.610910 0.619167 0.034613 0.070044
2 0.637992 0.621757 0.061460 0.114119
2 0.812658 0.593140 0.367703 0.431501
2 0.416735 0.629875 0.269059 0.409235
6 0.240378 0.615513 0.008195 0.065558
6 0.231500 0.615513 0.006829 0.080126
6 0.220574 0.615513 0.009560 0.084982
6 0.254036 0.616727 0.013658 0.082554
6 0.265508 0.621340 0.016389 0.089838
6 0.193122 0.616484 0.019121 0.080126
6 0.068835 0.652905 0.038242 0.235522
6 0.094102 0.652420 0.045071 0.258831
6 0.006009 0.619471 0.010926 0.146315
9 0.045071 0.295616 0.062826 0.041277
9 0.040974 0.254339 0.021853 0.041277
9 0.040291 0.363602 0.036876 0.055845
9 0.245158 0.520212 0.028681 0.063130
9 0.565434 0.550562 0.010926 0.021853
9 0.539484 0.554387 0.013658 0.019060
8 0.430239 0.213669 0.015740 0.075270