8 0.042369 0.370781 0.010547 0.037500
8 0.258580 0.270000 0.015820 0.051562
8 0.273081 0.355547 0.015820 0.044531
8 0.242759 0.270000 0.015820 0.051562
9 0.384483 0.430547 0.014502 0.035156
9 0.376573 0.339140 0.011865 0.049219
9 0.356138 0.443437 0.021094 0.014062
9 0.557847 0.237187 0.031641 0.032812
9 0.529502 0.213750 0.022412 0.046875
9 0.525547 0.103594 0.022412 0.103125
8 0.564439 0.383672 0.026367 0.063281
6 0.137950 0.621562 0.048779 0.285937
2 0.106309 0.565312 0.017139 0.032812
2 0.090489 0.555937 0.014502 0.023437
2 0.070054 0.553593 0.029004 0.014062
2 0.200572 0.558281 0.174023 0.112500
2 0.673862 0.500859 0.034277 0.063281
2 0.661338 0.560625 0.067236 0.093750
2 0.579312 0.538359 0.093029 0.077344
2 0.055462 0.560625 0.110923 0.079687
2 0.056780 0.616633 0.113560 0.121393
2 0.369981 0.565312 0.162158 0.131250
0 0.623765 0.708281 0.113379 0.281250
0 0.572349 0.714140 0.105469 0.311719
0 0.747691 0.793828 0.208301 0.410156
12 0.662869 0.466175 0.050690 0.124775
12 0.877327 0.449711 0.173516 0.116110