2 0.042625 0.425518 0.085249 0.146891
2 0.169686 0.406865 0.216088 0.151554
6 0.365646 0.427367 0.016850 0.083876
6 0.411703 0.432360 0.021343 0.081879
6 0.424059 0.424371 0.010110 0.073891
2 0.608399 0.685784 0.397661 0.627071
2 0.676361 0.401405 0.030330 0.019970
9 0.383619 0.185725 0.034823 0.163757
9 0.461130 0.312537 0.032577 0.025962
9 0.884740 0.345488 0.031453 0.027959
9 0.885301 0.374445 0.014603 0.017973
9 0.089867 0.189719 0.017973 0.039941
9 0.089305 0.237648 0.023590 0.051923
8 0.414511 0.064904 0.020220 0.077885
8 0.613342 0.208691 0.017973 0.065902
8 0.704893 0.241642 0.012357 0.027959
8 0.628507 0.212685 0.014603 0.061908
8 0.898220 0.413388 0.013480 0.027959
2 0.981134 0.711130 0.034823 0.203902