9 0.862373 0.358724 0.018727 0.031628
9 0.786061 0.332090 0.010300 0.024969
9 0.760780 0.327929 0.012172 0.019975
9 0.781379 0.363718 0.034645 0.024969
8 0.647950 0.370376 0.003745 0.028298
8 0.378283 0.372041 0.003745 0.021640
8 0.378751 0.429470 0.012172 0.013317
2 0.661527 0.550987 0.045881 0.136498
2 0.664336 0.470253 0.062735 0.081566
2 0.341297 0.547657 0.090825 0.186437
6 0.363770 0.459433 0.010300 0.023305
6 0.346916 0.454439 0.008427 0.016646
6 0.330998 0.444451 0.019663 0.029963
6 0.318357 0.450278 0.011236 0.018311
6 0.307121 0.451110 0.011236 0.016646
2 0.171819 0.579972 0.343638 0.461752
12 0.824451 0.596307 0.349256 0.440209
8 0.808994 0.351797 0.011865 0.030469
2 0.508357 0.495828 0.270366 0.549374