9 0.442002 0.489081 0.016389 0.029137
9 0.442685 0.513361 0.015024 0.029137
9 0.754083 0.337327 0.023218 0.036421
9 0.405126 0.455088 0.019121 0.048561
8 0.497316 0.486652 0.009560 0.024281
8 0.525997 0.485438 0.012292 0.016996
2 0.523949 0.552210 0.010926 0.029137
2 0.536924 0.553424 0.012292 0.036421
2 0.549216 0.559494 0.017755 0.038849
2 0.569702 0.553424 0.031413 0.060701
2 0.573117 0.564350 0.027316 0.063130
2 0.592238 0.567992 0.027316 0.075270
2 0.626073 0.576491 0.073133 0.097122
1 0.508242 0.543885 0.028681 0.061048
7 0.931635 0.599093 0.127018 0.331716
0 0.903636 0.717838 0.191210 0.340969