9 0.137484 0.300175 0.015497 0.022041
9 0.125603 0.408542 0.022730 0.022041
9 0.167446 0.415889 0.021696 0.014694
9 0.191873 0.393848 0.018892 0.036735
9 0.461676 0.325889 0.028929 0.018367
9 0.518500 0.367216 0.012398 0.027551
9 0.494738 0.414052 0.006199 0.025714
9 0.760260 0.282726 0.030995 0.115714
9 0.613551 0.380073 0.012398 0.031224
9 0.613035 0.419563 0.009298 0.047755
2 0.411125 0.452099 0.017564 0.022041
2 0.393561 0.453017 0.015497 0.020204
2 0.341950 0.461283 0.029867 0.044082
2 0.462267 0.460364 0.018597 0.038571
8 0.174678 0.386239 0.011365 0.022041
8 0.126636 0.293484 0.010332 0.031224
8 0.553775 0.283224 0.010332 0.033061
8 0.318976 0.249429 0.016531 0.058775
8 0.441923 0.328408 0.010332 0.040408
8 0.583466 0.354122 0.018597 0.022041
9 0.734308 0.208837 0.018597 0.027551
2 0.076318 0.521108 0.152637 0.187347
2 0.480421 0.462857 0.030995 0.047755
2 0.428246 0.466163 0.029962 0.044082
2 0.369087 0.470204 0.038765 0.053265
2 0.574955 0.494082 0.102283 0.134082
2 0.811455 0.568875 0.340755 0.283669
2 0.943607 0.746763 0.110548 0.293877