2 0.370434 0.532367 0.077447 0.093941
2 0.435758 0.506026 0.031286 0.057219
2 0.503969 0.498252 0.037264 0.056309
2 0.646811 0.529483 0.204610 0.285670
2 0.980921 0.509419 0.037153 0.089771
2 0.890933 0.475629 0.211217 0.125166
2 0.791359 0.477417 0.124719 0.103709
2 0.761185 0.454172 0.076440 0.053642
2 0.860256 0.424669 0.051296 0.019669
2 0.952949 0.423987 0.087823 0.038913
2 0.478054 0.497224 0.019110 0.039614
2 0.469002 0.489040 0.011064 0.016093
2 0.449892 0.489934 0.009052 0.025033
9 0.395579 0.454172 0.013075 0.025033
9 0.569079 0.427351 0.014081 0.028609
9 0.540413 0.445232 0.013075 0.017881
9 0.221577 0.491722 0.009052 0.014305
9 0.295502 0.480993 0.010058 0.010728