2 0.072623 0.565912 0.145246 0.147123
2 0.898773 0.545026 0.194962 0.462709
2 0.744753 0.582139 0.154020 0.176473
2 0.430865 0.518165 0.015597 0.031194
2 0.440613 0.526829 0.013647 0.020796
2 0.470345 0.524230 0.018521 0.032927
2 0.532245 0.527696 0.007798 0.039859
2 0.539069 0.528562 0.009748 0.041592
2 0.547355 0.524230 0.012673 0.050257
6 0.694063 0.518165 0.017547 0.045058
6 0.668718 0.528562 0.015597 0.058922
6 0.651659 0.527696 0.016572 0.060655
7 0.184726 0.519898 0.034118 0.145571
0 0.186676 0.564955 0.039967 0.100514
2 0.450361 0.532895 0.025345 0.032927
2 0.504912 0.526224 0.044765 0.070530
2 0.568313 0.525963 0.037043 0.064121
12 0.476681 0.509500 0.027295 0.048524
12 0.334359 0.471374 0.196911 0.332734
8 0.044354 0.423716 0.030219 0.050257
8 0.539069 0.339666 0.007798 0.041592
8 0.642398 0.461842 0.015597 0.025995
8 0.549304 0.340533 0.006824 0.043325
9 0.067749 0.349198 0.041917 0.025995
9 0.631675 0.397722 0.019496 0.012131
9 0.631675 0.355263 0.021446 0.031194
9 0.743291 0.261682 0.028269 0.027728
9 0.753526 0.284211 0.021446 0.020796