2 0.054017 0.426549 0.106327 0.137167
2 0.967828 0.672399 0.062826 0.245234
2 0.841178 0.530358 0.317597 0.296223
2 0.133335 0.416283 0.090142 0.102066
2 0.191380 0.404098 0.055997 0.077698
2 0.233037 0.400456 0.040974 0.065558
2 0.254206 0.395600 0.028681 0.055845
2 0.270596 0.385888 0.025950 0.055845
2 0.289034 0.391958 0.010926 0.048561
2 0.297912 0.389530 0.012292 0.048561
2 0.629797 0.445375 0.107897 0.150540
3 0.567654 0.434449 0.049168 0.089838
2 0.560142 0.417453 0.094239 0.084982
2 0.519851 0.411383 0.065558 0.067986
1 0.429710 0.347566 0.079215 0.178303
9 0.486390 0.275411 0.028681 0.019424
8 0.490487 0.317902 0.006829 0.021853
2 0.358822 0.370646 0.014623 0.023660
2 0.328530 0.389482 0.055954 0.080772