9 0.054641 0.151315 0.039230 0.176845
9 0.046235 0.445226 0.011208 0.027399
9 0.348164 0.221679 0.015412 0.024908
9 0.350265 0.249078 0.014011 0.019926
9 0.339057 0.272740 0.019615 0.017435
9 0.350966 0.291421 0.015412 0.029889
9 0.353067 0.327537 0.019615 0.017435
9 0.342559 0.331273 0.015412 0.044834
9 0.387393 0.332519 0.012610 0.012454
9 0.425923 0.333764 0.014011 0.014945
8 0.380388 0.362159 0.012610 0.017934
8 0.350265 0.346467 0.011208 0.020424
8 0.441474 0.277223 0.007005 0.022417
8 0.588586 0.268506 0.007005 0.029889
8 0.582141 0.269751 0.007005 0.037362
8 0.709638 0.335757 0.009807 0.024908
6 0.325046 0.393543 0.014011 0.029889
6 0.404206 0.396033 0.009807 0.039852
2 0.424522 0.396033 0.022417 0.039852
2 0.371281 0.423432 0.056042 0.084686
2 0.279512 0.407242 0.079860 0.047325
2 0.268303 0.409733 0.054641 0.052306
2 0.567430 0.378598 0.014011 0.014945
2 0.593349 0.384825 0.049037 0.027399
2 0.605258 0.440867 0.064449 0.114576
2 0.632579 0.378598 0.029422 0.029889
2 0.804209 0.419696 0.050438 0.072232
2 0.870409 0.441490 0.137304 0.104613
2 0.511387 0.507392 0.182138 0.267552
2 0.418917 0.407242 0.028021 0.042343
2 0.348864 0.443358 0.072855 0.104613
2 0.706135 0.454567 0.187742 0.211716
2 0.907748 0.592884 0.180737 0.360824
1 0.494575 0.361162 0.123293 0.159410
1 0.557622 0.356181 0.014011 0.029889
9 0.589847 0.351199 0.011208 0.014945
9 0.629777 0.339991 0.009807 0.022417
9 0.603857 0.273985 0.016813 0.024908
9 0.653595 0.315083 0.015412 0.012454
9 0.654996 0.337500 0.009807 0.022417
9 0.710338 0.282703 0.014011 0.017435
9 0.711039 0.296402 0.015412 0.014945
9 0.876924 0.262777 0.021016 0.017435
9 0.883930 0.278967 0.018214 0.024908
9 0.881828 0.300138 0.011208 0.017435
9 0.869218 0.286439 0.014011 0.019926
9 0.867817 0.302629 0.014011 0.017435