2 0.970269 0.539861 0.056914 0.142762
2 0.852153 0.485806 0.073287 0.067916
2 0.808103 0.456699 0.047558 0.026335
2 0.781984 0.449076 0.049897 0.041581
2 0.475584 0.461550 0.018711 0.041581
2 0.610681 0.471945 0.060375 0.045739
2 0.542243 0.458085 0.025728 0.037423
2 0.534837 0.444225 0.023389 0.023563
12 0.387874 0.413276 0.123964 0.255506
2 0.498973 0.460164 0.032745 0.069302
9 0.902440 0.386011 0.022610 0.045739
9 0.831882 0.340965 0.017152 0.022177
9 0.941032 0.396406 0.017152 0.013860
9 0.935964 0.361756 0.016373 0.011088
8 0.514956 0.390862 0.007017 0.016632
9 0.651394 0.415118 0.013254 0.023563
9 0.628394 0.383932 0.014034 0.011088