2 0.400361 0.573402 0.011598 0.022680
2 0.408479 0.579588 0.009278 0.022680
2 0.388763 0.575464 0.018557 0.026804
2 0.376005 0.585773 0.016237 0.035052
2 0.361508 0.584742 0.022036 0.045361
2 0.458351 0.571340 0.018557 0.035052
2 0.461250 0.579588 0.019716 0.043299
2 0.474008 0.582681 0.024356 0.041237
12 0.422397 0.568248 0.027835 0.057732
2 0.344204 0.590722 0.034375 0.043299
2 0.431559 0.586598 0.038273 0.055670
2 0.491610 0.592670 0.040076 0.047649
6 0.603905 0.600000 0.017397 0.057732
6 0.641366 0.603093 0.018557 0.088660
9 0.138015 0.382474 0.030155 0.014433
9 0.160052 0.406186 0.009278 0.024742
9 0.200064 0.436083 0.010438 0.022680
9 0.201224 0.458763 0.015077 0.018557
9 0.197513 0.564949 0.012758 0.024742
9 0.312912 0.526804 0.013918 0.030928
9 0.324510 0.527835 0.009278 0.037113
2 0.898034 0.792694 0.200102 0.400704
2 0.953896 0.616786 0.055355 0.085934