9 0.103045 0.353939 0.020663 0.034898
9 0.157385 0.315918 0.070255 0.062449
9 0.351103 0.306428 0.048559 0.053265
9 0.726141 0.267857 0.116747 0.130408
9 0.410510 0.304592 0.028929 0.020204
9 0.489547 0.267857 0.019630 0.012857
9 0.527258 0.269694 0.039260 0.027551
9 0.620242 0.292653 0.030995 0.018367
9 0.651754 0.296326 0.017564 0.018367
2 0.205944 0.367347 0.051658 0.029388
2 0.386747 0.362755 0.030995 0.027551
2 0.440988 0.370153 0.025829 0.019082
2 0.537073 0.356020 0.023763 0.016531
2 0.513310 0.356939 0.017564 0.014694
2 0.688087 0.353265 0.028929 0.029388
2 0.641594 0.349592 0.018597 0.018367
2 0.598201 0.345918 0.035128 0.022041