2 0.373263 0.476821 0.023646 0.041263
8 0.301710 0.410545 0.010797 0.014929
8 0.326903 0.412677 0.008398 0.019194
8 0.350296 0.449467 0.009597 0.023460
8 0.398882 0.451688 0.010797 0.019372
8 0.345497 0.421919 0.009597 0.014929
8 0.356294 0.422985 0.009597 0.017062
8 0.443268 0.424052 0.010797 0.014929
8 0.452266 0.425829 0.009597 0.021327
9 0.376088 0.457820 0.008398 0.015640
2 0.518246 0.500118 0.064781 0.077488
2 0.447467 0.477725 0.038389 0.029858
2 0.464262 0.472393 0.028791 0.040521
2 0.563833 0.509715 0.047986 0.059716
2 0.623719 0.533576 0.098180 0.201276
2 0.245207 0.470260 0.071979 0.031990
2 0.224333 0.573163 0.177547 0.189810
2 0.484656 0.590225 0.139159 0.199407
2 0.622315 0.525711 0.094772 0.196208
6 0.568931 0.561966 0.043187 0.255924
9 0.819357 0.331635 0.028791 0.046919
9 0.761174 0.329502 0.020394 0.034123
9 0.813358 0.384952 0.016795 0.042654
2 0.804721 0.680331 0.383886 0.524644
6 0.407829 0.571096 0.071564 0.221469