9 0.754370 0.071186 0.079799 0.036610
9 0.866345 0.382119 0.022309 0.007627
9 0.819152 0.433729 0.008581 0.012203
9 0.154878 0.302288 0.033464 0.032034
8 0.188342 0.245847 0.019735 0.083898
8 0.771960 0.253475 0.018877 0.090000
8 0.741356 0.244576 0.022309 0.106780
8 0.708035 0.403729 0.004290 0.015254
8 0.850042 0.375508 0.005148 0.019831
8 0.802420 0.416695 0.004290 0.025932
8 0.914396 0.417712 0.005148 0.019831
8 0.901954 0.420000 0.002574 0.018305
8 0.874926 0.432203 0.003432 0.015254
8 0.859481 0.438305 0.006864 0.009153
2 0.845323 0.461695 0.009439 0.012203
2 0.853903 0.459407 0.006006 0.013729
2 0.862484 0.464746 0.011155 0.015254
2 0.876213 0.464746 0.018019 0.021356
2 0.895090 0.463983 0.016303 0.032034
2 0.942283 0.460932 0.016303 0.032034
2 0.789121 0.456356 0.006864 0.016780
2 0.774534 0.457119 0.015445 0.027458
2 0.766382 0.454830 0.004290 0.013729
2 0.731202 0.462458 0.024883 0.019831
2 0.705604 0.467034 0.008581 0.025932
2 0.696594 0.466271 0.007722 0.033559
2 0.684581 0.462458 0.018019 0.032034
2 0.670853 0.467034 0.011155 0.028983
2 0.656695 0.463983 0.022309 0.038136
6 0.497812 0.439068 0.007722 0.013729
6 0.608215 0.444407 0.009439 0.015254
6 0.630381 0.450508 0.003432 0.012203
6 0.753083 0.463729 0.006864 0.054915
6 0.137717 0.469830 0.047193 0.170847
8 0.201213 0.422288 0.009439 0.025932
2 0.643681 0.472627 0.024883 0.035085
2 0.616652 0.473390 0.029174 0.045763
2 0.598633 0.468813 0.017161 0.048814
2 0.508395 0.475424 0.045477 0.064068
2 0.447044 0.472373 0.080657 0.100678
2 0.347511 0.483813 0.133856 0.120508
2 0.559163 0.479237 0.078941 0.083898
2 0.829449 0.464746 0.024025 0.033559
2 0.960985 0.475424 0.041695 0.048814
2 0.913622 0.475676 0.048779 0.058384
8 0.850341 0.410156 0.011865 0.021094