9 0.234678 0.368012 0.009807 0.022417
9 0.357271 0.404128 0.011208 0.014945
8 0.037128 0.401638 0.009807 0.019926
2 0.051139 0.455189 0.043433 0.027399
2 0.026620 0.453944 0.008406 0.029889
2 0.090368 0.443981 0.029422 0.024908
2 0.134831 0.456435 0.051096 0.034871
6 0.103679 0.465152 0.014011 0.062269
6 0.088967 0.442735 0.009807 0.022417
6 0.361474 0.455189 0.011208 0.037362
6 0.338356 0.452698 0.009807 0.042343
6 0.286517 0.455189 0.009807 0.037362
6 0.269704 0.455189 0.012610 0.032380
7 0.209459 0.451453 0.012610 0.024908
0 0.209459 0.463907 0.018214 0.024908
2 0.348864 0.458925 0.011208 0.024908
2 0.975489 0.485079 0.036428 0.047325
6 0.784244 0.467643 0.018214 0.077214
9 0.933457 0.272117 0.022417 0.029889
9 0.939061 0.366767 0.005604 0.019926
1 0.541685 0.363475 0.355870 0.660056