2 0.208623 0.460642 0.109802 0.162365
2 0.218885 0.399527 0.079016 0.109459
2 0.272246 0.433277 0.035916 0.060203
2 0.285587 0.402263 0.029759 0.023716
12 0.371594 0.422927 0.037585 0.080903
2 0.464655 0.437838 0.032838 0.080270
2 0.697516 0.460249 0.038829 0.123015
2 0.966458 0.599859 0.063623 0.232827
2 0.129094 0.532504 0.256546 0.459332
2 0.325095 0.424218 0.073885 0.122356
2 0.423045 0.448341 0.093482 0.174250
2 0.571891 0.466259 0.142639 0.283059
12 0.845018 0.394789 0.303047 0.442690
1 0.503137 0.404756 0.087225 0.141809
8 0.348184 0.071149 0.013340 0.072973
8 0.614991 0.193378 0.011288 0.051081
8 0.596007 0.202500 0.016419 0.054730
9 0.657578 0.320169 0.016419 0.020068
9 0.644237 0.335676 0.022576 0.021892
9 0.645772 0.242194 0.025645 0.037368
9 0.923359 0.172399 0.024628 0.034662
8 0.635515 0.289155 0.015393 0.041959