2 0.313334 0.624395 0.039484 0.063664
2 0.283492 0.634190 0.045911 0.066929
2 0.374244 0.612269 0.020201 0.027751
2 0.424287 0.600842 0.021119 0.027751
2 0.417860 0.609004 0.021119 0.031016
2 0.475249 0.600842 0.022037 0.037545
2 0.395348 0.612577 0.031220 0.045707
12 0.444729 0.595828 0.012855 0.026119
2 0.591390 0.595437 0.033974 0.053869
2 0.631156 0.612577 0.078613 0.097944
2 0.170625 0.704497 0.236417 0.260176
2 0.540429 0.635431 0.101005 0.150181
8 0.548489 0.286759 0.025710 0.078356
8 0.716269 0.441991 0.013773 0.063664
8 0.176977 0.463930 0.018365 0.052237
9 0.711845 0.489232 0.037647 0.031016