8 0.546650 0.373933 0.009597 0.025592
8 0.485468 0.381398 0.007198 0.023460
9 0.586838 0.375000 0.013196 0.014929
9 0.570643 0.390995 0.009597 0.021327
2 0.538392 0.425591 0.024271 0.039334
2 0.512460 0.422985 0.022793 0.025592
2 0.486068 0.422985 0.017995 0.034123
2 0.442281 0.430450 0.023993 0.031990
2 0.328449 0.461374 0.071710 0.063981
2 0.234743 0.465410 0.081576 0.067788
2 0.652219 0.406990 0.019194 0.027725
2 0.687608 0.404858 0.032390 0.027725
2 0.712801 0.402725 0.027592 0.027725
2 0.759587 0.404858 0.056383 0.049052
2 0.805173 0.401658 0.044387 0.042654
2 0.860357 0.404858 0.077977 0.044787
2 0.941333 0.396424 0.093572 0.083369