8 0.340695 0.350931 0.008773 0.036393
8 0.530783 0.360462 0.006824 0.027728
9 0.134523 0.408120 0.023395 0.050257
9 0.198373 0.400321 0.024370 0.013864
9 0.573187 0.434981 0.011698 0.010398
9 0.734518 0.329268 0.022421 0.027728
9 0.572700 0.418517 0.024370 0.008665
8 0.183751 0.438447 0.014622 0.024262
8 0.332409 0.352664 0.007798 0.032927
8 0.522497 0.361329 0.005849 0.029461
8 0.427941 0.442779 0.005849 0.015597
8 0.490328 0.440180 0.005849 0.013864
9 0.303653 0.446245 0.014622 0.012131
8 0.394797 0.474840 0.007798 0.013864
8 0.638987 0.431515 0.012673 0.024262
2 0.041429 0.547625 0.082859 0.325802
2 0.959211 0.666335 0.079934 0.227022
2 0.104304 0.525096 0.068237 0.058922
2 0.132574 0.524230 0.058488 0.053723
2 0.443538 0.535494 0.103330 0.142105
2 0.692601 0.548492 0.147196 0.150770
2 0.619490 0.531162 0.063363 0.109178
2 0.494715 0.515565 0.024370 0.067587
2 0.348006 0.512966 0.033143 0.038126
2 0.368965 0.507767 0.016572 0.034660
2 0.378713 0.502568 0.012673 0.027728
12 0.482042 0.476573 0.022421 0.020796
2 0.550279 0.494769 0.018521 0.015597