2 0.416601 0.438529 0.023730 0.037003
2 0.397485 0.438281 0.019775 0.037500
2 0.379028 0.438281 0.035596 0.042187
2 0.340136 0.441994 0.050098 0.058988
2 0.263013 0.441797 0.067236 0.096094
2 0.184905 0.450000 0.110073 0.112500
2 0.466699 0.435937 0.015820 0.023437
2 0.518115 0.441797 0.013184 0.016406
2 0.543823 0.442586 0.011865 0.013298
2 0.580078 0.442968 0.021094 0.037500
2 0.592602 0.447656 0.022412 0.042187
2 0.604467 0.448828 0.030322 0.049219
2 0.634130 0.461718 0.026367 0.051562
2 0.669015 0.456365 0.059223 0.081019
2 0.688842 0.473437 0.067236 0.075000
2 0.746850 0.485156 0.093603 0.093750
2 0.803539 0.501391 0.125244 0.121001
9 0.570849 0.412500 0.010547 0.018750
9 0.605786 0.405468 0.011865 0.023437
8 0.498340 0.393750 0.010547 0.018750
8 0.518774 0.405468 0.009229 0.023437