8 0.462970 0.440986 0.009361 0.016641
8 0.504507 0.449307 0.010531 0.016641
8 0.533174 0.497150 0.009361 0.016641
9 0.639962 0.412633 0.022778 0.018177
9 0.652521 0.390141 0.023401 0.009717
9 0.681875 0.464316 0.011497 0.021698
2 0.457120 0.508590 0.016381 0.018721
2 0.441909 0.510671 0.014041 0.027042
2 0.431378 0.509631 0.016381 0.037442
2 0.420847 0.518991 0.018721 0.047843
2 0.545460 0.528352 0.024571 0.024961
2 0.555991 0.534592 0.031592 0.020801
2 0.572957 0.564754 0.051483 0.064484
2 0.513283 0.503390 0.011701 0.020801
2 0.524399 0.507550 0.008190 0.024961
12 0.491399 0.486749 0.031117 0.045763
2 0.379895 0.534592 0.053823 0.066564
2 0.496317 0.622997 0.141578 0.222573
2 0.871909 0.769646 0.253905 0.378583
2 0.409147 0.530432 0.014041 0.041602
9 0.119554 0.398680 0.031592 0.018050
9 0.114874 0.433706 0.019891 0.039522
0 0.606889 0.541872 0.028082 0.043683