8 0.451994 0.313359 0.004505 0.021094
9 0.707481 0.302812 0.019775 0.014062
9 0.690106 0.219556 0.014975 0.025674
9 0.687041 0.172214 0.044815 0.069329
6 0.426168 0.401448 0.019343 0.080084
2 0.338917 0.397404 0.034112 0.040504
2 0.308677 0.400078 0.044824 0.044531
2 0.262275 0.374128 0.036395 0.026119
2 0.266907 0.401125 0.025049 0.042187
2 0.234849 0.397734 0.063281 0.067969
2 0.169859 0.400929 0.102050 0.089705
2 0.090489 0.396304 0.067236 0.084892
2 0.047642 0.364922 0.047461 0.021094
2 0.739745 0.377750 0.075146 0.063281
2 0.891544 0.365039 0.036609 0.048984
2 0.927035 0.360234 0.063376 0.058594
2 0.820200 0.381867 0.118652 0.071548
2 0.502476 0.429375 0.013184 0.079687
2 0.965220 0.378984 0.068555 0.091406
2 0.033226 0.400401 0.066452 0.072010
2 0.588828 0.416484 0.177978 0.283594
2 0.095311 0.403498 0.005304 0.008320
2 0.289052 0.383531 0.030886 0.024959
8 0.456587 0.315033 0.005928 0.017748