9 0.154507 0.389923 0.016572 0.031194
9 0.695525 0.434114 0.022421 0.012131
8 0.688702 0.405520 0.008773 0.027728
8 0.378713 0.279012 0.016572 0.051990
8 0.263198 0.401188 0.007798 0.029461
8 0.158406 0.338800 0.012673 0.050257
2 0.035093 0.603081 0.070186 0.173299
2 0.096506 0.540811 0.193012 0.211190
2 0.238828 0.519031 0.079934 0.119576
2 0.318762 0.543293 0.113078 0.150770
2 0.928017 0.596149 0.140372 0.142105
2 0.864655 0.519898 0.116977 0.076252
2 0.364578 0.506900 0.015597 0.043325
2 0.375788 0.504301 0.010723 0.038126
2 0.382612 0.502568 0.010723 0.031194
2 0.391385 0.502568 0.008773 0.024262
2 0.399184 0.501701 0.008773 0.019063
2 0.408444 0.497369 0.009748 0.017330
2 0.433808 0.500566 0.013684 0.018202
1 0.466933 0.491303 0.037043 0.057189
2 0.610230 0.523364 0.038992 0.041592
2 0.585372 0.514699 0.014622 0.034660
2 0.570750 0.511233 0.012673 0.031194
2 0.555153 0.509500 0.016572 0.031194
2 0.542481 0.511233 0.012673 0.034660