2 0.429567 0.418302 0.018898 0.035037
2 0.404196 0.430040 0.036744 0.063145
2 0.334995 0.430040 0.023271 0.032661
2 0.304539 0.440387 0.018699 0.044644
2 0.284778 0.442986 0.030620 0.049843
2 0.255383 0.447541 0.033070 0.054598
2 0.228438 0.458347 0.047767 0.063145
2 0.164136 0.464879 0.095534 0.089274
2 0.372352 0.455081 0.071038 0.104516
1 0.478139 0.388669 0.075028 0.172016
2 0.521777 0.427643 0.012248 0.071415
12 0.564032 0.409355 0.079612 0.143710
6 0.127392 0.425686 0.019597 0.041371
6 0.192306 0.418065 0.009798 0.017419
6 0.157399 0.415887 0.013473 0.013065
6 0.230275 0.421331 0.012248 0.015242
6 0.605063 0.423508 0.007349 0.045726
6 0.614862 0.430040 0.012248 0.050081
6 0.627110 0.427863 0.007349 0.063145
6 0.638133 0.421331 0.009798 0.050081
6 0.663854 0.436573 0.017147 0.080565
6 0.688962 0.425686 0.015922 0.067500
6 0.768455 0.463790 0.025958 0.143710
6 0.913100 0.470323 0.033070 0.156774
6 0.863496 0.461613 0.039194 0.148065
7 0.821853 0.459436 0.039194 0.143710
0 0.818791 0.495363 0.084511 0.097984
8 0.597102 0.096895 0.020822 0.080565
8 0.744075 0.327896 0.018140 0.032272
9 0.739470 0.267249 0.022122 0.015374
9 0.724890 0.233463 0.033585 0.025027
9 0.719582 0.138266 0.033070 0.041371
8 0.575056 0.102339 0.015922 0.074032