9 0.830400 0.430991 0.026678 0.038019
9 0.754027 0.408081 0.032894 0.040334
9 0.723001 0.410312 0.026896 0.038733
9 0.677247 0.413305 0.039926 0.038042
9 0.623190 0.417967 0.011471 0.032628
9 0.586741 0.417372 0.037083 0.035347
9 0.547163 0.387462 0.018353 0.032628
9 0.549075 0.417372 0.025236 0.021752
9 0.547163 0.444562 0.019883 0.024471
9 0.510838 0.263746 0.017589 0.027190
9 0.520397 0.337160 0.013765 0.027190
9 0.272243 0.180136 0.016059 0.025831
8 0.510838 0.316767 0.016059 0.076133
8 0.845789 0.484668 0.006883 0.025831
8 0.789582 0.437764 0.006118 0.024471
8 0.748669 0.443882 0.006883 0.028550
8 0.706226 0.479909 0.006118 0.019033
8 0.685961 0.490785 0.006883 0.019033
8 0.271861 0.232477 0.019883 0.073414
2 0.060605 0.549924 0.121209 0.140030
2 0.633606 0.496088 0.041295 0.020393
1 0.574722 0.486571 0.029060 0.036707
1 0.570439 0.490785 0.026001 0.029909
2 0.533503 0.524773 0.034413 0.054381
2 0.503296 0.530211 0.030589 0.048943
2 0.474619 0.532930 0.039001 0.054381
2 0.443647 0.534290 0.039766 0.067976
2 0.391646 0.534290 0.070355 0.073414
2 0.375969 0.517976 0.077238 0.092447
2 0.327791 0.538369 0.026765 0.070695
2 0.786169 0.496903 0.025236 0.039426
2 0.813317 0.505060 0.027530 0.039426
2 0.890858 0.504381 0.060255 0.051662
2 0.969321 0.511858 0.058119 0.039426
2 0.659607 0.509139 0.015295 0.017674
2 0.678342 0.511858 0.014530 0.014955
2 0.742962 0.506420 0.022942 0.020393
2 0.751374 0.515257 0.021412 0.016314
2 0.763227 0.541088 0.014530 0.021752
2 0.711226 0.517296 0.016059 0.020393
2 0.695166 0.520695 0.013000 0.019033
2 0.722697 0.524773 0.019118 0.024471
2 0.728815 0.534970 0.019118 0.031269
2 0.743344 0.537689 0.026765 0.020393
2 0.749478 0.565883 0.025268 0.030558
2 0.734550 0.564199 0.012236 0.035347
2 0.697461 0.539048 0.022177 0.028550
2 0.668783 0.515257 0.022942 0.021752
2 0.650812 0.517976 0.014530 0.021752
2 0.669166 0.537689 0.019118 0.023112
2 0.668783 0.545166 0.018353 0.021752
2 0.669616 0.555732 0.016961 0.021131
2 0.659989 0.560801 0.028295 0.025831
2 0.238394 0.604985 0.212594 0.296375
7 0.380754 0.524120 0.032119 0.074773
3 0.380372 0.555389 0.042060 0.050302
2 0.770275 0.570191 0.032252 0.020528