9 0.505017 0.483541 0.012006 0.032016
8 0.436616 0.482194 0.008004 0.016008
8 0.261529 0.491976 0.012006 0.014229
2 0.311554 0.518478 0.012006 0.019565
2 0.303550 0.538044 0.022011 0.048024
2 0.236017 0.528261 0.025012 0.024901
2 0.277537 0.547826 0.054027 0.071146
2 0.379087 0.527372 0.037018 0.062253
2 0.349573 0.538044 0.044022 0.076482
2 0.398597 0.548716 0.026013 0.065810
2 0.507651 0.539822 0.058029 0.040909
2 0.443119 0.564723 0.099049 0.136957
2 0.784155 0.641046 0.430213 0.495040
2 0.081353 0.611096 0.162705 0.412648