9 0.409839 0.455412 0.017621 0.017471
9 0.753400 0.310618 0.032779 0.070414
9 0.782765 0.319116 0.023218 0.058273
9 0.816226 0.265699 0.027316 0.058273
8 0.252841 0.446936 0.006829 0.026709
8 0.322496 0.411730 0.009560 0.033993
2 0.149041 0.525501 0.020487 0.029137
2 0.124457 0.520645 0.034145 0.043705
2 0.069143 0.526715 0.040974 0.046133
2 0.046607 0.535214 0.025950 0.048561
2 0.018609 0.535214 0.035510 0.063130
2 0.284937 0.512147 0.013658 0.021853
2 0.834148 0.540070 0.115059 0.087410
2 0.598384 0.506077 0.017755 0.019424
2 0.615456 0.501221 0.046437 0.024281
2 0.620919 0.517003 0.043705 0.041277
2 0.633894 0.529144 0.020487 0.036421
2 0.941196 0.540070 0.113360 0.121403
2 0.210501 0.540070 0.080581 0.101978
6 0.428344 0.529144 0.016389 0.065558
2 0.313618 0.518217 0.013658 0.019424