6 0.126238 0.604814 0.039967 0.155969
6 0.957261 0.660270 0.031194 0.183697
6 0.875377 0.615212 0.029244 0.135173
6 0.927530 0.628210 0.036068 0.178498
6 0.970909 0.632542 0.027295 0.155969
6 0.914857 0.538960 0.016572 0.076252
6 0.993489 0.624744 0.012017 0.185430
6 0.733543 0.584885 0.016572 0.067587
6 0.681878 0.585751 0.008773 0.055456
6 0.693576 0.590084 0.010723 0.067587
6 0.703811 0.593550 0.009748 0.071053
6 0.715022 0.590950 0.008773 0.058922
6 0.723307 0.597882 0.007798 0.051990
6 0.754989 0.592683 0.012673 0.069320
6 0.205251 0.544615 0.022529 0.035571
6 0.312212 0.577676 0.009748 0.060655
8 0.859664 0.375672 0.013647 0.068408
9 0.187651 0.376926 0.024370 0.019063
9 0.180827 0.240886 0.012673 0.090116
9 0.176440 0.318870 0.013647 0.062388
9 0.146709 0.395122 0.022421 0.045058
9 0.144272 0.441046 0.019496 0.036393
9 0.622874 0.484266 0.020903 0.012340
9 0.623726 0.504025 0.012000 0.020245
6 0.344599 0.579348 0.016563 0.070377
2 0.384840 0.573525 0.060856 0.086460
2 0.588297 0.585751 0.036068 0.055456
2 0.535969 0.580033 0.024370 0.032927
2 0.501539 0.576366 0.022421 0.029753
12 0.425991 0.556499 0.060438 0.103561
1 0.582160 0.564342 0.050541 0.078204
12 0.536729 0.555043 0.021446 0.017330
8 0.476681 0.532895 0.005849 0.019063
8 0.543455 0.537227 0.002924 0.013864
1 0.516955 0.565451 0.016223 0.033833
2 0.553613 0.574880 0.010919 0.018303