9 0.198753 0.367535 0.033590 0.025592
9 0.383499 0.414455 0.028791 0.025592
9 0.465074 0.451777 0.023993 0.023460
9 0.212549 0.402725 0.068380 0.057583
9 0.362593 0.442236 0.065804 0.059828
9 0.444680 0.469905 0.064781 0.051185
9 0.547095 0.496874 0.020703 0.045407
9 0.544309 0.541239 0.008760 0.018971
9 0.429085 0.540284 0.019194 0.021327
9 0.249738 0.490166 0.008398 0.019194
2 0.017122 0.465442 0.034243 0.081438
2 0.308436 0.540106 0.017824 0.036809
2 0.409891 0.561611 0.026392 0.038389
2 0.396095 0.582938 0.015595 0.081043
2 0.438084 0.594388 0.051587 0.069820
2 0.346310 0.577635 0.083975 0.147214
2 0.276788 0.542600 0.053465 0.078541
2 0.164581 0.551432 0.164316 0.199620
2 0.247887 0.521247 0.020351 0.033070