8 0.317906 0.378984 0.010547 0.049219
8 0.843272 0.202031 0.017139 0.089062
8 0.826133 0.212578 0.017139 0.086719
9 0.141246 0.455156 0.029004 0.028125
9 0.934238 0.452812 0.027686 0.023437
9 0.944126 0.427031 0.036914 0.023437
9 0.961265 0.403593 0.034277 0.028125
9 0.884800 0.285234 0.094922 0.039844
6 0.241441 0.618046 0.026367 0.063281
6 0.194639 0.623906 0.025049 0.046875
6 0.152452 0.621562 0.027686 0.060937
2 0.433262 0.618046 0.022412 0.049219
2 0.473472 0.620390 0.018457 0.039844
2 0.734507 0.645000 0.081738 0.117187
2 0.401311 0.615910 0.032339 0.059009
2 0.449742 0.622734 0.036914 0.058594
2 0.642881 0.645000 0.125244 0.135937
2 0.808775 0.653203 0.147656 0.161719
12 0.520933 0.591093 0.084375 0.145312
2 0.039073 0.615703 0.075146 0.077344
6 0.922373 0.659062 0.017139 0.135937
6 0.905234 0.662578 0.025049 0.114844
6 0.943467 0.660234 0.022412 0.124219
6 0.296046 0.622174 0.027013 0.067589
0 0.317830 0.646195 0.023706 0.076482