2 0.172050 0.696252 0.063931 0.146920
2 0.053544 0.739912 0.106032 0.126129
2 0.034958 0.667146 0.069916 0.066530
2 0.269116 0.782880 0.228436 0.358983
8 0.145932 0.493891 0.013254 0.022177
8 0.110068 0.552105 0.010135 0.019405
8 0.414130 0.579825 0.008576 0.024949
8 0.107729 0.613783 0.013254 0.023563
8 0.407893 0.635267 0.011695 0.019405
8 0.159186 0.490426 0.011695 0.045739
2 0.021968 0.626257 0.042881 0.042967
2 0.546799 0.720508 0.067050 0.081776
2 0.630222 0.730903 0.059253 0.080390
2 0.448174 0.699717 0.014813 0.040195
9 0.420757 0.613321 0.015593 0.012474