9 0.501105 0.336761 0.038389 0.014929
9 0.348109 0.271919 0.029991 0.027725
8 0.538852 0.298578 0.005998 0.042654
8 0.478870 0.190877 0.015595 0.057583
8 0.529855 0.298578 0.007198 0.042654
8 0.452278 0.355625 0.020794 0.037317
8 0.471073 0.354028 0.011996 0.042654
8 0.860957 0.375355 0.009597 0.034123
8 0.725997 0.429739 0.005998 0.023460
8 0.655818 0.448933 0.004799 0.019194
8 0.637823 0.445734 0.004799 0.021327
2 0.642022 0.480924 0.008398 0.027725
2 0.651619 0.486256 0.008398 0.038389
2 0.666615 0.489455 0.038389 0.061848
1 0.674412 0.452132 0.027592 0.025592
2 0.690607 0.505450 0.043187 0.068246
1 0.698405 0.464929 0.017995 0.025592
2 0.732595 0.521445 0.074378 0.100237
2 0.609825 0.513242 0.073565 0.119599
2 0.858558 0.580094 0.225533 0.264455
6 0.982121 0.519312 0.016795 0.070379
6 0.993517 0.525711 0.010797 0.074644
6 0.015208 0.490521 0.026392 0.281516
6 0.054796 0.519312 0.081576 0.279384
6 0.156166 0.510782 0.077977 0.364692
6 0.198154 0.476658 0.032390 0.142891
6 0.366104 0.483057 0.020394 0.125829
6 0.383499 0.486256 0.016795 0.085308
6 0.440565 0.493720 0.022959 0.113033
6 0.491916 0.500118 0.020696 0.091706
6 0.501664 0.472393 0.008398 0.049052
6 0.550849 0.479858 0.005998 0.038389
6 0.529255 0.478791 0.010797 0.044787
6 0.517859 0.489455 0.019194 0.078910
2 0.202952 0.460663 0.032390 0.068246
9 0.460876 0.256990 0.037189 0.019194
0 0.349956 0.557157 0.044841 0.140372