9 0.332016 0.493410 0.008112 0.008874
9 0.337632 0.503948 0.009360 0.005546
8 0.364525 0.472444 0.004992 0.018858
8 0.330206 0.522362 0.003744 0.014421
8 0.490431 0.470495 0.005616 0.026623
2 0.268932 0.585702 0.035566 0.053246
2 0.241165 0.585148 0.032447 0.056574
2 0.210591 0.588476 0.038686 0.065448
2 0.176584 0.596795 0.051790 0.077650
2 0.118243 0.601232 0.079869 0.086524
2 0.042118 0.610661 0.082364 0.118693
2 0.490755 0.604560 0.162233 0.206327
6 0.701776 0.582398 0.028412 0.139286
6 0.584254 0.575510 0.012054 0.048980
2 0.593208 0.571684 0.037883 0.044388
9 0.256655 0.479082 0.012915 0.009184
9 0.262682 0.495153 0.012915 0.010714