6 0.259898 0.455156 0.018457 0.056250
2 0.476587 0.480468 0.006592 0.028125
2 0.486474 0.486328 0.015820 0.053906
2 0.501635 0.489843 0.022412 0.056250
2 0.413965 0.474609 0.010547 0.021094
2 0.403418 0.472265 0.010547 0.030469
2 0.390234 0.478125 0.015820 0.028125
2 0.375073 0.478125 0.017139 0.051562
2 0.363208 0.482812 0.019775 0.051562
2 0.350024 0.481640 0.025049 0.058594
2 0.330249 0.485156 0.035596 0.070312
2 0.291538 0.493828 0.073828 0.077344
2 0.533429 0.500607 0.059270 0.090901
2 0.941489 0.539531 0.116016 0.112500
8 0.724619 0.380156 0.025049 0.037500
8 0.006682 0.323906 0.013365 0.037500
9 0.743735 0.296953 0.013184 0.021094
9 0.767466 0.309844 0.031641 0.018750
8 0.091807 0.043594 0.022412 0.087187
8 0.118174 0.046172 0.022412 0.091406
8 0.074009 0.042422 0.015820 0.084844
2 0.459134 0.473107 0.017547 0.013864