2 0.477595 0.301840 0.017193 0.028019
2 0.554965 0.321793 0.034387 0.071321
2 0.627321 0.315425 0.038685 0.058585
2 0.458969 0.314151 0.054446 0.076415
2 0.340047 0.326887 0.045849 0.056038
2 0.264826 0.305236 0.073072 0.119717
2 0.398075 0.326887 0.087400 0.101887
12 0.508400 0.263208 0.035820 0.045849
2 0.519146 0.342595 0.083101 0.119717
2 0.588636 0.325613 0.055879 0.082359
2 0.704805 0.350449 0.162133 0.236462
2 0.903132 0.321043 0.191993 0.208669
2 0.162860 0.453397 0.325720 0.463585
9 0.852268 0.067500 0.030088 0.078962
9 0.844388 0.125660 0.017193 0.030566
9 0.706840 0.201657 0.025790 0.028280
9 0.689647 0.176699 0.020059 0.030757
9 0.602247 0.227164 0.037252 0.021055
9 0.396583 0.183808 0.015879 0.034785
9 0.361704 0.188429 0.034381 0.018245
8 0.649529 0.165142 0.011462 0.028019
8 0.660991 0.172783 0.011462 0.043302
8 0.460401 0.253019 0.011462 0.025472
8 0.415985 0.186793 0.014328 0.030566
6 0.350077 0.320519 0.014328 0.063679
8 0.588636 0.264906 0.010029 0.020377
2 0.983803 0.408057 0.030088 0.086604