8 0.375800 0.144569 0.017551 0.043683
8 0.585242 0.133128 0.017551 0.033282
8 0.475841 0.490909 0.011701 0.016641
8 0.494562 0.489869 0.009361 0.018721
8 0.477011 0.507550 0.009361 0.016641
8 0.791760 0.374422 0.025742 0.058243
8 0.305010 0.484669 0.011701 0.020801
8 0.835052 0.366102 0.028082 0.058243
9 0.732086 0.382743 0.035102 0.033282
9 0.221935 0.448267 0.032762 0.022881
9 0.032384 0.464908 0.018721 0.014561
9 0.455364 0.083205 0.038612 0.058243
2 0.489967 0.530432 0.012871 0.018721
2 0.473001 0.530432 0.021061 0.027042
2 0.455450 0.524191 0.014041 0.014561
2 0.441994 0.527312 0.015211 0.024961
2 0.420348 0.535148 0.023401 0.032224
2 0.537355 0.538752 0.018721 0.052003
2 0.560756 0.543953 0.046803 0.066564
6 0.690049 0.518991 0.012871 0.070724
6 0.699409 0.520031 0.010531 0.064484
6 0.516878 0.514831 0.008190 0.024961
6 0.269994 0.535632 0.019891 0.066564
6 0.255368 0.538752 0.018721 0.064484
6 0.658457 0.530432 0.024571 0.093606
6 0.943954 0.536672 0.052653 0.193452