9 0.431575 0.594138 0.030497 0.021705
9 0.467943 0.599135 0.025912 0.023957
2 0.628986 0.665450 0.025829 0.035204
2 0.687963 0.674634 0.045631 0.035204
2 0.591965 0.677865 0.058546 0.087245
2 0.777504 0.689344 0.073182 0.070408
2 0.257478 0.655671 0.078348 0.079592
2 0.407717 0.644957 0.022385 0.024490
2 0.528492 0.652806 0.014636 0.019898
2 0.478986 0.647449 0.015497 0.018367
2 0.369720 0.658679 0.045903 0.048964
2 0.447100 0.655181 0.045903 0.041969
2 0.498512 0.648187 0.022296 0.023316
9 0.423964 0.580625 0.014695 0.008225