9 0.356441 0.681237 0.017453 0.025424
9 0.776414 0.502468 0.046278 0.034677
9 0.775888 0.542244 0.038915 0.048615
9 0.635898 0.575923 0.021035 0.014914
9 0.600664 0.649758 0.017880 0.013089
9 0.186583 0.635235 0.029449 0.064572
8 0.215612 0.617971 0.012621 0.039266
8 0.238751 0.621711 0.010518 0.035526
8 0.800605 0.571226 0.012621 0.043006
8 0.794820 0.588989 0.011569 0.037396
8 0.770103 0.631060 0.008414 0.050485
8 0.608762 0.574031 0.010518 0.037396
8 0.658195 0.585250 0.010518 0.037396
8 0.555333 0.565617 0.009466 0.037396
8 0.519047 0.675000 0.006311 0.016828
8 0.783566 0.630125 0.017880 0.065443
8 0.707839 0.687154 0.007362 0.022438
8 0.600401 0.682480 0.007678 0.020568
8 0.519836 0.693698 0.008414 0.020568
8 0.352342 0.654432 0.008414 0.024307
2 0.122531 0.729692 0.024191 0.026177
2 0.136730 0.737171 0.054692 0.044875
2 0.345242 0.750260 0.058899 0.056094
2 0.384105 0.742126 0.016828 0.024307
2 0.440375 0.748671 0.026294 0.063573
2 0.407244 0.757050 0.048381 0.065374
2 0.562380 0.756150 0.028398 0.056094
2 0.639158 0.751475 0.015776 0.028047
2 0.651780 0.749606 0.017880 0.031787
2 0.671237 0.749606 0.029449 0.054224
2 0.703842 0.730908 0.044174 0.016828
2 0.793558 0.751475 0.030501 0.031787
2 0.762531 0.752410 0.023139 0.026177
9 0.812490 0.742126 0.009466 0.031787
9 0.710153 0.718380 0.008414 0.018698
9 0.857926 0.566925 0.017880 0.037396
9 0.975408 0.669765 0.025242 0.037396
9 0.685541 0.714640 0.008414 0.014958
12 0.861923 0.737639 0.097814 0.029917
2 0.222974 0.825520 0.252424 0.258033
2 0.716779 0.780644 0.113591 0.119668
2 0.603714 0.768491 0.080986 0.110319
2 0.496960 0.816171 0.152506 0.224377
2 0.942383 0.824585 0.114643 0.166413