8 0.322174 0.343132 0.006824 0.031194
8 0.469370 0.342266 0.006824 0.022529
8 0.440613 0.391656 0.003899 0.013864
8 0.370914 0.395989 0.006824 0.019063
8 0.456210 0.367394 0.003899 0.020796
9 0.513236 0.370860 0.008773 0.006932
9 0.688702 0.412452 0.008773 0.041592
9 0.686265 0.228755 0.019496 0.034660
9 0.689189 0.252150 0.025345 0.015597
2 0.410882 0.427182 0.006824 0.015597
2 0.430865 0.434981 0.007798 0.020796
2 0.436714 0.429782 0.003899 0.013864
2 0.439638 0.429782 0.005849 0.020796
2 0.448412 0.433248 0.011698 0.017330
2 0.463034 0.432381 0.013647 0.025995
2 0.482530 0.438447 0.017547 0.027728
2 0.402596 0.426316 0.007798 0.013864
2 0.394797 0.430648 0.005849 0.019063
2 0.383587 0.435847 0.006824 0.019063
2 0.372377 0.439313 0.015597 0.022529
2 0.358242 0.441046 0.008773 0.022529
2 0.337284 0.439313 0.007798 0.025995
2 0.327535 0.441913 0.011698 0.031194
2 0.317787 0.444512 0.007798 0.029461
2 0.309014 0.444512 0.011698 0.029461
2 0.251988 0.450578 0.032169 0.051990
2 0.233466 0.454910 0.026320 0.053723
2 0.209096 0.456961 0.045816 0.063486
2 0.145246 0.450578 0.083833 0.100514
2 0.070674 0.474840 0.080909 0.083184
2 0.422579 0.438447 0.020471 0.027728
2 0.284156 0.454910 0.049715 0.053723
2 0.016084 0.486971 0.032169 0.100514
8 0.235416 0.405520 0.006824 0.017330
9 0.239315 0.391656 0.010723 0.020796
6 0.761812 0.441046 0.032169 0.109178
2 0.527371 0.409853 0.023395 0.022529
9 0.507875 0.379525 0.013647 0.010398