9 0.350443 0.288543 0.020471 0.029461
9 0.487891 0.309339 0.010723 0.019063
9 0.545892 0.269480 0.011698 0.012131
9 0.543455 0.280745 0.010723 0.010398
9 0.343132 0.272080 0.009748 0.006932
9 0.357267 0.270347 0.010723 0.006932
2 0.089682 0.428915 0.179365 0.369127
2 0.184726 0.409853 0.108204 0.154236
2 0.237366 0.384724 0.098456 0.135173
2 0.299266 0.380392 0.056539 0.074519
2 0.330460 0.355263 0.048740 0.069320
2 0.360191 0.355263 0.014622 0.051990
2 0.371402 0.354397 0.013647 0.036393
2 0.375301 0.343999 0.017547 0.032927
2 0.386511 0.340533 0.010723 0.022529
2 0.396259 0.338800 0.010723 0.019063
2 0.634113 0.419384 0.112103 0.152503
2 0.575040 0.401078 0.046597 0.092067
12 0.550279 0.377792 0.063363 0.097048
2 0.495690 0.351797 0.034118 0.048524
2 0.474731 0.345732 0.015597 0.032927
2 0.464983 0.340533 0.009748 0.019063
2 0.458160 0.337933 0.009748 0.020796
2 0.417705 0.337933 0.030219 0.017330