9 0.776137 0.493429 0.028847 0.074846
8 0.413212 0.573819 0.006237 0.016632
8 0.439720 0.574512 0.006237 0.015246
9 0.314197 0.523922 0.014034 0.011088
9 0.323553 0.537782 0.014034 0.008316
9 0.468567 0.589758 0.007796 0.009702
8 0.466618 0.612628 0.007017 0.016632
2 0.435354 0.635498 0.025884 0.048511
2 0.408924 0.624409 0.016373 0.020791
2 0.388497 0.632033 0.022610 0.033265
2 0.455157 0.636191 0.018711 0.027721
2 0.464513 0.641735 0.018711 0.030493
2 0.471140 0.644507 0.017932 0.036037
2 0.475038 0.645200 0.025728 0.040195
2 0.477377 0.647972 0.022610 0.040195
2 0.500766 0.651437 0.052236 0.055441
2 0.515580 0.665297 0.050677 0.072074
2 0.528054 0.677772 0.052236 0.085934
2 0.544426 0.695097 0.066270 0.106725
2 0.322227 0.654209 0.019491 0.083162
2 0.307024 0.656981 0.023389 0.088706
2 0.248941 0.647279 0.095896 0.177413
2 0.146028 0.690939 0.191013 0.203747
2 0.357312 0.627875 0.041321 0.063758
2 0.614595 0.731134 0.131760 0.159394