2 0.052182 0.384425 0.104363 0.162433
2 0.128728 0.377206 0.060912 0.097460
2 0.180216 0.367085 0.066427 0.088047
12 0.216524 0.318196 0.094212 0.151594
2 0.271873 0.343817 0.026395 0.073997
2 0.292370 0.350712 0.018660 0.044471
2 0.307709 0.347182 0.020912 0.041022
2 0.321110 0.343817 0.017259 0.037901
2 0.334340 0.338658 0.019224 0.040999
2 0.348521 0.335695 0.011167 0.032487
2 0.357658 0.340207 0.009137 0.023463
2 0.364764 0.335695 0.013198 0.036096
2 0.374409 0.336598 0.008122 0.027072
2 0.382530 0.334793 0.004061 0.016243
2 0.389637 0.333891 0.010152 0.018048
2 0.401819 0.331183 0.016243 0.012634
2 0.415017 0.323062 0.010152 0.018048
2 0.458671 0.326671 0.010152 0.018048
2 0.464762 0.324866 0.010152 0.018048
2 0.582526 0.349231 0.034517 0.055949
2 0.558395 0.345601 0.023898 0.048688
2 0.551562 0.338403 0.029441 0.052340
2 0.531766 0.342012 0.018274 0.030682
2 0.527038 0.334790 0.023668 0.034285
2 0.512477 0.327574 0.016243 0.027072
2 0.477960 0.319452 0.012182 0.025267
2 0.493360 0.337041 0.028081 0.038788
2 0.449026 0.331183 0.017259 0.023463
2 0.447504 0.323062 0.012182 0.028877
6 0.686585 0.336598 0.015228 0.055949
9 0.701305 0.212968 0.024365 0.043316
9 0.699275 0.177774 0.016243 0.030682
9 0.504017 0.273193 0.005488 0.019381
2 0.479483 0.285161 0.007106 0.018048
2 0.622797 0.351496 0.065982 0.092192