8 0.465226 0.329013 0.009751 0.036838
8 0.531656 0.345265 0.008532 0.030337
8 0.293361 0.330096 0.009751 0.026003
8 0.399405 0.364767 0.009751 0.026003
8 0.395749 0.395104 0.007313 0.017335
8 0.468273 0.411356 0.008532 0.019502
8 0.521295 0.412439 0.009751 0.026003
8 0.502402 0.429775 0.006094 0.017335
8 0.459132 0.451444 0.007313 0.017335
8 0.479853 0.443860 0.009751 0.015169
8 0.421346 0.434109 0.009751 0.026003
8 0.409157 0.429775 0.012189 0.017335
8 0.814441 0.347432 0.010970 0.021669
8 0.753496 0.292175 0.010970 0.023836
8 0.767513 0.300645 0.012189 0.040776
2 0.490823 0.467696 0.012189 0.019502
2 0.512763 0.459029 0.012189 0.019502
2 0.521905 0.463362 0.013408 0.023836
2 0.530437 0.462279 0.013408 0.021669
8 0.548111 0.444943 0.009751 0.021669
6 0.319568 0.492616 0.013408 0.039005
6 0.728508 0.479614 0.012189 0.030337
2 0.779093 0.521870 0.093855 0.114847
2 0.885746 0.569542 0.226715 0.569903
6 0.134295 0.508868 0.015846 0.075843