2 0.128187 0.696143 0.254425 0.362195
2 0.449890 0.565461 0.039935 0.064178
2 0.235903 0.594763 0.093582 0.117843
7 0.275871 0.579166 0.021446 0.097048
0 0.277333 0.616425 0.043866 0.064121
6 0.711122 0.564435 0.010723 0.074519
6 0.696013 0.560103 0.017547 0.079718
6 0.686265 0.540174 0.011698 0.046791
6 0.731106 0.577433 0.023395 0.114377
6 0.715996 0.525443 0.010723 0.031194
6 0.814452 0.562702 0.018521 0.109178
6 0.838822 0.560103 0.022421 0.107445
6 0.657995 0.572234 0.021446 0.100514
6 0.794468 0.594763 0.027295 0.149037
6 0.896316 0.565221 0.030179 0.128079
9 0.836385 0.388948 0.023395 0.026906
8 0.232979 0.468254 0.009748 0.034660
8 0.533707 0.202240 0.020471 0.088383
8 0.454260 0.485584 0.007798 0.020796
8 0.346544 0.494249 0.006824 0.017330
8 0.354343 0.509846 0.004874 0.013864
2 0.349956 0.612959 0.109178 0.181964
2 0.415268 0.563569 0.023395 0.034660
12 0.545892 0.568067 0.173516 0.302941
2 0.400159 0.560103 0.012673 0.031194