2 0.781880 0.529194 0.041648 0.080648
2 0.714384 0.535963 0.017660 0.026910
2 0.361186 0.571843 0.012614 0.035880
2 0.670234 0.553220 0.085777 0.137670
2 0.755011 0.537811 0.072638 0.084428
2 0.398140 0.576136 0.048680 0.064546
2 0.375693 0.565116 0.018921 0.044850
1 0.957838 0.518023 0.080731 0.188372
9 0.446332 0.510174 0.011353 0.029153
9 0.556076 0.482720 0.023967 0.046006
9 0.562383 0.543812 0.008830 0.024668
9 0.551661 0.544933 0.010091 0.022425
9 0.646267 0.476536 0.010091 0.020183
2 0.069799 0.634634 0.027751 0.035880
2 0.150529 0.574086 0.015137 0.026910
2 0.131662 0.588684 0.027346 0.033682
2 0.016398 0.601786 0.032796 0.026177
2 0.099583 0.597111 0.026294 0.035526
6 0.772562 0.540748 0.016828 0.082272
6 0.783080 0.547292 0.025242 0.095360