2 0.093952 0.567600 0.020238 0.046929
2 0.153347 0.569165 0.033437 0.025029
9 0.177545 0.522235 0.009679 0.018772
9 0.662383 0.382230 0.016719 0.035979
9 0.658424 0.411951 0.014079 0.026593
9 0.674702 0.415862 0.011439 0.025029
9 0.555912 0.487038 0.016719 0.010950
2 0.185024 0.603580 0.068634 0.096987
2 0.314813 0.558214 0.029038 0.059444
2 0.337251 0.558997 0.024638 0.026593
2 0.353090 0.558214 0.026398 0.025029
2 0.379488 0.553522 0.026398 0.037543
2 0.358369 0.553522 0.036957 0.031286
2 0.502237 0.556650 0.013199 0.028158
2 0.512796 0.560561 0.014959 0.045365
2 0.528195 0.559779 0.024638 0.065701
2 0.550193 0.573858 0.042236 0.081344
2 0.583630 0.587936 0.077433 0.100116
2 0.250139 0.605926 0.151347 0.154867
2 0.444162 0.574640 0.124069 0.214311
2 0.043796 0.617658 0.087113 0.190846
6 0.691861 0.564472 0.022878 0.103245
6 0.745096 0.571511 0.034317 0.129838