1 0.145554 0.296220 0.291108 0.589691
2 0.841856 0.325351 0.312836 0.508061
2 0.658183 0.362199 0.205284 0.284536
2 0.321263 0.324723 0.062629 0.087947
1 0.373454 0.279725 0.055670 0.103093
2 0.428544 0.296220 0.033634 0.061856
2 0.407088 0.295876 0.016237 0.026804
2 0.504510 0.314777 0.053351 0.065979
12 0.475176 0.273986 0.051710 0.117320
0 0.459858 0.334364 0.010438 0.035052
6 0.460438 0.292096 0.020876 0.045361
6 0.542784 0.294158 0.009278 0.037113
8 0.434343 0.103436 0.010438 0.043299
8 0.444781 0.102406 0.010438 0.049485
8 0.266173 0.035052 0.017397 0.045361
8 0.285889 0.034021 0.019716 0.059794
9 0.500780 0.119963 0.048028 0.017742
9 0.667319 0.086143 0.041791 0.025504
8 0.686343 0.172080 0.036177 0.055444