9 0.718416 0.344044 0.045490 0.082272
9 0.715627 0.572984 0.023631 0.080990
9 0.597070 0.421983 0.022421 0.029461
2 0.445000 0.542791 0.153045 0.260678
2 0.236878 0.470507 0.017547 0.032927
2 0.272946 0.479172 0.019496 0.046791
2 0.299695 0.497433 0.036184 0.072914
2 0.331435 0.505167 0.058488 0.077985
2 0.192554 0.477926 0.028210 0.033900
8 0.306090 0.412452 0.015597 0.020796
8 0.248490 0.412049 0.013476 0.025068
8 0.508020 0.420577 0.013357 0.049603
2 0.042071 0.530920 0.084141 0.099264
2 0.147598 0.477798 0.018231 0.033158
9 0.810561 0.412604 0.021035 0.029917
9 0.599019 0.442779 0.016572 0.025995
9 0.589759 0.430648 0.015597 0.036393
9 0.169334 0.398082 0.018932 0.028047
2 0.217716 0.466517 0.031553 0.020568
9 0.200362 0.276731 0.022087 0.026177
9 0.115168 0.394529 0.028398 0.026177
8 0.425440 0.166413 0.013673 0.048615
8 0.438587 0.167348 0.014725 0.057964
9 0.722026 0.239883 0.061375 0.120762
9 0.263913 0.415793 0.022384 0.038510