2 0.342060 0.390790 0.039967 0.060655
2 0.311841 0.395989 0.034118 0.043325
2 0.290883 0.404654 0.040942 0.050257
2 0.263588 0.415052 0.054589 0.064121
2 0.189990 0.417651 0.094556 0.135173
2 0.081299 0.460976 0.124775 0.145571
2 0.413221 0.399455 0.018521 0.036393
2 0.426381 0.404654 0.021446 0.046791
2 0.443440 0.406387 0.026320 0.050257
2 0.461474 0.408986 0.029244 0.065854
2 0.482920 0.418518 0.042892 0.077985
2 0.516063 0.430648 0.058488 0.109178
2 0.585275 0.435847 0.124775 0.185430
2 0.815232 0.447978 0.367503 0.351797