9 0.347408 0.384326 0.029883 0.020312
9 0.382090 0.372518 0.014941 0.009319
9 0.380012 0.389245 0.030053 0.023900
9 0.012425 0.236670 0.024849 0.053125
2 0.078462 0.427295 0.024609 0.034375
2 0.138228 0.428076 0.014062 0.026562
2 0.386938 0.441406 0.008789 0.015625
2 0.362329 0.428906 0.012305 0.015625
2 0.353101 0.439062 0.009668 0.017187
2 0.347388 0.446094 0.012305 0.025000
2 0.336401 0.444531 0.014941 0.031250
2 0.284546 0.433594 0.014941 0.018750
2 0.269604 0.443465 0.034277 0.036507
2 0.260376 0.425000 0.012305 0.010937
2 0.378589 0.436719 0.007910 0.015625
2 0.885718 0.446094 0.056250 0.031250
2 0.800464 0.432031 0.022852 0.015625
2 0.777612 0.434375 0.022852 0.023437
2 0.732788 0.438281 0.036914 0.031250
2 0.698511 0.439844 0.031641 0.028125
2 0.672583 0.435937 0.025488 0.023437
2 0.648413 0.430469 0.014062 0.018750
2 0.633911 0.427344 0.013184 0.015625
2 0.397266 0.435937 0.010547 0.015625
9 0.947261 0.406201 0.013184 0.017187
2 0.948140 0.445264 0.025488 0.032812
9 0.989888 0.231982 0.017578 0.050000
2 0.367183 0.453076 0.032520 0.045312
2 0.306099 0.459529 0.056250 0.075467
2 0.197254 0.456073 0.119252 0.154430
2 0.048580 0.453857 0.094922 0.087500