2 0.454001 0.454922 0.199781 0.142969
2 0.939199 0.357422 0.013184 0.016406
2 0.946450 0.346875 0.009229 0.018750
2 0.930629 0.357422 0.006592 0.021094
2 0.922060 0.356250 0.007910 0.018750
2 0.917446 0.358594 0.011865 0.028125
2 0.901625 0.365625 0.017139 0.028125
2 0.839663 0.384375 0.032959 0.037500
2 0.811318 0.393750 0.044824 0.046875
9 0.251806 0.366445 0.015820 0.060234
9 0.639140 0.322969 0.030059 0.057187
9 0.979139 0.212109 0.038772 0.056719
9 0.982704 0.293906 0.023730 0.014062
9 0.985341 0.265781 0.029004 0.046875
2 0.802485 0.323437 0.009229 0.018750
2 0.885805 0.367031 0.022412 0.032812
2 0.960951 0.347109 0.006592 0.021094
2 0.965566 0.347109 0.010547 0.016406
7 0.129199 0.465234 0.018457 0.072656
0 0.130517 0.482343 0.018457 0.060937