8 0.517506 0.068478 0.019009 0.096047
8 0.665579 0.126285 0.017008 0.083597
9 0.315156 0.467194 0.012006 0.017787
9 0.365681 0.426285 0.009004 0.014229
9 0.415205 0.465415 0.012006 0.021344
9 0.471233 0.460969 0.008004 0.016008
2 0.264256 0.484925 0.033016 0.025181
2 0.306777 0.487733 0.032016 0.023123
2 0.355801 0.490401 0.028014 0.028459
2 0.467703 0.503414 0.020391 0.049694
2 0.608201 0.491359 0.059029 0.105821
2 0.528161 0.502470 0.111055 0.179644
2 0.867178 0.461561 0.264131 0.423320
2 0.061164 0.503945 0.079808 0.052189