8 0.468858 0.068437 0.019775 0.098437
8 0.867002 0.202031 0.022412 0.093750
8 0.095103 0.110625 0.021094 0.098437
8 0.053575 0.361406 0.027686 0.056250
8 0.091148 0.357890 0.029004 0.063281
8 0.896665 0.423515 0.026367 0.058594
8 0.855796 0.420000 0.015820 0.046875
9 0.863047 0.359062 0.035596 0.037500
9 0.892051 0.323906 0.030322 0.028125
9 0.849863 0.305156 0.030322 0.037500
9 0.513023 0.490312 0.013184 0.028125
9 0.545982 0.457500 0.010547 0.023437
9 0.546641 0.477422 0.019775 0.011719
6 0.800425 0.548906 0.021094 0.093750
6 0.766148 0.552421 0.018457 0.086719
6 0.581577 0.555937 0.018457 0.084375
6 0.561143 0.545390 0.017139 0.049219
7 0.497202 0.554765 0.018457 0.067969
0 0.499180 0.579375 0.019775 0.056250
2 0.393711 0.539531 0.006592 0.018750
2 0.398326 0.541875 0.010547 0.028125
2 0.438535 0.551250 0.022412 0.037500
2 0.458311 0.554765 0.030322 0.039844
2 0.477427 0.557109 0.031641 0.049219
2 0.500498 0.561796 0.048779 0.058594
2 0.278355 0.539531 0.042187 0.042187
2 0.407554 0.539531 0.018457 0.032812
12 0.366685 0.530156 0.010547 0.023437
9 0.543345 0.074297 0.036914 0.100781