2 0.432327 0.380392 0.008773 0.012131
2 0.442075 0.381258 0.010723 0.013864
2 0.452311 0.381258 0.007798 0.010398
2 0.464009 0.381258 0.009748 0.010398
2 0.479118 0.382125 0.008773 0.015597
2 0.488866 0.384724 0.008773 0.017330
2 0.499102 0.384724 0.009748 0.017330
2 0.507875 0.389057 0.009748 0.019063
2 0.516161 0.389057 0.008773 0.019063
2 0.526396 0.393389 0.009748 0.017330
2 0.537119 0.393389 0.013647 0.024262
2 0.557590 0.396855 0.029244 0.031194
2 0.414293 0.380392 0.023395 0.019063
2 0.396747 0.379525 0.011698 0.017330
2 0.384074 0.381258 0.005849 0.013864
2 0.371402 0.380392 0.009748 0.015597
2 0.345569 0.372593 0.018521 0.024262
2 0.325098 0.372593 0.024370 0.027728
2 0.278308 0.382991 0.067262 0.069320
2 0.208121 0.374326 0.071161 0.058922
2 0.116002 0.366528 0.111128 0.098781
2 0.033143 0.382991 0.066287 0.076252
2 0.939400 0.760783 0.115027 0.350064
2 0.848960 0.443126 0.051665 0.046791
2 0.910860 0.441393 0.070186 0.067587
2 0.972273 0.437927 0.052640 0.074519
9 0.345709 0.153849 0.022142 0.056231
9 0.342158 0.258560 0.029244 0.051302
9 0.388948 0.305873 0.015597 0.032927
9 0.343132 0.308473 0.019496 0.038126
9 0.341670 0.337933 0.008773 0.017330
9 0.451823 0.324069 0.012673 0.027728
9 0.700399 0.304140 0.024370 0.032927
8 0.537119 0.142105 0.015597 0.055456
8 0.567338 0.212291 0.011698 0.036393
8 0.524934 0.142105 0.010723 0.055456
8 0.708685 0.340533 0.013647 0.022529
8 0.450751 0.362195 0.009748 0.013864
8 0.432230 0.361329 0.009748 0.019063