2 0.114878 0.637890 0.229394 0.271094
2 0.291538 0.594389 0.131836 0.161221
2 0.361796 0.579573 0.059875 0.123209
2 0.403933 0.571808 0.069222 0.102340
9 0.061963 0.375781 0.039551 0.070312
9 0.054712 0.439062 0.027686 0.042187
2 0.029004 0.501367 0.058008 0.025391
2 0.490825 0.572578 0.044033 0.053906
2 0.615014 0.563671 0.027686 0.028125
2 0.566235 0.560156 0.019775 0.035156
2 0.541845 0.557812 0.021094 0.030469
2 0.587988 0.554296 0.015820 0.023437
6 0.656543 0.562500 0.005273 0.039844
2 0.518115 0.557812 0.005273 0.030469
2 0.525366 0.556640 0.009229 0.032812
8 0.448242 0.519140 0.010547 0.014062
8 0.504931 0.474609 0.007910 0.018750
6 0.591943 0.486328 0.005273 0.023437
6 0.448901 0.568359 0.009229 0.042187