8 0.252647 0.179765 0.017139 0.077344
8 0.557188 0.311015 0.017139 0.063281
8 0.240782 0.189140 0.014502 0.063281
8 0.542686 0.309844 0.011865 0.051562
8 0.274400 0.195000 0.015820 0.079687
8 0.517637 0.472734 0.009229 0.030469
8 0.455015 0.472734 0.010547 0.025781
8 0.425352 0.485625 0.011865 0.023437
9 0.590440 0.482709 0.013915 0.031669
9 0.861729 0.299297 0.032959 0.035156
9 0.832725 0.272344 0.051416 0.028125
9 0.866343 0.238359 0.044824 0.039844
9 0.857773 0.191484 0.027686 0.044531
9 0.851841 0.166875 0.021094 0.042187
2 0.429966 0.543046 0.010547 0.030469
2 0.420078 0.547734 0.011865 0.021094
2 0.411509 0.543046 0.010547 0.025781
2 0.401621 0.544218 0.014502 0.032812
2 0.386460 0.543046 0.026367 0.049219
2 0.371958 0.545390 0.018457 0.049219
2 0.350865 0.541875 0.031641 0.065625
2 0.528184 0.538359 0.009229 0.025781
2 0.534116 0.543046 0.015820 0.035156
2 0.545322 0.544218 0.019775 0.037500
2 0.553892 0.545390 0.015820 0.044531
2 0.561143 0.554765 0.017139 0.049219
2 0.306700 0.551250 0.069873 0.084375
2 0.504453 0.544218 0.027686 0.046875
2 0.590806 0.562049 0.058008 0.087223
2 0.026548 0.572343 0.052734 0.098437
2 0.843272 0.554765 0.312451 0.555468
9 0.656724 0.357661 0.021094 0.016300
9 0.253306 0.401015 0.021094 0.021094
2 0.458647 0.539827 0.041917 0.053723
6 0.665794 0.551958 0.011698 0.067587