9 0.207914 0.323177 0.012474 0.012474
9 0.196219 0.340503 0.037423 0.030493
9 0.264007 0.368983 0.009356 0.012474
9 0.365361 0.346113 0.010915 0.016632
9 0.526748 0.322550 0.018711 0.058214
9 0.498291 0.344034 0.007017 0.012474
9 0.458529 0.346806 0.014813 0.012474
9 0.463597 0.359280 0.009356 0.015246
9 0.417208 0.343341 0.007017 0.016632
8 0.398496 0.329778 0.005458 0.012474
8 0.380175 0.329778 0.007796 0.015246
2 0.106519 0.392545 0.031186 0.020791
2 0.149010 0.400428 0.022610 0.017151
2 0.191111 0.391159 0.044440 0.073460
2 0.386022 0.366904 0.019491 0.011088
2 0.415648 0.368290 0.013254 0.011088
2 0.441377 0.373141 0.016373 0.020791
2 0.467885 0.380764 0.025728 0.036037
2 0.429682 0.400196 0.033525 0.044409
2 0.486917 0.366528 0.020471 0.012131