2 0.327085 0.564349 0.024883 0.028058
2 0.459368 0.582394 0.025859 0.038816
8 0.356201 0.504486 0.011873 0.027441
8 0.427441 0.512929 0.011873 0.027441
9 0.604749 0.417942 0.014248 0.029551
9 0.605343 0.446438 0.029683 0.031662
9 0.612467 0.472823 0.015435 0.016887
2 0.128209 0.565766 0.108446 0.108108
2 0.044595 0.568468 0.089189 0.084685
2 0.250845 0.562162 0.033446 0.043243
2 0.274155 0.565766 0.025338 0.036036
2 0.294932 0.565766 0.022297 0.032432
2 0.305574 0.563964 0.017230 0.036036
2 0.368919 0.563964 0.026351 0.032432
2 0.512838 0.610811 0.075000 0.086486