8 0.570311 0.529812 0.005458 0.012474
8 0.560955 0.541594 0.003898 0.011088
8 0.493126 0.536743 0.003898 0.015246
8 0.592531 0.448729 0.006237 0.024949
8 0.367603 0.443878 0.008576 0.026335
8 0.583954 0.448036 0.006237 0.029107
8 0.725460 0.459125 0.010135 0.040195
8 0.377738 0.446650 0.011695 0.031879
9 0.625433 0.533898 0.007722 0.018305
9 0.625433 0.517119 0.011155 0.012203
8 0.501102 0.538474 0.006864 0.018305
2 0.559449 0.575085 0.010297 0.018305
2 0.591117 0.576685 0.008741 0.021505
2 0.270715 0.579661 0.033464 0.027458
2 0.168512 0.570486 0.074461 0.051820
2 0.373252 0.590339 0.053199 0.067119
2 0.431170 0.583474 0.038612 0.038136
2 0.472357 0.574322 0.031748 0.056441
2 0.522982 0.576610 0.066070 0.051864
2 0.608358 0.580424 0.025742 0.035085
2 0.870407 0.597203 0.142436 0.181525
2 0.727484 0.608390 0.180477 0.236441
6 0.246261 0.586830 0.012013 0.053390
6 0.183623 0.587593 0.008581 0.045763
6 0.193490 0.583780 0.016303 0.056441
6 0.334211 0.588356 0.011155 0.038136
2 0.962609 0.524528 0.070773 0.040806
2 0.971694 0.550938 0.056427 0.076623
2 0.576226 0.578086 0.028692 0.032305
2 0.088176 0.572072 0.111486 0.095495
2 0.060811 0.577477 0.121622 0.106306
2 0.035473 0.581081 0.070946 0.113514
2 0.019764 0.605405 0.039527 0.075676