2 0.296267 0.518741 0.044037 0.026733
2 0.098636 0.495191 0.082704 0.084017
2 0.510009 0.539109 0.013963 0.026733
2 0.355598 0.522515 0.011815 0.017185
12 0.472135 0.517605 0.015037 0.021004
12 0.444209 0.507103 0.017185 0.049646
12 0.400172 0.498510 0.073038 0.158487
2 0.093215 0.639402 0.186430 0.504102
2 0.190189 0.551293 0.149297 0.148939
2 0.336264 0.541473 0.050482 0.057284
2 0.586624 0.551897 0.093644 0.143053
2 0.490932 0.539837 0.029000 0.057284
2 0.459783 0.581845 0.078408 0.110750
2 0.931048 0.691492 0.136769 0.611555
8 0.932557 0.534654 0.016111 0.038190
8 0.869187 0.537518 0.013963 0.059194