2 0.410683 0.386480 0.010332 0.036735
2 0.402503 0.390306 0.014636 0.044388
2 0.394755 0.394133 0.014636 0.045918
2 0.373004 0.401021 0.042188 0.067347
2 0.369561 0.407143 0.033578 0.070408
2 0.324790 0.419388 0.078348 0.125510
2 0.266765 0.451918 0.121840 0.147101
2 0.467162 0.386021 0.006888 0.012245
2 0.474480 0.386021 0.009471 0.018367
2 0.485673 0.387551 0.014636 0.024490
2 0.540203 0.410811 0.038514 0.061261
2 0.559343 0.419133 0.039605 0.062755
2 0.589349 0.430950 0.049680 0.089451
2 0.645153 0.435970 0.092985 0.151531
2 0.754333 0.463521 0.218360 0.246429
2 0.885665 0.542517 0.225028 0.453402
2 0.457519 0.382937 0.012054 0.013426
9 0.367060 0.334949 0.015497 0.022959
9 0.170909 0.231328 0.017139 0.053906
2 0.508277 0.394595 0.029392 0.046847