6 0.207727 0.580286 0.022384 0.115104
9 0.918438 0.500302 0.027530 0.061178
9 0.615718 0.487329 0.018129 0.016785
2 0.706418 0.570657 0.012618 0.018353
2 0.716168 0.576775 0.016059 0.026511
2 0.733925 0.575761 0.024043 0.044875
2 0.924174 0.578814 0.071120 0.046903
2 0.752654 0.582186 0.033206 0.053647
2 0.680608 0.574736 0.018353 0.026511
2 0.657093 0.568618 0.010324 0.014275
2 0.641033 0.570657 0.014912 0.018353
2 0.627223 0.573042 0.006070 0.020404
2 0.592855 0.580514 0.024089 0.036707
2 0.511412 0.582213 0.058502 0.091767
2 0.435130 0.591390 0.100944 0.093807
9 0.411041 0.477530 0.016059 0.018353
9 0.432836 0.490785 0.013765 0.040785
9 0.121681 0.183685 0.033450 0.055917
9 0.411844 0.499319 0.006070 0.023979
9 0.409484 0.544878 0.006744 0.031172
9 0.619468 0.475940 0.012139 0.008393
9 0.785033 0.562862 0.012814 0.028774
2 0.622840 0.573653 0.006744 0.021581
2 0.613061 0.576051 0.018209 0.028774
2 0.861577 0.576051 0.052603 0.043162