8 0.489841 0.359596 0.014622 0.050257
8 0.475706 0.362195 0.011698 0.055456
8 0.131112 0.227022 0.014622 0.079718
8 0.092119 0.225289 0.016572 0.083184
8 0.113565 0.221823 0.018521 0.090116
8 0.590734 0.537227 0.015597 0.027728
9 0.574162 0.402054 0.019496 0.045058
9 0.586834 0.457510 0.017547 0.020796
9 0.569288 0.449711 0.011698 0.015597
9 0.075060 0.446245 0.037043 0.025995
8 0.054102 0.518165 0.024370 0.031194
8 0.291955 0.532895 0.006824 0.019063
6 0.054589 0.616945 0.019496 0.090116
6 0.086758 0.577953 0.011698 0.043325
2 0.315838 0.589217 0.011698 0.027728
2 0.307064 0.590950 0.005849 0.024262
12 0.296342 0.587484 0.019496 0.038126
6 0.277820 0.598749 0.007798 0.029461
2 0.280745 0.594416 0.021446 0.027728
1 0.247601 0.582285 0.052640 0.093582
12 0.151095 0.567555 0.144272 0.227022
2 0.328510 0.597882 0.017547 0.031194
2 0.350931 0.595283 0.019496 0.025995
2 0.364091 0.615212 0.039967 0.058922
2 0.388948 0.600482 0.005849 0.025995
2 0.398696 0.598749 0.015597 0.039859
2 0.408444 0.600482 0.017547 0.050257
1 0.447924 0.584885 0.078959 0.119576
2 0.477656 0.630809 0.074085 0.072786
6 0.364578 0.621278 0.038992 0.112644
12 0.787157 0.492170 0.424041 0.977407