2 0.003534 0.397793 0.006237 0.010164
2 0.035812 0.417197 0.071623 0.048973
2 0.087736 0.420431 0.027028 0.033265
2 0.212739 0.419969 0.024429 0.030493
2 0.234310 0.422279 0.022870 0.022177
2 0.252761 0.423203 0.032745 0.020329
2 0.243925 0.399179 0.017152 0.018480
2 0.294862 0.413501 0.035864 0.032341
12 0.312014 0.405185 0.086801 0.048973
2 0.400634 0.411191 0.031186 0.031417
2 0.452870 0.399641 0.022350 0.024949
1 0.473141 0.406109 0.035864 0.032341
1 0.474441 0.394097 0.054055 0.047125
2 0.436498 0.410729 0.047818 0.045277
2 0.154786 0.401951 0.104992 0.094251
2 0.103329 0.396869 0.017672 0.028645
2 0.684789 0.401951 0.012994 0.018480
2 0.672315 0.399179 0.009876 0.016632
2 0.755217 0.406109 0.098755 0.067454
2 0.771122 0.418121 0.118506 0.056366
2 0.814522 0.419507 0.119026 0.099795
2 0.927311 0.413039 0.142935 0.145996
2 0.661971 0.401489 0.016632 0.021253
2 0.611814 0.403799 0.026508 0.025873
2 0.632605 0.403799 0.012994 0.012936
9 0.349022 0.369610 0.007796 0.018480
9 0.350061 0.348357 0.012994 0.022177
9 0.445594 0.364066 0.011955 0.014784
9 0.434679 0.364066 0.008836 0.016632