9 0.091632 0.187163 0.038992 0.048524
9 0.090657 0.253017 0.038992 0.083184
9 0.648247 0.433248 0.040942 0.041592
9 0.904622 0.023672 0.101380 0.047344
9 0.654096 0.499102 0.037043 0.055456
9 0.572212 0.464442 0.027295 0.034660
9 0.542481 0.470507 0.018521 0.022529
9 0.448412 0.446245 0.011698 0.039859
2 0.621927 0.524230 0.015597 0.015597
2 0.554178 0.520764 0.008773 0.019063
2 0.526396 0.516432 0.011698 0.017330
2 0.537119 0.527696 0.017547 0.025995
2 0.563439 0.530295 0.023395 0.027728
2 0.442563 0.516432 0.058488 0.086650