2 0.515735 0.628106 0.014813 0.020791
2 0.536396 0.634343 0.017152 0.036037
2 0.493516 0.623947 0.015593 0.023563
2 0.489617 0.626720 0.009356 0.018018
2 0.484160 0.630185 0.010915 0.022177
2 0.455313 0.620482 0.009356 0.013860
2 0.469347 0.624640 0.026508 0.027721
2 0.435432 0.623254 0.042881 0.033265
2 0.407755 0.628106 0.015593 0.023563
2 0.395670 0.630185 0.017932 0.027721
2 0.378518 0.622561 0.031965 0.042967
2 0.321604 0.632264 0.095896 0.103953
2 0.164895 0.622561 0.022610 0.026335
2 0.134489 0.628799 0.044440 0.030493
2 0.014813 0.625333 0.029627 0.042967
2 0.226877 0.619789 0.014034 0.018018
2 0.243249 0.623947 0.023389 0.018018
2 0.267808 0.614938 0.013254 0.016632
12 0.595259 0.626719 0.030406 0.059600
2 0.606954 0.650282 0.021050 0.067916
2 0.657761 0.702489 0.115388 0.181571
1 0.715845 0.643583 0.061592 0.102567
6 0.851717 0.662873 0.019539 0.065245
6 0.870794 0.628172 0.009356 0.020791
6 0.807253 0.657278 0.016373 0.067916
6 0.796728 0.662129 0.012474 0.072074
6 0.785813 0.655892 0.021830 0.076232
6 0.757746 0.644507 0.014034 0.052669
6 0.751119 0.669456 0.019491 0.080390
6 0.101882 0.620020 0.007796 0.027721
6 0.084340 0.614476 0.008576 0.027721
7 0.524896 0.648665 0.017152 0.070688
0 0.524117 0.676386 0.020271 0.056827
9 0.518386 0.577284 0.011695 0.020791
9 0.629876 0.574512 0.008576 0.020791
9 0.712128 0.572294 0.009356 0.034651
9 0.675485 0.592392 0.010915 0.024949
9 0.359339 0.500221 0.027288 0.018018
9 0.380389 0.491211 0.008576 0.019405
9 0.365966 0.527248 0.018711 0.022177
8 0.358832 0.560652 0.004678 0.016632
8 0.363120 0.561345 0.005458 0.015246
8 0.607929 0.577977 0.005458 0.015246
8 0.612217 0.578670 0.004678 0.013860