9 0.664693 0.503857 0.022852 0.053125
8 0.383643 0.417904 0.004395 0.018099
8 0.469995 0.457422 0.005273 0.020312
8 0.464062 0.457812 0.007031 0.025000
8 0.474170 0.457812 0.006152 0.025000
6 0.261714 0.481201 0.032520 0.117187
0 0.231831 0.556201 0.053613 0.082812
0 0.223482 0.551514 0.068555 0.095312
2 0.372041 0.503125 0.021973 0.028125
2 0.448945 0.525000 0.008789 0.018750
2 0.603633 0.575781 0.059766 0.067187
2 0.640107 0.589062 0.053613 0.071875
2 0.461250 0.528125 0.014062 0.025000
12 0.409249 0.495294 0.043654 0.093714
12 0.828633 0.504687 0.341016 0.540625
2 0.437234 0.521617 0.017780 0.040793
6 0.516434 0.538695 0.007467 0.028760