8 0.341617 0.338541 0.009560 0.038849
8 0.526680 0.399242 0.008195 0.024281
8 0.474780 0.395600 0.005463 0.021853
8 0.538289 0.150366 0.020487 0.157824
8 0.719256 0.224422 0.016389 0.111691
8 0.739742 0.404098 0.021853 0.038849
8 0.508925 0.439305 0.010926 0.016996
8 0.330007 0.338541 0.010926 0.038849
8 0.523266 0.171005 0.009560 0.131115
8 0.258304 0.347039 0.009560 0.036421
8 0.467952 0.398028 0.005463 0.026709
8 0.356640 0.451446 0.009560 0.021853
8 0.540338 0.438091 0.008195 0.019424
8 0.433807 0.445375 0.005463 0.019424
8 0.470000 0.452660 0.009560 0.019424
2 0.484341 0.467228 0.008195 0.024281
2 0.472732 0.468442 0.012292 0.012140
2 0.476146 0.479368 0.013658 0.014568
2 0.472732 0.515789 0.017755 0.043705
1 0.501413 0.472084 0.039608 0.024281
12 0.442002 0.506077 0.054631 0.101978
2 0.341617 0.542498 0.036876 0.077698
2 0.300643 0.548568 0.066923 0.104407
2 0.706281 0.597129 0.151602 0.177248
2 0.393516 0.548568 0.088776 0.123831
2 0.556045 0.599557 0.167991 0.269515
2 0.162699 0.650547 0.323691 0.424910
9 0.278791 0.389530 0.020487 0.024281
9 0.279473 0.412597 0.019121 0.016996
9 0.587458 0.462372 0.015024 0.019424
9 0.589506 0.348253 0.019121 0.029137
9 0.588140 0.394386 0.016389 0.024281
9 0.588140 0.433235 0.013658 0.033993
9 0.160650 0.417453 0.021853 0.016996
9 0.716524 0.365250 0.016389 0.024281
6 0.706964 0.492723 0.010926 0.036421
9 0.273327 0.457516 0.012292 0.014568
9 0.284937 0.464800 0.008195 0.038849
8 0.273327 0.483010 0.012292 0.016996