2 0.004171 0.572634 0.008342 0.056080
2 0.904111 0.643421 0.191778 0.473402
2 0.477764 0.353814 0.010324 0.015295
2 0.473462 0.354834 0.014339 0.017334
2 0.472602 0.364011 0.016059 0.013255
2 0.467727 0.373187 0.024662 0.017334
2 0.461705 0.383893 0.027530 0.022432
2 0.504358 0.348206 0.009600 0.012236
2 0.461131 0.399188 0.034413 0.020393
2 0.437042 0.401227 0.016059 0.026511
2 0.424998 0.404796 0.020648 0.029569
2 0.413527 0.406835 0.021795 0.033648
2 0.400335 0.413463 0.027530 0.040785
2 0.521640 0.393070 0.017780 0.034668
2 0.529957 0.396129 0.014912 0.040785
2 0.541714 0.397149 0.025810 0.055060
2 0.549744 0.406835 0.034986 0.056080
2 0.584157 0.418051 0.063664 0.100944
12 0.681391 0.426778 0.187394 0.229848
2 0.779817 0.507556 0.266013 0.241546
2 0.372601 0.423033 0.042442 0.050709
2 0.325712 0.434477 0.050189 0.075269
2 0.274234 0.451190 0.087179 0.107062
6 0.190496 0.404796 0.011471 0.018353
2 0.142318 0.492485 0.158299 0.165181
2 0.489945 0.402247 0.029251 0.037727