9 0.310810 0.330306 0.013776 0.024490
9 0.312102 0.354031 0.011193 0.019898
2 0.637979 0.364031 0.013776 0.016837
2 0.613871 0.361735 0.010332 0.009184
2 0.602248 0.364796 0.012915 0.018367
2 0.593639 0.374745 0.021524 0.026020
2 0.569626 0.380006 0.028602 0.042665
2 0.544994 0.378572 0.029273 0.045918
2 0.646923 0.383708 0.024776 0.035646
2 0.445982 0.386225 0.020663 0.027551
2 0.365521 0.389121 0.045135 0.049309
2 0.183817 0.411029 0.093846 0.076106
2 0.314898 0.401339 0.069002 0.076581
2 0.425922 0.390153 0.035300 0.041327
2 0.619209 0.397041 0.043048 0.070408
2 0.508341 0.453827 0.123980 0.185204
2 0.746461 0.428061 0.215242 0.272449
2 0.037237 0.429337 0.074474 0.166837