8 0.346798 0.489934 0.008046 0.028609
8 0.283433 0.568609 0.006035 0.017881
8 0.142037 0.507769 0.008889 0.032095
8 0.324671 0.594536 0.004023 0.016093
9 0.186374 0.586490 0.007041 0.021457
9 0.085794 0.517649 0.033191 0.016093
9 0.376972 0.485464 0.030174 0.012517
9 0.423741 0.482781 0.019110 0.028609
8 0.023938 0.590066 0.012070 0.014305
2 0.234149 0.627616 0.016093 0.025033
2 0.208377 0.633546 0.026137 0.023901
2 0.152518 0.636890 0.034521 0.029277
2 0.102893 0.642815 0.045261 0.041126
12 0.419718 0.560563 0.141817 0.076887
2 0.449892 0.786755 0.310791 0.404106
9 0.753139 0.046490 0.026151 0.057219