2 0.164687 0.651179 0.023909 0.037020
2 0.183135 0.650035 0.021568 0.032387
2 0.062010 0.649794 0.063312 0.063378
2 0.291061 0.629446 0.012077 0.018649
2 0.376858 0.616006 0.013891 0.013720
2 0.213440 0.642585 0.035180 0.047288
2 0.025420 0.696672 0.050840 0.109198
2 0.949066 0.577863 0.101867 0.115244
2 0.563767 0.627381 0.069761 0.062897
2 0.775066 0.694207 0.242321 0.214024
2 0.328419 0.638771 0.028316 0.039661
2 0.281226 0.637246 0.019735 0.027458
2 0.243488 0.648103 0.040405 0.052223
2 0.103395 0.692924 0.136430 0.138814
2 0.369237 0.634229 0.018999 0.030439
2 0.193441 0.647969 0.011199 0.027150