2 0.087463 0.515551 0.160246 0.150945
2 0.183730 0.483662 0.101649 0.129685
2 0.251618 0.476626 0.057208 0.098256
2 0.287770 0.468780 0.044247 0.082913
2 0.316438 0.465506 0.027439 0.063610
2 0.337027 0.460967 0.027957 0.050279
2 0.374761 0.459388 0.053329 0.077570
2 0.442344 0.444849 0.014932 0.030801
1 0.466552 0.429788 0.038268 0.077797
2 0.515583 0.493228 0.098061 0.140315
6 0.598696 0.461339 0.013155 0.059528
6 0.706922 0.514488 0.021526 0.153071
6 0.653705 0.460276 0.025113 0.074409
8 0.503624 0.063780 0.016742 0.076535
8 0.366100 0.061654 0.016742 0.072283
9 0.105999 0.308268 0.022721 0.038268
9 0.705382 0.255248 0.047148 0.034274
8 0.715293 0.324213 0.023917 0.040394
8 0.679417 0.324213 0.007175 0.040394
8 0.491148 0.368237 0.005148 0.018305
8 0.514745 0.370525 0.007722 0.010678
8 0.520322 0.394169 0.005148 0.012203
8 0.534480 0.395695 0.006006 0.012203