9 0.380662 0.343999 0.020471 0.029461
2 0.465958 0.399455 0.007798 0.012131
2 0.459134 0.399455 0.015597 0.025995
2 0.441588 0.401188 0.025345 0.046791
2 0.420441 0.409545 0.029842 0.060039
2 0.210303 0.476573 0.210047 0.218357
2 0.502513 0.403787 0.008773 0.017330
2 0.509337 0.408120 0.010723 0.019063
2 0.520547 0.410719 0.017547 0.031194
2 0.529321 0.409853 0.015597 0.025995
2 0.548817 0.414185 0.033143 0.045058
2 0.378814 0.411649 0.079161 0.102373
2 0.586113 0.436554 0.051197 0.079398
2 0.671368 0.473560 0.124226 0.155062
2 0.089682 0.567555 0.179365 0.421117
2 0.929479 0.642940 0.139398 0.298075
2 0.484479 0.403787 0.015597 0.024262