2 0.257205 0.509091 0.044440 0.023563
2 0.335559 0.502161 0.026508 0.020791
2 0.504353 0.496617 0.007017 0.012474
2 0.509031 0.496617 0.007017 0.012474
2 0.516047 0.499389 0.011695 0.015246
2 0.533064 0.502970 0.020779 0.027489
2 0.486031 0.508398 0.035864 0.052669
2 0.363034 0.513359 0.044845 0.056609
2 0.291007 0.524864 0.044994 0.048191
8 0.480184 0.460164 0.003898 0.011088
8 0.496946 0.471252 0.004678 0.011088
8 0.539047 0.461550 0.004678 0.013860
2 0.560877 0.501052 0.010915 0.012474
9 0.620520 0.451155 0.011695 0.023563