9 0.550652 0.469381 0.068779 0.043919
9 0.567496 0.579053 0.008422 0.011229
9 0.644098 0.507578 0.023572 0.026191
9 0.664699 0.549732 0.018949 0.042421
9 0.639433 0.548484 0.006316 0.014972
8 0.385653 0.558965 0.006316 0.017468
8 0.485663 0.561460 0.002807 0.014972
8 0.481452 0.560212 0.004211 0.012477
8 0.390917 0.558965 0.004211 0.014972
2 0.493102 0.605004 0.005615 0.006238
2 0.498366 0.609371 0.007720 0.007486
2 0.501524 0.610619 0.009826 0.007486
2 0.501875 0.618729 0.011931 0.011229
2 0.493804 0.636197 0.015440 0.031192
2 0.598481 0.620725 0.014738 0.034935
2 0.619863 0.650967 0.067327 0.070465
2 0.704217 0.677880 0.094266 0.102789
2 0.738145 0.642560 0.047022 0.041174
12 0.810784 0.693091 0.162122 0.157209
2 0.888335 0.648175 0.060357 0.049908
2 0.925176 0.739863 0.149649 0.271916
2 0.043694 0.814479 0.087387 0.296430
2 0.416898 0.703089 0.167034 0.293223
2 0.146695 0.662547 0.110888 0.127264
6 0.318067 0.632329 0.007018 0.049908
6 0.302066 0.625467 0.012633 0.051155
6 0.271185 0.623595 0.007018 0.024954