2 0.957813 0.409922 0.084375 0.100781
9 0.613877 0.297656 0.011865 0.028125
9 0.298130 0.201562 0.018457 0.018750
8 0.351524 0.157031 0.011865 0.065625
8 0.369322 0.159375 0.015820 0.056250
2 0.528843 0.357422 0.013184 0.049219
2 0.540049 0.359765 0.025049 0.039844
2 0.553892 0.367968 0.036914 0.037500
2 0.560484 0.391406 0.031641 0.051562
2 0.579408 0.402177 0.043122 0.062833
2 0.397569 0.399972 0.019581 0.064007
2 0.466880 0.406640 0.129199 0.241406
2 0.120811 0.430821 0.162158 0.108572
8 0.712195 0.318259 0.016381 0.029122