8 0.219690 0.074789 0.020600 0.071578
8 0.978463 0.163013 0.038390 0.068249
8 0.318006 0.186555 0.014982 0.061591
8 0.241694 0.075859 0.021536 0.073243
8 0.953650 0.169909 0.024345 0.081566
9 0.324560 0.258966 0.026218 0.016646
9 0.295065 0.243985 0.017791 0.019975
9 0.305248 0.278822 0.022472 0.013317
8 0.329593 0.314612 0.018727 0.038286
9 0.929322 0.083231 0.081462 0.058261
9 0.919958 0.195592 0.058990 0.116523
2 0.683999 0.408662 0.081462 0.089889
2 0.880367 0.399850 0.056589 0.050916
2 0.944303 0.411991 0.102062 0.103206
2 0.986743 0.390227 0.024673 0.060176
2 0.223827 0.484445 0.301585 0.237955
2 0.063860 0.433041 0.125847 0.094399
2 0.587088 0.416449 0.121725 0.102133
2 0.819303 0.408291 0.076777 0.063997
7 0.480510 0.418650 0.036517 0.138163
3 0.476297 0.451110 0.059926 0.116523