8 0.160362 0.141094 0.017139 0.065625
8 0.182115 0.209062 0.018457 0.051562
8 0.190025 0.148125 0.015820 0.056250
8 0.222325 0.362578 0.014502 0.021094
8 0.607285 0.391875 0.017139 0.028125
9 0.205845 0.362578 0.015820 0.035156
9 0.596079 0.348515 0.015820 0.030469
9 0.935557 0.198515 0.051416 0.082031
9 0.597641 0.271172 0.016307 0.058594
2 0.411224 0.421524 0.017886 0.026487
2 0.397007 0.415312 0.029004 0.032812
2 0.387779 0.429375 0.034277 0.032812
2 0.356138 0.428203 0.055371 0.049219
2 0.336865 0.433572 0.051102 0.050583
2 0.324818 0.447500 0.052093 0.071561
2 0.462925 0.430547 0.018457 0.030469
2 0.470835 0.442265 0.034277 0.044531
6 0.615855 0.441093 0.013184 0.042187
6 0.629697 0.453984 0.019775 0.072656
2 0.447764 0.425859 0.017139 0.025781
2 0.431944 0.424687 0.017139 0.028125
2 0.264512 0.456328 0.067236 0.077344
2 0.513023 0.468047 0.113379 0.067969
2 0.688364 0.466875 0.105469 0.079687
2 0.848545 0.466875 0.130517 0.079687
2 0.058758 0.452812 0.117515 0.173437