8 0.444008 0.417197 0.010135 0.016632
8 0.498973 0.411653 0.006237 0.013860
9 0.732477 0.281365 0.014813 0.024949
2 0.007017 0.559959 0.012474 0.088706
2 0.175315 0.502864 0.123162 0.129907
2 0.255164 0.488721 0.067180 0.101620
2 0.309909 0.474024 0.050677 0.077618
2 0.354665 0.479975 0.042249 0.056254
2 0.398789 0.456006 0.044440 0.058214
2 0.435042 0.458085 0.026508 0.029107
2 0.482990 0.466401 0.017932 0.026335
2 0.500143 0.460164 0.008576 0.019405
2 0.508329 0.461550 0.014034 0.027721
2 0.526261 0.456699 0.028067 0.051283
2 0.556277 0.462243 0.055355 0.081776
2 0.584734 0.466401 0.057694 0.090092
2 0.640479 0.484420 0.119286 0.131673
2 0.892885 0.534321 0.214229 0.372852
2 0.808492 0.502438 0.068609 0.103953
2 0.463499 0.457392 0.022610 0.024949