2 0.270509 0.445379 0.086758 0.086650
2 0.366994 0.419555 0.038060 0.044715
2 0.497639 0.414185 0.036068 0.055456
2 0.599236 0.408227 0.037607 0.045246
2 0.790497 0.418019 0.134472 0.141816
2 0.426804 0.406225 0.027260 0.042761
2 0.476350 0.406877 0.017474 0.035792
2 0.461572 0.395989 0.008773 0.019063
2 0.446581 0.398623 0.006949 0.014254
2 0.523748 0.403882 0.029798 0.041781
2 0.936158 0.385402 0.127685 0.071431
2 0.394977 0.408906 0.025704 0.034819
9 0.448069 0.220438 0.028559 0.066550
9 0.607305 0.311939 0.011698 0.013864
9 0.606791 0.335208 0.012619 0.029209
9 0.808116 0.309339 0.033143 0.039859
9 0.812990 0.280745 0.015597 0.027728
9 0.797880 0.280745 0.008773 0.013864
9 0.774485 0.318870 0.022421 0.038126
9 0.758401 0.292876 0.011698 0.020796
9 0.585372 0.346598 0.010723 0.024262
9 0.552132 0.364140 0.014815 0.027304
9 0.827124 0.312805 0.010723 0.019063
9 0.577613 0.327104 0.012594 0.013002
9 0.590246 0.328402 0.018521 0.012131
9 0.425504 0.376926 0.010723 0.019063
2 0.974808 0.366528 0.027295 0.032927
8 0.721910 0.327653 0.006043 0.017905
8 0.868951 0.322281 0.008057 0.014324