2 0.180142 0.516402 0.087298 0.116929
2 0.277036 0.494072 0.017590 0.023453
2 0.299463 0.488600 0.014072 0.020326
2 0.316471 0.474095 0.010763 0.025512
2 0.329424 0.471919 0.015949 0.021360
2 0.329786 0.488946 0.015868 0.021198
2 0.340321 0.479221 0.010629 0.018758
2 0.348162 0.473032 0.011959 0.014882
2 0.357131 0.471969 0.013155 0.017008
2 0.363485 0.489666 0.022346 0.035394
12 0.374337 0.466117 0.016474 0.045718
2 0.384038 0.473032 0.011959 0.019134
2 0.393007 0.471969 0.010763 0.017008
2 0.402142 0.471011 0.010114 0.014853
2 0.512974 0.491530 0.071317 0.060383