2 0.467397 0.412371 0.016237 0.030928
2 0.456379 0.418557 0.019716 0.026804
2 0.434923 0.416495 0.023196 0.035052
2 0.434923 0.423711 0.020876 0.032990
2 0.422151 0.428479 0.025966 0.039460
2 0.399954 0.431457 0.031829 0.049884
2 0.384459 0.439275 0.034342 0.047650
2 0.506499 0.408870 0.015575 0.028050
2 0.493935 0.415228 0.020601 0.029338
2 0.553222 0.410309 0.044072 0.051546
2 0.566271 0.440045 0.067850 0.094523
9 0.564656 0.366448 0.008776 0.020801
6 0.657603 0.434021 0.024356 0.169072
6 0.677320 0.438144 0.041753 0.173196
6 0.789820 0.427835 0.041753 0.169072
2 0.916249 0.402062 0.142678 0.154639
6 0.622417 0.406618 0.014702 0.057457