2 0.494022 0.472899 0.011952 0.026448
2 0.584372 0.468368 0.006888 0.018367
2 0.596321 0.469936 0.018931 0.032013
2 0.611894 0.476100 0.027492 0.042699
2 0.470689 0.485974 0.055030 0.068887
2 0.384157 0.479375 0.046173 0.052534
2 0.523368 0.474861 0.035553 0.054997
2 0.562845 0.477323 0.025857 0.036938
2 0.669733 0.496213 0.086347 0.110794
2 0.238243 0.493916 0.161074 0.173545
9 0.290657 0.382105 0.019854 0.023805
9 0.550221 0.423652 0.016358 0.019898
8 0.544625 0.394570 0.008610 0.019898
8 0.763168 0.415927 0.008446 0.026752
9 0.718479 0.410204 0.013776 0.024490
8 0.478349 0.374717 0.008311 0.025446