8 0.455659 0.370799 0.010926 0.019424
2 0.452245 0.391958 0.015024 0.019424
2 0.464537 0.398028 0.012292 0.026709
2 0.469317 0.407741 0.016389 0.026709
2 0.480244 0.408955 0.021853 0.043705
2 0.493219 0.428379 0.031413 0.053417
2 0.513705 0.432021 0.031413 0.065558
2 0.545697 0.441881 0.065333 0.094556
2 0.675390 0.489965 0.169036 0.181446
2 0.438587 0.393172 0.012292 0.016996
2 0.433124 0.406527 0.009560 0.019424
2 0.427661 0.407741 0.012292 0.016996
2 0.424929 0.417453 0.017755 0.031565
2 0.404443 0.423523 0.020487 0.038849
2 0.385722 0.434069 0.037677 0.055084
2 0.347395 0.438903 0.045649 0.100512
2 0.306981 0.450071 0.068683 0.131782
2 0.219679 0.475506 0.185146 0.172833
6 0.540338 0.451446 0.027316 0.118975
9 0.172259 0.301957 0.031413 0.034319
9 0.498682 0.387102 0.009560 0.019424
9 0.390785 0.366816 0.012292 0.011435
6 0.042510 0.479368 0.083313 0.335072
6 0.842859 0.480582 0.053266 0.191817