2 0.479604 0.769593 0.012618 0.022772
2 0.464355 0.758207 0.011569 0.011219
2 0.460148 0.767556 0.013673 0.014958
2 0.454889 0.779710 0.015776 0.013089
2 0.451734 0.794668 0.015776 0.016828
2 0.444853 0.804982 0.019020 0.026117
2 0.499063 0.752597 0.009466 0.011219
2 0.514840 0.748858 0.009466 0.014958
2 0.522728 0.773165 0.008414 0.018698
2 0.527461 0.793733 0.005259 0.018698
12 0.544289 0.786254 0.026294 0.044875
2 0.561117 0.799342 0.019984 0.056094
2 0.580686 0.804321 0.044396 0.068575
2 0.503796 0.794668 0.044174 0.076662
2 0.628702 0.815840 0.084684 0.107248
2 0.743073 0.859176 0.193525 0.194460
2 0.317806 0.825365 0.075383 0.101280
2 0.217190 0.832395 0.141988 0.191927
2 0.032070 0.822150 0.064141 0.069923
2 0.040493 0.905575 0.080986 0.188851
2 0.961416 0.926527 0.077167 0.146946