2 0.368235 0.673731 0.198325 0.295837
2 0.096263 0.622681 0.192526 0.212371
2 0.219529 0.604897 0.079521 0.123195
2 0.261656 0.582814 0.054756 0.095524
9 0.432639 0.449217 0.037184 0.060328
9 0.483634 0.422680 0.034794 0.063918
8 0.337500 0.497938 0.015077 0.024742
9 0.054510 0.562887 0.030155 0.220619
6 0.644845 0.612371 0.052191 0.208247
6 0.915077 0.660825 0.114820 0.490722
6 0.967526 0.657550 0.064948 0.465979
2 0.294086 0.573205 0.019082 0.052881
9 0.442461 0.514433 0.019716 0.024742
6 0.468557 0.553608 0.016237 0.037113
6 0.541624 0.559794 0.011598 0.032990