8 0.064247 0.490263 0.008993 0.028421
8 0.072740 0.513355 0.007993 0.028421
8 0.217121 0.492039 0.006994 0.024868
8 0.282567 0.522237 0.009992 0.014211
8 0.493394 0.453849 0.005995 0.026645
8 0.343416 0.480493 0.005863 0.026645
8 0.484901 0.454737 0.006994 0.021316
8 0.455925 0.501809 0.008993 0.015987
2 0.392206 0.558400 0.020521 0.037227
2 0.312006 0.567707 0.046906 0.045417
2 0.099046 0.603072 0.068264 0.055095
12 0.423951 0.533783 0.030975 0.044408
12 0.571829 0.509803 0.124897 0.238026
2 0.455864 0.546115 0.016333 0.023081
2 0.433215 0.575700 0.049502 0.071838
2 0.366034 0.560634 0.041037 0.075942
2 0.722587 0.563228 0.092603 0.120727
2 0.835063 0.689260 0.329875 0.396855
2 0.508850 0.554557 0.027295 0.034660
6 0.012355 0.617591 0.012983 0.049884