2 0.028342 0.593224 0.056684 0.196817
2 0.165894 0.551084 0.045560 0.093133
2 0.729457 0.543401 0.039377 0.070587
2 0.692927 0.541727 0.017507 0.039236
2 0.633805 0.537703 0.025042 0.041740
2 0.579472 0.572207 0.106073 0.156646
2 0.664101 0.549754 0.056449 0.073841
2 0.795238 0.576819 0.151251 0.165869
2 0.977047 0.617466 0.045905 0.122003
6 0.970659 0.533624 0.015593 0.072074
6 0.946879 0.535010 0.019491 0.080390
9 0.749629 0.492736 0.014813 0.026335
9 0.551209 0.441453 0.026508 0.026335
9 0.593310 0.427592 0.010915 0.015246
9 0.635411 0.426206 0.010915 0.015246
9 0.688037 0.423434 0.013254 0.012474
9 0.581304 0.486499 0.015593 0.019405
8 0.648353 0.478183 0.006237 0.013860
8 0.671743 0.474024 0.003119 0.016632
6 0.992111 0.524663 0.014622 0.076252