2 0.513617 0.520261 0.009674 0.014853
2 0.500644 0.526458 0.018909 0.031938
2 0.439361 0.536135 0.017468 0.037830
2 0.424349 0.537851 0.023746 0.037524
2 0.406072 0.539653 0.023361 0.044866
2 0.395016 0.541607 0.021729 0.048775
2 0.574783 0.524222 0.007877 0.025207
2 0.586205 0.529123 0.008665 0.029409
2 0.598021 0.532624 0.013391 0.036411
2 0.614957 0.531924 0.031509 0.046214
2 0.628217 0.542661 0.022057 0.051815
2 0.669541 0.541432 0.076346 0.099086
2 0.543453 0.525177 0.034660 0.064419
12 0.470277 0.511014 0.042705 0.086508
2 0.323281 0.560888 0.136278 0.163848
2 0.221381 0.566972 0.092730 0.120000
9 0.062819 0.431532 0.034427 0.067231
9 0.828411 0.333178 0.043711 0.048030
9 0.824170 0.286852 0.025255 0.042903