2 0.900902 0.465461 0.198195 0.203659
2 0.618837 0.433367 0.164872 0.186125
2 0.200566 0.379306 0.052530 0.056624
2 0.269757 0.373428 0.038032 0.043060
2 0.300970 0.368464 0.023468 0.033133
2 0.312305 0.364112 0.007179 0.021981
2 0.334897 0.360312 0.018061 0.024307
2 0.433063 0.359603 0.017358 0.025726
2 0.404433 0.358707 0.019926 0.026770
2 0.382305 0.354540 0.013960 0.022691
2 0.413344 0.349031 0.012621 0.018698
2 0.345883 0.355900 0.010222 0.019971
2 0.354784 0.352058 0.009174 0.016309
12 0.477502 0.346849 0.073624 0.136496
2 0.519748 0.353082 0.017880 0.033033
6 0.145670 0.375831 0.009466 0.041136
12 0.024929 0.336254 0.049857 0.246191
9 0.088914 0.333761 0.010518 0.013089
2 0.631552 0.333444 0.030620 0.019052
2 0.396065 0.352767 0.010370 0.021981