8 0.410770 0.184477 0.010520 0.056108
8 0.558533 0.233785 0.009564 0.042506
8 0.520277 0.385957 0.007651 0.020403
8 0.485847 0.385957 0.005738 0.020403
8 0.350996 0.363854 0.011477 0.023804
8 0.658954 0.368955 0.011477 0.023804
8 0.831695 0.289391 0.037524 0.050312
8 0.420813 0.187878 0.009564 0.049307
8 0.567619 0.229534 0.006695 0.040806
8 0.204668 0.288193 0.013389 0.042506
9 0.202755 0.194679 0.030605 0.027204
9 0.217101 0.223583 0.045907 0.030605
9 0.226187 0.255038 0.014346 0.028904
9 0.648361 0.161595 0.018981 0.054265
9 0.648434 0.256738 0.021041 0.044207
9 0.647956 0.308104 0.023910 0.029888
9 0.648434 0.346001 0.024866 0.018703
9 0.943385 0.298394 0.042081 0.028904
9 0.539310 0.403810 0.006695 0.015302
2 0.528128 0.431923 0.011433 0.032052
2 0.536377 0.435060 0.016499 0.032032
2 0.482978 0.436965 0.009564 0.017003
2 0.475805 0.435265 0.008608 0.023804
2 0.463728 0.434719 0.025110 0.037646
2 0.554087 0.432229 0.029932 0.042385
2 0.157942 0.491253 0.315884 0.349476
2 0.872404 0.455896 0.137118 0.078435