2 0.603734 0.415120 0.018690 0.019269
2 0.549812 0.416282 0.022840 0.026448
2 0.527275 0.416808 0.018740 0.025917
2 0.480390 0.417971 0.020575 0.024970
2 0.459859 0.415543 0.023218 0.029826
2 0.424954 0.418341 0.054477 0.045135
2 0.352645 0.415198 0.054631 0.033993
9 0.451231 0.367851 0.016889 0.026709
2 0.247388 0.482779 0.197945 0.225810
2 0.851697 0.488415 0.207793 0.198350
2 0.938545 0.570063 0.122910 0.232032
8 0.624504 0.388490 0.008195 0.019424
2 0.057160 0.413379 0.021446 0.030354
2 0.092190 0.409128 0.031413 0.036421