8 0.080581 0.403058 0.030047 0.048561
8 0.340763 0.413984 0.015024 0.046133
8 0.458903 0.444335 0.010926 0.038849
8 0.297741 0.529317 0.010926 0.019424
9 0.301155 0.489254 0.017755 0.012140
9 0.306618 0.506250 0.020487 0.016996
9 0.143407 0.486826 0.030047 0.021853
9 0.570897 0.471044 0.027316 0.014568
9 0.512169 0.519605 0.016389 0.014568
8 0.516539 0.540243 0.010926 0.021853
8 0.571990 0.521062 0.016389 0.029137
8 0.450435 0.443364 0.010926 0.033993
2 0.189977 0.611618 0.124032 0.147666
2 0.356977 0.584753 0.020137 0.047743
2 0.368762 0.579092 0.016389 0.036421
2 0.375602 0.577337 0.010949 0.042622
2 0.383785 0.574236 0.013658 0.036421
2 0.482531 0.588804 0.039608 0.065558
2 0.466142 0.571808 0.017755 0.031565
2 0.456581 0.564524 0.015024 0.026709
2 0.528846 0.611664 0.074874 0.121817
2 0.540747 0.634068 0.060052 0.124718
2 0.610852 0.651183 0.141894 0.192258
2 0.425715 0.637608 0.102434 0.150540
2 0.333588 0.586762 0.041100 0.053703
2 0.760660 0.743414 0.324346 0.318224
2 0.076608 0.670939 0.153216 0.196646
9 0.977092 0.225289 0.045816 0.079718