2 0.265952 0.503188 0.175806 0.070561
2 0.802870 0.455029 0.059233 0.119814
2 0.912082 0.470755 0.174829 0.296510
6 0.601944 0.467908 0.016572 0.048524
6 0.549304 0.473973 0.010723 0.043325
6 0.534682 0.471374 0.016572 0.048524
6 0.490816 0.480039 0.012673 0.045058
6 0.469370 0.478306 0.018521 0.048524
6 0.396259 0.476573 0.014622 0.065854
6 0.434764 0.487837 0.011698 0.032927
6 0.654096 0.465308 0.017547 0.050257
6 0.698450 0.467908 0.010723 0.027728
6 0.687240 0.470507 0.015597 0.036393
6 0.669206 0.465308 0.008773 0.043325
6 0.677004 0.463575 0.008773 0.050257
6 0.337681 0.484218 0.015820 0.056250