2 0.022717 0.575220 0.045433 0.134276
2 0.894103 0.640298 0.211794 0.257040
2 0.097824 0.563026 0.131115 0.118755
2 0.762375 0.590319 0.151407 0.145741
12 0.646186 0.540070 0.107897 0.121403
2 0.592593 0.538896 0.033489 0.080046
2 0.571541 0.535624 0.029627 0.052597
2 0.548533 0.534000 0.010926 0.041277
2 0.280156 0.536428 0.053266 0.055845
2 0.437904 0.520645 0.019121 0.029137
2 0.313688 0.534097 0.024723 0.051183
2 0.327653 0.528806 0.021380 0.056064
2 0.353148 0.524753 0.027472 0.047064
2 0.366884 0.525501 0.016389 0.043705
2 0.379176 0.526715 0.016389 0.031565
2 0.390102 0.521859 0.021853 0.031565
7 0.412637 0.512147 0.015024 0.021853
0 0.411852 0.526072 0.007989 0.025422
2 0.414003 0.517003 0.020487 0.021853