6 0.327025 0.448215 0.006027 0.013776
6 0.317985 0.448215 0.008610 0.013776
6 0.252326 0.446502 0.007749 0.024490
6 0.259213 0.454920 0.009471 0.026020
6 0.178713 0.445736 0.010332 0.010714
6 0.220470 0.434257 0.009471 0.012245
6 0.157188 0.450328 0.013776 0.032143
6 0.101225 0.476349 0.013776 0.099490
6 0.870214 0.492245 0.012054 0.079592
6 0.847829 0.486888 0.015497 0.084184
6 0.796602 0.484592 0.011193 0.064286
6 0.809086 0.483827 0.013776 0.062755
6 0.771203 0.476939 0.017219 0.073469
6 0.726432 0.472347 0.008610 0.045918
6 0.715240 0.463163 0.012054 0.036735
6 0.704591 0.459388 0.012689 0.038367
6 0.650237 0.460102 0.009471 0.021429
6 0.640766 0.458572 0.007749 0.024490
6 0.911767 0.496939 0.018941 0.091837
6 0.882494 0.495408 0.013776 0.082653
6 0.836863 0.479337 0.010332 0.075000
6 0.750766 0.469388 0.013776 0.055102
6 0.735699 0.490051 0.016358 0.081122
6 0.682749 0.460970 0.008610 0.029082
6 0.691789 0.456378 0.009471 0.035204
6 0.667682 0.455612 0.012915 0.030612
6 0.985275 0.470884 0.029450 0.095783
3 0.981120 0.562311 0.037761 0.098561
7 0.989238 0.532935 0.021524 0.096429
6 0.125847 0.481249 0.022095 0.099233
6 0.099733 0.485204 0.019802 0.101020
6 0.283550 0.461480 0.008610 0.062755
6 0.272788 0.463010 0.011193 0.056633
6 0.308087 0.459949 0.009471 0.044388
6 0.295173 0.461480 0.012915 0.044388
9 0.193923 0.320663 0.023246 0.019898
8 0.347606 0.275510 0.010332 0.058163
8 0.576538 0.398725 0.007749 0.022959
8 0.602367 0.410204 0.009471 0.018367
8 0.459446 0.397959 0.007749 0.018367
8 0.479248 0.397959 0.004305 0.018367
8 0.874458 0.403598 0.015497 0.033673
9 0.394898 0.390051 0.006888 0.013776
2 0.513256 0.462245 0.015497 0.024490
2 0.532890 0.461114 0.022049 0.038996
2 0.564915 0.474490 0.034439 0.048980
2 0.603970 0.471208 0.064573 0.090238
2 0.423597 0.558487 0.215242 0.295408
2 0.196506 0.490408 0.124841 0.097959
9 0.860683 0.191438 0.027551 0.047449
2 0.344910 0.505643 0.084958 0.175662