12 0.211132 0.359274 0.420393 0.712431
9 0.643106 0.369255 0.040706 0.013725
9 0.787331 0.359898 0.030178 0.017468
2 0.549455 0.513617 0.020668 0.032834
2 0.570112 0.512053 0.022450 0.031270
2 0.477059 0.510189 0.028905 0.033797
2 0.520988 0.516483 0.021055 0.031192
2 0.635386 0.527712 0.071586 0.068623
9 0.697540 0.406573 0.016056 0.043895
9 0.449307 0.459916 0.016381 0.010401
8 0.587960 0.368182 0.012871 0.045763
8 0.613877 0.384997 0.009674 0.021148
8 0.469198 0.457627 0.009361 0.016641
2 0.502154 0.513948 0.016769 0.028807