9 0.210961 0.394339 0.028723 0.046946
9 0.500306 0.435003 0.011471 0.014955
9 0.616927 0.374504 0.009177 0.029909
9 0.413892 0.351393 0.014530 0.010876
8 0.522935 0.400335 0.016824 0.027190
8 0.436521 0.357510 0.013765 0.025831
8 0.397346 0.354112 0.009941 0.019033
9 0.384450 0.425486 0.007647 0.014955
9 0.384832 0.435003 0.009941 0.012236
9 0.401656 0.420048 0.008412 0.012236
2 0.033961 0.462193 0.067922 0.074773
2 0.981647 0.470350 0.036707 0.131873
2 0.077863 0.447918 0.059649 0.051662
2 0.137510 0.445113 0.070351 0.046395
2 0.458698 0.481906 0.100944 0.149547
6 0.821919 0.461774 0.030934 0.144109