6 0.559264 0.462407 0.057175 0.207582
8 0.499512 0.040037 0.024694 0.080075
8 0.475099 0.040724 0.024131 0.081449
2 0.424783 0.392975 0.008858 0.011453
2 0.413912 0.391543 0.008053 0.014316
2 0.403935 0.404981 0.013744 0.019005
2 0.395390 0.397985 0.006442 0.012884
2 0.383714 0.405859 0.005637 0.017179
2 0.376064 0.407291 0.011274 0.014316
2 0.368011 0.410870 0.009663 0.018611
2 0.390190 0.427153 0.027998 0.039819
2 0.357140 0.408722 0.008858 0.020042
2 0.270170 0.419459 0.024964 0.027200
2 0.241196 0.454359 0.057206 0.074095
2 0.363985 0.444512 0.020937 0.062990
2 0.312447 0.451670 0.095023 0.128844
2 0.435252 0.403712 0.008858 0.021474
2 0.448006 0.403473 0.015040 0.018134
2 0.461826 0.430912 0.018521 0.044380
2 0.491361 0.433298 0.047511 0.085896
2 0.505856 0.450119 0.043485 0.080885
2 0.526218 0.458702 0.051193 0.086627
8 0.026483 0.325706 0.020937 0.045811
9 0.015456 0.229073 0.030912 0.027200
8 0.710363 0.307453 0.025366 0.039369
9 0.677237 0.239077 0.045095 0.027200
9 0.700590 0.204003 0.028990 0.025769
2 0.949605 0.488541 0.100790 0.128844
2 0.449082 0.423515 0.017139 0.030469