2 0.043028 0.474296 0.086056 0.263908
2 0.864029 0.555852 0.270425 0.376349
2 0.186787 0.368719 0.235764 0.222299
2 0.488438 0.366172 0.125652 0.202113
2 0.312935 0.319116 0.113360 0.145684
2 0.389419 0.317902 0.055997 0.089838
2 0.407174 0.303334 0.031413 0.065558
2 0.421056 0.302515 0.020040 0.067196
2 0.446782 0.293622 0.023218 0.031565
2 0.711357 0.395219 0.193349 0.239616
2 0.609993 0.342183 0.095605 0.123831
2 0.565155 0.330022 0.037777 0.084940
2 0.560047 0.311387 0.042529 0.067096
2 0.535967 0.300299 0.011473 0.013354
6 0.165431 0.242633 0.031413 0.046133
9 0.425049 0.255987 0.014785 0.024281
9 0.518486 0.204998 0.016389 0.014568
9 0.892710 0.169791 0.071021 0.118975
8 0.464675 0.154977 0.007105 0.035931
8 0.502779 0.196499 0.006829 0.031565
8 0.381224 0.174647 0.006829 0.026709
8 0.383273 0.221994 0.010926 0.014568
8 0.599067 0.190429 0.005463 0.029137
9 0.569873 0.271943 0.013658 0.014568
9 0.571239 0.246448 0.010926 0.026709
2 0.485600 0.275093 0.034743 0.027557