8 0.308740 0.395713 0.020271 0.037423
8 0.362145 0.358290 0.014813 0.042967
8 0.635801 0.267505 0.014813 0.060986
8 0.656851 0.423434 0.017932 0.040195
8 0.632682 0.426899 0.022610 0.038809
9 0.314977 0.356211 0.018711 0.013860
9 0.316536 0.448383 0.014034 0.037423
6 0.607925 0.559147 0.027670 0.131911
6 0.554718 0.562038 0.017932 0.148306
6 0.574209 0.567582 0.021050 0.139990
6 0.730138 0.550256 0.021050 0.155236
6 0.694664 0.545405 0.042101 0.173255
2 0.388653 0.615400 0.134879 0.194045
5 0.238114 0.495502 0.191660 0.152462
5 0.406710 0.414073 0.153328 0.232158