9 0.368327 0.312520 0.011959 0.023386
9 0.367131 0.290197 0.014350 0.025512
7 0.471934 0.304441 0.010763 0.021260
3 0.473130 0.328890 0.017938 0.036142
2 0.239449 0.343013 0.033261 0.037659
2 0.320443 0.326485 0.047408 0.047438
2 0.554002 0.310250 0.029333 0.040112
2 0.456223 0.292323 0.013155 0.021260
3 0.770302 0.310819 0.035876 0.085039
7 0.765519 0.278929 0.028701 0.110551
2 0.606257 0.307802 0.045039 0.059073
2 0.525937 0.308241 0.015926 0.028860
2 0.515583 0.315071 0.009567 0.025512
2 0.501606 0.317353 0.026873 0.033685
2 0.493459 0.291685 0.020330 0.017008
8 0.251894 0.221528 0.013155 0.042520
8 0.267441 0.230032 0.015546 0.051024
2 0.425247 0.355043 0.104893 0.169507
8 0.049506 0.322577 0.007749 0.019898
8 0.131298 0.286607 0.006027 0.012245
8 0.421875 0.184133 0.006888 0.026020
8 0.587612 0.129796 0.007749 0.030612
8 0.363760 0.246123 0.006027 0.018367
8 0.339222 0.281327 0.006888 0.015306
6 0.580294 0.301225 0.010332 0.045918
6 0.663808 0.298163 0.008610 0.039796