9 0.559770 0.612532 0.014641 0.038175
9 0.567686 0.650032 0.014031 0.026939
9 0.552193 0.643309 0.012227 0.016439
8 0.325028 0.710741 0.011713 0.032631
8 0.278791 0.711595 0.009560 0.033646
8 0.559770 0.795597 0.014641 0.057262
9 0.352846 0.779113 0.010737 0.020823
9 0.212781 0.749938 0.013665 0.013234
2 0.366998 0.816420 0.035138 0.057262
2 0.377247 0.825096 0.030258 0.053792
2 0.397352 0.836111 0.029184 0.073833
2 0.440580 0.854463 0.080792 0.116523
2 0.258168 0.812949 0.012689 0.036440
2 0.242990 0.813447 0.021375 0.051316
2 0.222029 0.818804 0.034112 0.058560
2 0.206851 0.830257 0.033039 0.067583
2 0.180351 0.829064 0.036650 0.099902
2 0.128327 0.834248 0.092775 0.163894
2 0.055281 0.849778 0.110563 0.222104
1 0.299650 0.790392 0.072228 0.150964