2 0.340772 0.607220 0.027346 0.039266
2 0.320263 0.610025 0.022087 0.041136
2 0.289041 0.611532 0.047096 0.047609
2 0.258735 0.609090 0.029449 0.039266
2 0.480657 0.603761 0.012621 0.016828
2 0.451234 0.606540 0.012674 0.014908
2 0.433329 0.603211 0.018934 0.023208
2 0.382924 0.644322 0.094497 0.116649
2 0.200362 0.641157 0.135678 0.121537
2 0.067769 0.730908 0.135538 0.484280
2 0.957110 0.639718 0.085780 0.099588
2 0.969346 0.674065 0.061309 0.112188
2 0.983698 0.682480 0.032605 0.099100
8 0.433472 0.531399 0.008414 0.022438
8 0.201558 0.422015 0.013673 0.028047
8 0.103073 0.388920 0.012621 0.039266
8 0.451208 0.455765 0.014725 0.024307
8 0.563221 0.486617 0.009466 0.018698
8 0.581627 0.558605 0.010518 0.016828
8 0.464355 0.536167 0.009466 0.020568
8 0.493804 0.537102 0.007362 0.018698
8 0.494856 0.573563 0.009466 0.013089
8 0.541660 0.595066 0.006311 0.014958
9 0.202465 0.490263 0.024191 0.014958
9 0.201939 0.508961 0.021035 0.014958
9 0.199836 0.539813 0.023139 0.039266
9 0.519573 0.581510 0.012621 0.024307
9 0.648414 0.564682 0.022087 0.039266
9 0.794610 0.484280 0.019984 0.050485
9 0.842465 0.568047 0.018932 0.037396
8 0.089400 0.385741 0.012621 0.046745
8 0.664716 0.526912 0.025242 0.033657
9 0.933048 0.367230 0.045043 0.048615