0 0.156766 0.655450 0.112767 0.183412
0 0.052591 0.645344 0.105181 0.295429
0 0.130374 0.541350 0.107968 0.279384
9 0.113439 0.295433 0.094876 0.155050
9 0.098117 0.178098 0.067769 0.058667
9 0.097983 0.063270 0.057583 0.126540
9 0.463339 0.308980 0.020522 0.044974
9 0.457277 0.412322 0.013196 0.029858
6 0.394570 0.518698 0.017344 0.088339
6 0.434903 0.514398 0.022866 0.101629
6 0.479470 0.518957 0.014396 0.072512
2 0.564653 0.510811 0.036006 0.030627
12 0.524357 0.501900 0.046986 0.093830
2 0.516814 0.525949 0.041097 0.056638