2 0.401003 0.553581 0.016762 0.038968
2 0.391800 0.557271 0.016408 0.046348
2 0.386432 0.561876 0.015987 0.041804
2 0.368768 0.561604 0.034814 0.055014
2 0.358208 0.570294 0.031745 0.049470
2 0.336583 0.574669 0.032336 0.058221
2 0.307128 0.581357 0.063683 0.067012
2 0.228445 0.591665 0.098438 0.115136
2 0.459670 0.545559 0.011605 0.018338
2 0.447103 0.549708 0.019994 0.035806
2 0.484169 0.531805 0.032235 0.018338
2 0.488037 0.546705 0.042550 0.011461
2 0.704656 0.521490 0.112178 0.048138
2 0.789756 0.527359 0.148281 0.045569
2 0.016762 0.692263 0.033524 0.151289
2 0.134435 0.634715 0.175058 0.149651
2 0.494715 0.644713 0.128758 0.189139
2 0.425534 0.556145 0.033601 0.049765
9 0.587643 0.392126 0.020630 0.030648
2 0.408043 0.540776 0.008860 0.017501