2 0.443817 0.577223 0.025130 0.059939
2 0.295600 0.577041 0.032717 0.045918
2 0.329177 0.567092 0.034439 0.032143
2 0.396764 0.572919 0.023246 0.037674
6 0.553173 0.548725 0.008610 0.012245
2 0.562213 0.546429 0.007749 0.013776
2 0.545424 0.549490 0.008610 0.010714
2 0.536815 0.552551 0.010332 0.016837
2 0.528635 0.556378 0.014636 0.018367
2 0.609997 0.538776 0.010332 0.019898
6 0.622912 0.540306 0.012054 0.022959
2 0.635396 0.548725 0.021524 0.021429
2 0.656489 0.555612 0.027551 0.032143
2 0.684471 0.563266 0.030134 0.038265
2 0.705855 0.566440 0.030564 0.049397
2 0.739143 0.561883 0.053380 0.070408
2 0.365279 0.572077 0.035300 0.045918
2 0.518835 0.564121 0.016297 0.023161
2 0.483747 0.568122 0.024968 0.043563
2 0.421923 0.588929 0.042188 0.057521
2 0.311597 0.620500 0.094628 0.091825
2 0.022777 0.662867 0.044944 0.191327
2 0.929105 0.528215 0.056824 0.041327
9 0.464350 0.508674 0.010332 0.009184
9 0.466588 0.524149 0.009298 0.006804
9 0.672561 0.499745 0.009471 0.019898