2 0.245329 0.452660 0.109263 0.131115
2 0.902271 0.590192 0.193941 0.570594
2 0.355404 0.446641 0.050793 0.070310
9 0.441319 0.308190 0.031413 0.041277
9 0.513100 0.314299 0.095348 0.087333
9 0.853785 0.361607 0.042339 0.075270
9 0.853785 0.235348 0.017755 0.046133
9 0.848322 0.272983 0.023218 0.024281
9 0.879052 0.289980 0.043705 0.024281
9 0.857200 0.429593 0.030047 0.031565
9 0.667356 0.383460 0.019121 0.036421
9 0.549899 0.429593 0.016389 0.016996
9 0.519168 0.441733 0.006829 0.021853
9 0.403142 0.339021 0.009691 0.025241
2 0.387336 0.447977 0.030047 0.060701
2 0.400151 0.447777 0.025629 0.056245
2 0.416018 0.450405 0.010926 0.036421
2 0.422847 0.449191 0.010926 0.033993
2 0.428993 0.450405 0.009560 0.036421
2 0.544401 0.462545 0.008195 0.021853
2 0.480892 0.455261 0.025950 0.036421
2 0.529378 0.460117 0.024584 0.031565
2 0.556693 0.458903 0.008195 0.024281
2 0.565571 0.461331 0.020487 0.038849
2 0.575131 0.464973 0.015024 0.036421
2 0.584692 0.469830 0.017755 0.041277
2 0.599716 0.475900 0.031413 0.048561
2 0.631794 0.481970 0.044967 0.065558
2 0.651069 0.495324 0.047802 0.067986
2 0.688628 0.507464 0.068289 0.082554
2 0.740528 0.528103 0.095605 0.109263
2 0.828621 0.535387 0.148870 0.191817
2 0.612347 0.482965 0.017997 0.046291