8 0.268746 0.182764 0.013184 0.054687
8 0.574605 0.262451 0.006152 0.039062
8 0.502535 0.420264 0.007910 0.026562
8 0.486275 0.416357 0.007031 0.021875
8 0.458150 0.397607 0.008789 0.018750
8 0.435738 0.401514 0.007910 0.023437
8 0.445406 0.427295 0.009668 0.012500
8 0.432222 0.426514 0.007910 0.010937
8 0.735445 0.356982 0.011426 0.031250
8 0.739400 0.159326 0.024609 0.107812
8 0.763130 0.359326 0.026367 0.045312
9 0.743275 0.283757 0.031585 0.022544
9 0.762251 0.250732 0.033398 0.018750
2 0.450690 0.460759 0.026557 0.043394
2 0.423806 0.463940 0.036914 0.062500
2 0.340292 0.460937 0.129199 0.109375
2 0.259872 0.465625 0.031641 0.053125
2 0.209335 0.474219 0.069434 0.070312
2 0.114053 0.464442 0.103330 0.117843
2 0.030029 0.448656 0.058868 0.159813
12 0.531015 0.434375 0.029004 0.043750
2 0.531015 0.458594 0.013184 0.029687
2 0.545077 0.459375 0.011426 0.031250
2 0.552548 0.446875 0.012305 0.031250
2 0.571445 0.451562 0.025488 0.034375
6 0.652634 0.453177 0.012673 0.039859
6 0.667743 0.454044 0.009748 0.041592