2 0.342982 0.396814 0.025950 0.038849
2 0.301326 0.410169 0.038242 0.060701
2 0.380541 0.459602 0.101068 0.149856
2 0.181137 0.449018 0.128384 0.143256
2 0.082801 0.411383 0.057363 0.067986
6 0.267181 0.399242 0.010926 0.043705
6 0.248060 0.400456 0.010926 0.041277
6 0.237817 0.399242 0.012292 0.053417
6 0.143578 0.389530 0.015024 0.033993
6 0.124457 0.401670 0.009560 0.048561
9 0.217330 0.332412 0.017755 0.036303
9 0.415369 0.360393 0.009560 0.024281
8 0.355957 0.357965 0.010926 0.019424
9 0.515071 0.313046 0.015024 0.016996
9 0.770081 0.555181 0.077067 0.151626