9 0.654167 0.214394 0.012656 0.020625
9 0.653639 0.249082 0.017930 0.041250
9 0.652593 0.281355 0.009508 0.027047
2 0.877332 0.445819 0.240369 0.270000
2 0.458448 0.339010 0.007709 0.015761
2 0.415728 0.349087 0.013155 0.025512
2 0.403171 0.351736 0.016742 0.026559
2 0.394285 0.349266 0.010547 0.026250
2 0.529629 0.332500 0.007383 0.026250
2 0.539121 0.334375 0.011602 0.030000
2 0.542285 0.339062 0.009492 0.031875
2 0.548086 0.343750 0.010547 0.026250
2 0.553887 0.341875 0.009492 0.030000
2 0.564961 0.343750 0.018984 0.048750
2 0.583945 0.346562 0.031641 0.054375
2 0.591855 0.356875 0.028477 0.060000
2 0.614004 0.361562 0.036914 0.069375
2 0.644590 0.372812 0.058008 0.095625
2 0.713055 0.391081 0.128845 0.134088
2 0.446123 0.341374 0.011969 0.015761
2 0.425962 0.344817 0.013280 0.019907
2 0.379981 0.352997 0.025453 0.033494
2 0.106480 0.400826 0.107492 0.092111