8 0.391011 0.488829 0.012871 0.016641
8 0.419677 0.533552 0.007020 0.022881
8 0.537854 0.469068 0.011701 0.018721
8 0.468342 0.527312 0.007977 0.018721
8 0.458290 0.552273 0.009361 0.014561
8 0.658957 0.569954 0.015211 0.020801
9 0.535514 0.537712 0.004680 0.018721
9 0.189759 0.328660 0.024571 0.033282
8 0.160507 0.436826 0.017551 0.033282
9 0.189759 0.263136 0.026912 0.097766
2 0.518548 0.573074 0.017551 0.035362
2 0.462970 0.572034 0.009361 0.024961
2 0.426113 0.568914 0.012871 0.031202
2 0.492437 0.572383 0.041692 0.067262
2 0.444417 0.574399 0.030086 0.058812
9 0.736181 0.565794 0.015211 0.016641
9 0.740277 0.459708 0.023401 0.020801