8 0.359217 0.645539 0.004874 0.022529
8 0.444512 0.633408 0.007798 0.022529
9 0.461084 0.634275 0.009748 0.010398
9 0.341670 0.654204 0.008773 0.015597
2 0.343620 0.695796 0.026320 0.029461
2 0.292930 0.706194 0.018521 0.019063
2 0.270022 0.709660 0.019496 0.029461
2 0.254425 0.714859 0.017547 0.025995
2 0.239803 0.717459 0.021446 0.020796
2 0.226155 0.729590 0.019496 0.027728
2 0.200323 0.733922 0.026320 0.029461
2 0.175465 0.741720 0.029244 0.045058
2 0.131112 0.749519 0.061413 0.060655
2 0.069699 0.756451 0.063363 0.077985
2 0.026320 0.774647 0.052640 0.100514
2 0.476194 0.681932 0.018521 0.025995
2 0.496665 0.682799 0.024370 0.027728
2 0.511774 0.676733 0.037043 0.043325
2 0.536144 0.686265 0.038992 0.051990
2 0.576111 0.688864 0.054589 0.077985
2 0.640449 0.697995 0.103330 0.118644
2 0.830049 0.724391 0.234929 0.221823
2 0.950925 0.785045 0.096506 0.253017
2 0.466393 0.676033 0.012218 0.026065
2 0.461994 0.672992 0.018083 0.026934