2 0.120811 0.569531 0.238623 0.318750
2 0.624852 0.525229 0.110280 0.141084
2 0.234190 0.481640 0.201709 0.255469
2 0.339659 0.489843 0.051416 0.135937
2 0.371266 0.488006 0.046209 0.092737
2 0.395620 0.485549 0.024841 0.076290
2 0.411986 0.484881 0.022048 0.051013
2 0.433262 0.476953 0.017139 0.030469
2 0.449742 0.475781 0.010547 0.023437
2 0.569053 0.505078 0.051416 0.110156
2 0.539390 0.501562 0.026367 0.070312
2 0.526865 0.492187 0.025049 0.056250
2 0.499839 0.479297 0.023730 0.035156
2 0.483360 0.479297 0.011865 0.021094
2 0.460288 0.473437 0.010547 0.018750
8 0.484019 0.445312 0.007910 0.018750