2 0.428428 0.668068 0.012673 0.019063
2 0.447437 0.671534 0.013647 0.019063
2 0.461926 0.672176 0.017280 0.027279
9 0.482042 0.672401 0.008773 0.020796
2 0.500564 0.678466 0.016572 0.032927
2 0.509337 0.679333 0.022421 0.034660
2 0.534818 0.680373 0.035839 0.050604
2 0.574814 0.675392 0.057184 0.078769
2 0.595608 0.683665 0.037043 0.095315
2 0.642317 0.692746 0.097318 0.104881
2 0.831998 0.664602 0.088708 0.071053
2 0.940202 0.645539 0.117952 0.105712
6 0.923143 0.652471 0.023395 0.143838
2 0.352880 0.681066 0.015597 0.024262
2 0.342158 0.681066 0.015597 0.020796
2 0.330947 0.682799 0.014622 0.027728
2 0.317300 0.684532 0.016572 0.031194
2 0.295367 0.687998 0.031194 0.027728
2 0.243104 0.696524 0.039746 0.044780
2 0.190575 0.711621 0.063363 0.053266
2 0.127700 0.727655 0.060438 0.048926
2 0.067749 0.737388 0.053614 0.064121
2 0.021933 0.744320 0.043866 0.077985
9 0.656533 0.376926 0.080909 0.057189
9 0.582448 0.344865 0.039967 0.079718
8 0.777409 0.556290 0.022421 0.045058
8 0.753526 0.558890 0.013647 0.032927
8 0.766199 0.415918 0.019496 0.038126
8 0.553203 0.363928 0.022421 0.086650
8 0.530783 0.363928 0.028269 0.100514
8 0.461084 0.609147 0.009748 0.019063
8 0.403083 0.642073 0.008773 0.019063
9 0.380332 0.628307 0.009434 0.019032
8 0.446462 0.632542 0.007798 0.017330
8 0.238341 0.661136 0.008773 0.019063
8 0.278795 0.621278 0.007798 0.022529
9 0.260703 0.620647 0.020587 0.017802
9 0.310903 0.598705 0.021458 0.031790
2 0.378734 0.671821 0.015497 0.021193
2 0.368601 0.681358 0.016690 0.027551