12 0.403503 0.405819 0.110915 0.256114
2 0.643507 0.509603 0.179031 0.210993
2 0.491719 0.472666 0.052475 0.072749
2 0.127535 0.436291 0.036209 0.035762
2 0.228223 0.447576 0.025587 0.030254
2 0.526835 0.471410 0.026151 0.048781
2 0.542282 0.468581 0.012789 0.029616
2 0.279875 0.445165 0.018104 0.019669
12 0.312601 0.436919 0.022127 0.033974
2 0.296005 0.445232 0.009052 0.010728
2 0.331208 0.445232 0.011064 0.010728
2 0.342272 0.446000 0.009052 0.012265
9 0.249739 0.360298 0.025145 0.051854
9 0.242698 0.404106 0.009052 0.021457
9 0.256276 0.409470 0.012070 0.021457
9 0.593721 0.413046 0.011064 0.014305
9 0.533371 0.434964 0.011061 0.022379
9 0.471517 0.423775 0.008046 0.014305