2 0.080498 0.425018 0.057694 0.050887
2 0.449777 0.435631 0.008576 0.021345
2 0.449994 0.418583 0.008576 0.013860
2 0.420424 0.446304 0.021830 0.030493
2 0.437576 0.438681 0.012474 0.012474
2 0.463694 0.451155 0.013254 0.026335
2 0.439525 0.423434 0.013254 0.012474
2 0.482406 0.462243 0.025728 0.051283
2 0.400933 0.442839 0.017152 0.026335
2 0.406780 0.420662 0.008576 0.015246
2 0.299637 0.422741 0.009473 0.022177
2 0.311390 0.431057 0.018711 0.027721
2 0.349203 0.433136 0.011695 0.020791
2 0.275137 0.421355 0.011695 0.019405
12 0.419761 0.424543 0.017152 0.026335
2 0.504742 0.475826 0.042101 0.067916
2 0.425998 0.471668 0.043660 0.065144
2 0.372982 0.450878 0.049897 0.076232
2 0.330492 0.447413 0.033525 0.047125
2 0.190224 0.455854 0.119148 0.121721
2 0.282933 0.430780 0.024169 0.027721
2 0.073384 0.554118 0.145794 0.353439
9 0.469269 0.381576 0.014813 0.012474
9 0.458743 0.381576 0.006237 0.015246
8 0.429897 0.372567 0.006237 0.019405
8 0.341407 0.367022 0.007017 0.019405
9 0.171619 0.344925 0.013254 0.016632
9 0.503963 0.378804 0.015593 0.006930
9 0.503573 0.388506 0.013254 0.009702
8 0.497336 0.421771 0.007017 0.012474
8 0.344525 0.412762 0.005458 0.022177
8 0.339458 0.414148 0.006237 0.024949
9 0.528132 0.362864 0.014034 0.038809
9 0.616622 0.306730 0.011695 0.020791
9 0.608046 0.303958 0.022610 0.037423
9 0.601808 0.331679 0.010135 0.023563
9 0.618961 0.333758 0.021050 0.013860
9 0.341797 0.389199 0.006237 0.011088