9 0.538581 0.335334 0.012673 0.022529
2 0.485454 0.377792 0.011698 0.020796
2 0.497152 0.379525 0.015597 0.027728
2 0.523959 0.389057 0.024370 0.036393
2 0.537119 0.396855 0.029244 0.038126
2 0.461572 0.395122 0.030219 0.048524
2 0.378225 0.393389 0.027295 0.041592
2 0.360191 0.376926 0.006824 0.022529
2 0.350443 0.379525 0.012673 0.024262
2 0.325586 0.385024 0.038992 0.042191
2 0.284410 0.403778 0.048272 0.051971
2 0.257349 0.397722 0.021446 0.029461
2 0.226643 0.395989 0.057514 0.032927
2 0.638896 0.434114 0.078779 0.095315
2 0.212508 0.479138 0.134523 0.146036
12 0.099430 0.371575 0.198861 0.372289
8 0.991484 0.198947 0.016986 0.092368
9 0.985988 0.284211 0.027977 0.021316