2 0.596737 0.483662 0.019134 0.029764
2 0.582985 0.486851 0.027505 0.040394
2 0.581191 0.482599 0.016742 0.048898
2 0.554284 0.485788 0.029897 0.059528
2 0.535748 0.484725 0.035876 0.074409
2 0.495687 0.493679 0.051422 0.077761
7 0.523790 0.494291 0.023917 0.093543
0 0.521996 0.518740 0.015546 0.061654
2 0.382171 0.529731 0.190108 0.205499
2 0.217648 0.509712 0.234390 0.243440
2 0.086102 0.580668 0.172205 0.232267
6 0.081917 0.470906 0.025113 0.076535
8 0.632015 0.398622 0.007175 0.021260
2 0.701974 0.486851 0.013155 0.027638
2 0.715128 0.488977 0.017938 0.027638
8 0.749210 0.384803 0.011959 0.027638
2 0.649953 0.512644 0.100453 0.154634
2 0.757520 0.480473 0.066845 0.116929
2 0.820364 0.474684 0.072948 0.079840
8 0.840694 0.361417 0.010763 0.031890
8 0.871787 0.429449 0.017938 0.019134
2 0.860426 0.491553 0.050226 0.073509
2 0.902816 0.495109 0.070410 0.083404
6 0.887931 0.500669 0.023917 0.093543
12 0.957889 0.461004 0.080123 0.226810