8 0.263853 0.506718 0.013184 0.028125
8 0.294834 0.514922 0.014502 0.030469
8 0.344273 0.466875 0.013184 0.042187
8 0.461607 0.470390 0.010547 0.030469
8 0.435240 0.509062 0.010547 0.028125
8 0.381187 0.513750 0.007910 0.018750
8 0.462266 0.537187 0.009229 0.018750
9 0.265171 0.482109 0.018457 0.016406
9 0.258580 0.468047 0.015820 0.021094
9 0.532139 0.504375 0.014502 0.014062
9 0.500498 0.476250 0.014502 0.023437
2 0.364048 0.561796 0.021094 0.030469
2 0.431284 0.544218 0.018457 0.023437
2 0.485996 0.559453 0.017139 0.030469
2 0.500593 0.567406 0.025239 0.030500
2 0.720664 0.610336 0.117334 0.122860
2 0.407554 0.537187 0.013184 0.018750
2 0.803173 0.622392 0.110519 0.171071
2 0.884141 0.609843 0.088330 0.159375
2 0.219029 0.624478 0.137109 0.178025
9 0.572212 0.500835 0.013647 0.010398