9 0.139421 0.078023 0.043356 0.055542
9 0.080124 0.152078 0.039531 0.017003
9 0.080762 0.181549 0.033155 0.017003
8 0.070879 0.238791 0.023591 0.040806
8 0.104353 0.243325 0.033155 0.045340
6 0.053983 0.350441 0.006376 0.019270
6 0.043144 0.350441 0.008926 0.017003
2 0.077255 0.388413 0.116680 0.068010
6 0.180014 0.364987 0.011477 0.036272
6 0.208706 0.412217 0.035705 0.201763
6 0.235485 0.422985 0.031880 0.175693
6 0.298288 0.385012 0.028692 0.120151
6 0.375012 0.395592 0.017215 0.106549
6 0.347595 0.396159 0.015940 0.100882
6 0.329105 0.389924 0.024866 0.108816
9 0.410186 0.216688 0.020403 0.012469
9 0.399984 0.248426 0.020403 0.017003
8 0.422938 0.306801 0.015302 0.027204
8 0.548650 0.198740 0.015940 0.052141
8 0.717187 0.190617 0.015940 0.048741
8 0.701566 0.187217 0.014027 0.046474
6 0.429739 0.383690 0.015302 0.066877
2 0.698697 0.355164 0.037618 0.074811
2 0.664267 0.345529 0.017215 0.019270
2 0.622505 0.392191 0.086713 0.133753
6 0.795293 0.381990 0.015302 0.052141
6 0.779990 0.385957 0.016577 0.069144
2 0.843112 0.443199 0.146647 0.285642
8 0.525590 0.315113 0.014027 0.018136
9 0.740460 0.344395 0.007651 0.032872
2 0.673831 0.357053 0.010839 0.034005
2 0.919411 0.502708 0.160036 0.527078