2 0.058209 0.508907 0.116418 0.267305
2 0.204589 0.457474 0.185398 0.226068
2 0.340989 0.432915 0.072076 0.100678
2 0.378744 0.433678 0.032606 0.071695
2 0.394188 0.428339 0.024025 0.057966
2 0.439665 0.404695 0.018877 0.032034
2 0.480423 0.402407 0.019735 0.015254
2 0.495438 0.403932 0.012013 0.018305
2 0.468410 0.443593 0.066070 0.094576
2 0.640964 0.476390 0.190487 0.260847
2 0.508395 0.403932 0.007722 0.018305
9 0.352144 0.332542 0.020593 0.033559
9 0.392901 0.338644 0.012871 0.021356
9 0.534909 0.372966 0.010297 0.019831
9 0.548209 0.354661 0.014587 0.010678
6 0.522038 0.406525 0.010297 0.035085
9 0.938083 0.395037 0.022309 0.047288