8 0.356872 0.486735 0.007749 0.018367
8 0.498071 0.485970 0.009471 0.022959
8 0.429624 0.553317 0.005166 0.012245
8 0.455883 0.562500 0.004305 0.012245
8 0.479991 0.560970 0.004305 0.012245
8 0.231601 0.476021 0.012054 0.032143
8 0.587181 0.541837 0.010332 0.016837
8 0.633243 0.528061 0.007749 0.016837
9 0.538106 0.490179 0.027551 0.009184
9 0.579863 0.447322 0.012915 0.021429
9 0.580724 0.518495 0.014636 0.010714
9 0.639701 0.500128 0.018941 0.010714
9 0.538967 0.532271 0.008610 0.013776
9 0.518734 0.529209 0.007749 0.010714
9 0.498932 0.546046 0.012915 0.010714
9 0.415418 0.554465 0.014636 0.009184
9 0.191996 0.542985 0.017219 0.022959
2 0.467507 0.569847 0.008610 0.010714
2 0.415418 0.588215 0.016358 0.041327
2 0.407669 0.595102 0.009471 0.033673
2 0.377105 0.605051 0.015497 0.032143
2 0.367634 0.608113 0.015497 0.029082
2 0.191135 0.644645 0.108482 0.098748
2 0.351706 0.608419 0.030134 0.038265
2 0.447274 0.610715 0.050797 0.079592
2 0.483004 0.576276 0.008610 0.013776
2 0.023246 0.688011 0.046492 0.088776
12 0.503667 0.581633 0.020663 0.044388
6 0.590625 0.607194 0.017219 0.065816
6 0.625064 0.595715 0.010332 0.067347
6 0.811034 0.585000 0.020663 0.085714
6 0.979353 0.598776 0.037022 0.186735
9 0.656059 0.480153 0.017219 0.019898
9 0.639270 0.482449 0.007749 0.009184