2 0.382505 0.244219 0.010547 0.023437
2 0.373277 0.245390 0.013184 0.030469
2 0.361411 0.253594 0.021094 0.046875
2 0.352842 0.259453 0.019775 0.053906
2 0.337681 0.262969 0.026367 0.065625
2 0.319224 0.266484 0.034277 0.072656
2 0.305381 0.279477 0.038232 0.088857
2 0.273741 0.283508 0.059326 0.113609
2 0.416783 0.244219 0.005273 0.023437
2 0.421397 0.246562 0.006592 0.023437
2 0.427989 0.250078 0.014502 0.025781
2 0.442491 0.255937 0.035596 0.060937
2 0.453037 0.265312 0.014502 0.051562
2 0.474131 0.271172 0.051416 0.086719
2 0.483360 0.277031 0.035596 0.075000
2 0.503135 0.286406 0.038232 0.093750
2 0.201784 0.303939 0.132047 0.165597
2 0.556529 0.313630 0.118652 0.151599