8 0.439894 0.439328 0.016008 0.032016
8 0.325338 0.423320 0.015007 0.042688
8 0.336791 0.420525 0.010005 0.035573
8 0.420608 0.544269 0.008004 0.021344
8 0.381589 0.572727 0.010005 0.014229
8 0.409602 0.570059 0.010005 0.019565
8 0.490242 0.526779 0.008004 0.016008
9 0.489408 0.482312 0.017008 0.012451
9 0.496412 0.500988 0.017008 0.014229
2 0.397170 0.586067 0.019290 0.023123
2 0.366014 0.589625 0.019009 0.019565
2 0.348506 0.587846 0.020010 0.030237
2 0.335999 0.589625 0.015007 0.030237
2 0.324994 0.589625 0.023011 0.033794
2 0.311987 0.592293 0.015007 0.032016
2 0.298481 0.598518 0.030015 0.040909
2 0.208603 0.600609 0.053026 0.069992
2 0.161606 0.613352 0.071087 0.097357
2 0.092546 0.617640 0.093046 0.136070
2 0.031516 0.627991 0.063031 0.171001
2 0.428462 0.581621 0.010005 0.021344
2 0.446303 0.581753 0.033681 0.046509
2 0.508634 0.594805 0.073771 0.101072
2 0.576035 0.613637 0.115057 0.181423
2 0.652489 0.664625 0.189093 0.241897
2 0.852834 0.688456 0.294332 0.623088
8 0.595972 0.507806 0.012006 0.023123