8 0.443288 0.442236 0.006695 0.022103
8 0.411727 0.403130 0.006695 0.032305
8 0.619742 0.384427 0.009564 0.039106
8 0.520277 0.441386 0.005738 0.020403
8 0.791415 0.461789 0.020084 0.023804
9 0.098030 0.512116 0.008608 0.023804
9 0.044950 0.452607 0.015302 0.013602
9 0.058340 0.480661 0.009564 0.011902
9 0.403119 0.498514 0.008608 0.017003
9 0.416031 0.486612 0.005738 0.013602
9 0.781851 0.407551 0.014346 0.011902
9 0.789502 0.421153 0.016259 0.011902
9 0.762245 0.450907 0.019128 0.030605
2 0.069817 0.564368 0.120505 0.075714
2 0.396185 0.541956 0.007651 0.015302
2 0.433963 0.541956 0.021997 0.035705
2 0.450700 0.538555 0.009564 0.022103
2 0.766497 0.567656 0.052020 0.103323
2 0.925435 0.533879 0.149130 0.176826
2 0.935989 0.578936 0.124331 0.175126
2 0.935511 0.765964 0.127200 0.311146
1 0.552635 0.507809 0.090857 0.159824
12 0.268268 0.446865 0.268746 0.410859
12 0.668199 0.559667 0.156848 0.185328
2 0.499556 0.573269 0.107116 0.151322