9 0.451389 0.352653 0.009298 0.018367
9 0.724557 0.258061 0.015497 0.034898
9 0.580948 0.332449 0.011365 0.022041
8 0.639011 0.208469 0.015497 0.058775
8 0.727347 0.301224 0.008265 0.044082
2 0.297034 0.368816 0.013431 0.011020
2 0.286703 0.368388 0.011365 0.028531
2 0.274821 0.370224 0.026862 0.039551
2 0.267589 0.380326 0.026862 0.037714
2 0.247443 0.387271 0.032028 0.051429
6 0.219326 0.389300 0.020073 0.071195
2 0.226041 0.388382 0.039703 0.062012
2 0.451405 0.380920 0.018771 0.019800
2 0.515032 0.382408 0.025829 0.029388
2 0.536728 0.392204 0.032028 0.030613
2 0.563590 0.394986 0.029962 0.036176
7 0.596479 0.375612 0.012398 0.031224
7 0.586148 0.375612 0.012398 0.031224
0 0.596479 0.402857 0.008265 0.022041
0 0.584874 0.390673 0.011365 0.048857
2 0.422667 0.375612 0.009298 0.023878
2 0.629799 0.400255 0.034955 0.045612
9 0.836449 0.331531 0.012398 0.027551
9 0.838515 0.348980 0.016531 0.011020
2 0.870009 0.418163 0.079899 0.132245
9 0.966782 0.372398 0.018597 0.029388
2 0.956967 0.406377 0.015497 0.034898
2 0.313565 0.369735 0.015497 0.016531
2 0.345076 0.373775 0.014464 0.020939
2 0.178391 0.396515 0.068882 0.077623
2 0.375038 0.395816 0.057857 0.078980
2 0.731824 0.448540 0.223163 0.210014
2 0.472672 0.383702 0.021696 0.025364
2 0.432895 0.380939 0.014464 0.022041
2 0.400351 0.377265 0.009298 0.011020
6 0.928547 0.404818 0.010029 0.028019