2 0.168223 0.423821 0.045352 0.056392
2 0.205664 0.416629 0.033750 0.040491
12 0.251543 0.392812 0.058008 0.073125
1 0.287402 0.395577 0.074883 0.071155
2 0.330262 0.391875 0.018984 0.037500
2 0.340809 0.386250 0.016875 0.033750
2 0.353993 0.385903 0.011602 0.029306
2 0.361903 0.380625 0.010547 0.022500
2 0.372777 0.388039 0.013312 0.016690
2 0.386688 0.381562 0.009492 0.016875
2 0.406727 0.408491 0.022148 0.036982
2 0.400399 0.402187 0.015820 0.028125
2 0.387215 0.364687 0.010547 0.020625
2 0.370340 0.360937 0.018984 0.024375
2 0.474754 0.439362 0.023203 0.083724
2 0.506922 0.439027 0.058008 0.120555
2 0.528543 0.467316 0.078047 0.111266
2 0.663030 0.513908 0.240177 0.296245
6 0.024403 0.438750 0.010547 0.030000
6 0.006473 0.449062 0.008437 0.024375
6 0.058153 0.421875 0.010547 0.026250
6 0.085575 0.437812 0.008437 0.031875
6 0.435203 0.414375 0.011602 0.048750
6 0.456297 0.412500 0.007383 0.037500
2 0.402508 0.367500 0.009492 0.022500
6 0.770520 0.434613 0.028328 0.115476
7 0.856159 0.464534 0.066716 0.194715
0 0.853267 0.519375 0.069370 0.172500
8 0.438895 0.327187 0.004219 0.020625
8 0.174696 0.321562 0.009492 0.024375
8 0.067645 0.327187 0.012656 0.039375
9 0.660907 0.271875 0.041133 0.105000
8 0.312860 0.300937 0.007383 0.024375