9 0.841113 0.093750 0.020039 0.071250
9 0.831621 0.161250 0.013711 0.045000
9 0.853769 0.169687 0.022148 0.065625
9 0.522070 0.358125 0.012656 0.041250
2 0.438750 0.467812 0.006328 0.030000
2 0.446133 0.465937 0.008437 0.037500
2 0.454043 0.466987 0.013711 0.039600
2 0.463008 0.463125 0.014766 0.039375
2 0.477773 0.464062 0.027422 0.045000
2 0.487265 0.467812 0.029531 0.048750
2 0.503086 0.472500 0.027422 0.054375
2 0.518906 0.468750 0.027422 0.065625
2 0.549492 0.470625 0.048516 0.080625
2 0.558984 0.478125 0.050625 0.088125
2 0.397762 0.471488 0.016875 0.025035
2 0.422020 0.467617 0.029531 0.036765
2 0.375086 0.466312 0.028477 0.046875
2 0.615937 0.493125 0.116016 0.123750
2 0.229569 0.509040 0.236955 0.294854