9 0.212905 0.318735 0.052026 0.096047
8 0.319458 0.359644 0.007003 0.028459
8 0.342469 0.353419 0.007003 0.016008
9 0.342969 0.376542 0.028014 0.019565
9 0.367482 0.372095 0.011005 0.017787
2 0.060830 0.454802 0.120059 0.076482
2 0.255926 0.448111 0.110054 0.075637
2 0.335466 0.442352 0.045022 0.065810
2 0.300448 0.424565 0.019009 0.019565
2 0.361479 0.417451 0.023011 0.026680
12 0.432013 0.421684 0.142070 0.241471
12 0.586090 0.376542 0.026013 0.065810
12 0.642983 0.357866 0.037748 0.149407
9 0.530783 0.395122 0.030219 0.058922