9 0.378701 0.250892 0.028265 0.034469
9 0.409906 0.251131 0.031413 0.033993
9 0.385322 0.296050 0.017755 0.021853
9 0.712427 0.128514 0.054631 0.118975
9 0.420149 0.292408 0.008195 0.019424
9 0.314984 0.310618 0.027316 0.012140
2 0.324544 0.325187 0.010926 0.016996
2 0.307472 0.326401 0.017755 0.014568
2 0.292448 0.326401 0.015024 0.019424
2 0.271962 0.333685 0.020487 0.019424
2 0.250792 0.328829 0.019121 0.019424
2 0.232354 0.326401 0.015024 0.019424
2 0.211184 0.326401 0.019121 0.019424
2 0.166796 0.321544 0.028681 0.033993
2 0.123367 0.333685 0.052714 0.048561
2 0.044559 0.321544 0.030047 0.024281
2 0.054119 0.330043 0.030047 0.026709
2 0.072557 0.328829 0.012292 0.019424
2 0.180454 0.292408 0.020487 0.014568
2 0.162016 0.294836 0.013658 0.019424
2 0.137432 0.285124 0.024584 0.024281
2 0.099873 0.292408 0.039608 0.033993
2 0.835347 0.268127 0.016389 0.019424
2 0.695873 0.298478 0.013330 0.016996
2 0.652332 0.305762 0.032779 0.036421
2 0.422198 0.313046 0.012292 0.016996
2 0.408540 0.315474 0.015024 0.021853
2 0.390102 0.319116 0.016389 0.019424
2 0.620919 0.298478 0.024584 0.021853
2 0.820279 0.303334 0.038332 0.055845
2 0.859931 0.255987 0.021853 0.029137
2 0.874272 0.253559 0.017755 0.029137
9 0.015877 0.374962 0.010926 0.058273
9 0.065045 0.364035 0.010926 0.060701
9 0.131969 0.355537 0.008195 0.043705
9 0.156553 0.357965 0.008195 0.048561
9 0.176357 0.354323 0.009560 0.041277
9 0.193429 0.355537 0.005463 0.033993
9 0.208453 0.354323 0.008195 0.041277
9 0.221428 0.350681 0.006829 0.033993
9 0.233037 0.353109 0.005463 0.029137
9 0.241914 0.349467 0.006829 0.031565
9 0.258304 0.348253 0.006829 0.038849
9 0.265133 0.348253 0.004097 0.029137
9 0.269913 0.345825 0.005463 0.024281
9 0.276742 0.344611 0.005463 0.026709