9 0.292402 0.545705 0.012357 0.023299
9 0.381520 0.625919 0.013854 0.034615
9 0.506959 0.596962 0.024339 0.043269
9 0.660295 0.577158 0.020969 0.025296
9 0.840403 0.427546 0.017224 0.038609
8 0.024299 0.419558 0.018348 0.082544
8 0.892263 0.337347 0.032577 0.092530
8 0.880843 0.508759 0.029956 0.115828
8 0.909862 0.509092 0.033326 0.121820
8 0.306818 0.573996 0.014603 0.071893
8 0.357743 0.448848 0.013106 0.055917
8 0.292777 0.584980 0.012731 0.056583
9 0.357556 0.414732 0.009361 0.009320
2 0.200476 0.676844 0.014229 0.027293
2 0.216577 0.682169 0.027709 0.043269
2 0.258702 0.667857 0.007863 0.018639
2 0.152734 0.672849 0.013106 0.016642
2 0.103307 0.686829 0.018348 0.029956
2 0.174078 0.690157 0.050550 0.065902
2 0.251962 0.688826 0.020594 0.051257
2 0.230057 0.696980 0.054669 0.074556
2 0.126710 0.703970 0.061409 0.072559
2 0.064927 0.708813 0.072642 0.068531
6 0.589712 0.663364 0.014603 0.059246
2 0.927790 0.699656 0.143413 0.125148
2 0.271295 0.670995 0.029013 0.042608