9 0.092680 0.076535 0.027505 0.085039
9 0.681046 0.295512 0.044247 0.021260
9 0.727087 0.334843 0.019134 0.010630
9 0.719912 0.345473 0.019134 0.014882
9 0.594346 0.370984 0.011959 0.014882
9 0.526181 0.333780 0.007175 0.029764
9 0.476553 0.352913 0.015546 0.012756
9 0.306142 0.338032 0.011959 0.025512
9 0.343214 0.345473 0.009567 0.010630
2 0.394009 0.392244 0.013096 0.023386
2 0.377894 0.383740 0.014350 0.023386
2 0.365337 0.385866 0.017938 0.014882
2 0.351585 0.386929 0.014350 0.012756
2 0.330059 0.392244 0.033484 0.040394
1 0.497480 0.387992 0.071752 0.036142
6 0.661912 0.425197 0.005979 0.034016
6 0.652704 0.433701 0.009567 0.042520
6 0.639549 0.433701 0.014350 0.042520
8 0.731077 0.389163 0.018026 0.017223
8 0.643735 0.278504 0.010763 0.042520
8 0.492697 0.350787 0.009567 0.017008
6 0.296575 0.389055 0.007175 0.034016
6 0.287606 0.387992 0.013155 0.040394
6 0.266080 0.393307 0.010763 0.046772
6 0.178782 0.403937 0.013155 0.042520
6 0.166225 0.407283 0.011959 0.044960
6 0.154865 0.409777 0.013155 0.037192
2 0.560024 0.461339 0.118391 0.178583
2 0.688580 0.459213 0.093278 0.085039
9 0.983361 0.312520 0.020330 0.012756
9 0.977980 0.334843 0.026309 0.014882
8 0.993526 0.382677 0.009567 0.034016
2 0.958248 0.495354 0.080123 0.097795
2 0.805775 0.612656 0.385069 0.382476
2 0.432505 0.557362 0.466388 0.622914
12 0.074343 0.377717 0.144700 0.744095
7 0.094673 0.562677 0.182968 0.586772
0 0.095271 0.721063 0.188947 0.308268