2 0.637105 0.670477 0.020034 0.044095
2 0.640921 0.682349 0.016218 0.057663
2 0.514029 0.699592 0.056261 0.069535
2 0.579101 0.677544 0.025379 0.032224
2 0.601649 0.671608 0.015264 0.016960
2 0.673864 0.676960 0.060479 0.091055
2 0.422853 0.736055 0.111874 0.139070
6 0.796740 0.658606 0.035298 0.094975
8 0.216458 0.068517 0.033512 0.107638
8 0.262188 0.049183 0.023850 0.094975
8 0.591473 0.279271 0.019080 0.078015
8 0.567941 0.280967 0.019080 0.088191
8 0.613733 0.604900 0.009540 0.023744
8 0.248355 0.631187 0.024804 0.045791
8 0.789585 0.531124 0.017172 0.045791
8 0.809777 0.531124 0.020034 0.039008
9 0.773844 0.477701 0.042929 0.027136
2 0.351863 0.770823 0.018126 0.042400