6 0.537154 0.547549 0.018921 0.087458
6 0.523279 0.549792 0.016398 0.082973
6 0.574173 0.538579 0.015523 0.087458
6 0.654466 0.537912 0.023967 0.102249
9 0.546615 0.429069 0.020183 0.049336
2 0.423189 0.550986 0.018887 0.028259
2 0.462941 0.546054 0.025228 0.024668
2 0.622740 0.520862 0.048505 0.043115
2 0.673220 0.516513 0.036581 0.034416
2 0.729353 0.541569 0.100914 0.087458
2 0.980394 0.517385 0.037805 0.069541
2 0.404046 0.556594 0.032014 0.049336
2 0.464558 0.555473 0.028463 0.038123
2 0.352567 0.570049 0.061810 0.089701
1 0.805807 0.515299 0.064152 0.065369