8 0.365921 0.568156 0.008965 0.030927
8 0.699202 0.675963 0.008965 0.019688
8 0.650687 0.524088 0.014238 0.051563
8 0.697093 0.654870 0.007910 0.018750
8 0.269813 0.645495 0.009492 0.018750
8 0.372645 0.562526 0.004219 0.034688
8 0.358143 0.562057 0.006855 0.031875
8 0.659652 0.523620 0.006855 0.041250
8 0.640404 0.522213 0.007383 0.040313
8 0.162949 0.632813 0.017930 0.030000
8 0.144492 0.631875 0.010547 0.031875
9 0.152402 0.490313 0.036914 0.037500
9 0.150293 0.528750 0.022148 0.046875
9 0.326953 0.555938 0.050625 0.015000
9 0.710860 0.510938 0.059063 0.022500
9 0.705059 0.568125 0.024258 0.024375
9 0.308233 0.607500 0.013711 0.030000
9 0.769658 0.524531 0.021094 0.030938
2 0.161132 0.709754 0.118856 0.081563
2 0.549671 0.688192 0.011602 0.027188
2 0.554153 0.689598 0.013184 0.028125
2 0.562327 0.690067 0.011602 0.029063
2 0.573665 0.691942 0.023730 0.029063
2 0.607678 0.744911 0.045352 0.088125
2 0.408870 0.703192 0.018984 0.049688
2 0.383030 0.703661 0.033750 0.058125
2 0.488848 0.695625 0.024258 0.035625
2 0.435059 0.693750 0.017930 0.028125
2 0.453516 0.712760 0.044297 0.069895
2 0.530244 0.690938 0.015820 0.018750
2 0.725374 0.765772 0.099668 0.143004
2 0.334204 0.711891 0.095738 0.072741
2 0.162171 0.775364 0.148711 0.126563
2 0.029531 0.801473 0.056953 0.288570
2 0.537891 0.851875 0.227813 0.296250
2 0.880998 0.743028 0.238004 0.358037
8 0.482532 0.647395 0.006328 0.011250
8 0.517600 0.648333 0.008965 0.013125