1 0.111442 0.600795 0.221275 0.661589
2 0.959830 0.677682 0.077446 0.243179
2 0.430279 0.513179 0.086498 0.157351
2 0.698323 0.560563 0.149863 0.141258
2 0.366411 0.509603 0.045261 0.078675
2 0.622386 0.531060 0.114661 0.135894
2 0.571593 0.526589 0.041238 0.101921
2 0.543934 0.523907 0.028162 0.075099
2 0.525327 0.519437 0.027156 0.055430
2 0.509737 0.516755 0.014081 0.035762
2 0.509737 0.510497 0.028162 0.048278
2 0.491632 0.506026 0.020116 0.046490
2 0.478557 0.503344 0.012070 0.037550
2 0.341769 0.491722 0.014081 0.028609
2 0.765209 0.479205 0.072417 0.028609
2 0.809464 0.482781 0.028162 0.021457
2 0.904008 0.505132 0.112649 0.073311
2 0.976425 0.496192 0.044255 0.048278
2 0.718942 0.478311 0.022127 0.016093
2 0.247224 0.480099 0.012070 0.019669
9 0.297514 0.424669 0.020116 0.030397
9 0.549969 0.444338 0.018104 0.037550
8 0.482077 0.465795 0.011064 0.019669
9 0.500685 0.427351 0.006035 0.028609
9 0.782307 0.362086 0.020116 0.030397