2 0.224693 0.508633 0.049715 0.064121
2 0.308039 0.504301 0.027295 0.045058
2 0.479605 0.529429 0.089682 0.095315
2 0.789594 0.596149 0.339233 0.291143
2 0.601456 0.558023 0.138423 0.166367
2 0.430378 0.519898 0.032169 0.072786
2 0.411856 0.523364 0.016572 0.069320
2 0.396747 0.518165 0.015597 0.065854
2 0.370914 0.509500 0.032169 0.045058
2 0.351906 0.502568 0.019496 0.027728
2 0.008773 0.500835 0.011698 0.031194
2 0.057026 0.505167 0.036068 0.032927
2 0.094069 0.506034 0.010723 0.020796
2 0.174978 0.506900 0.043866 0.032927
2 0.923143 0.691464 0.148171 0.253017
9 0.482042 0.394256 0.010723 0.029461
9 0.481555 0.420250 0.023395 0.039859
9 0.250526 0.467041 0.009748 0.029461