2 0.252593 0.633953 0.214784 0.213446
2 0.758444 0.615709 0.080643 0.107635
2 0.671930 0.590665 0.045181 0.064844
2 0.436948 0.618446 0.106723 0.105811
2 0.493902 0.608222 0.048231 0.085364
2 0.521095 0.598378 0.051309 0.080270
2 0.549828 0.601115 0.022576 0.063851
2 0.564195 0.597466 0.022576 0.038311
2 0.572918 0.585608 0.037969 0.065676
2 0.600624 0.581363 0.031812 0.047288
2 0.615017 0.582492 0.015445 0.033903
2 0.729477 0.601268 0.049390 0.071455
2 0.709913 0.580135 0.028733 0.058378
2 0.693494 0.581047 0.016419 0.045608
9 0.482614 0.451520 0.013340 0.020068
9 0.845020 0.432681 0.023273 0.055362
2 0.630540 0.579815 0.018823 0.033694