2 0.377373 0.249481 0.075000 0.096310
2 0.260639 0.229485 0.056087 0.066759
2 0.184466 0.199998 0.034754 0.050629
1 0.729138 0.260507 0.230007 0.218903
2 0.601044 0.272574 0.053354 0.075949
2 0.563449 0.262447 0.048418 0.072574
2 0.533069 0.256540 0.029430 0.054008
2 0.504114 0.247257 0.028481 0.062447
2 0.475158 0.246413 0.027532 0.054008
2 0.455221 0.245570 0.014241 0.035443
2 0.421519 0.236287 0.022785 0.037131
2 0.293354 0.222785 0.013291 0.033755
2 0.231171 0.213502 0.023734 0.042194
2 0.210285 0.194093 0.014240 0.030380
2 0.080696 0.185371 0.028481 0.029814
2 0.133675 0.194052 0.032649 0.023710
2 0.929440 0.319953 0.106349 0.116700
2 0.021304 0.171170 0.042607 0.066226