2 0.127957 0.612838 0.255914 0.279917
2 0.927767 0.552156 0.141578 0.272601
2 0.633693 0.544507 0.137691 0.190540
12 0.466994 0.482033 0.049767 0.123557
2 0.251194 0.551441 0.163888 0.207458
2 0.343087 0.536186 0.050787 0.122034
2 0.379044 0.516444 0.074650 0.106602
2 0.419706 0.509221 0.028982 0.080306
2 0.433876 0.505811 0.017853 0.070436
2 0.710306 0.524767 0.053309 0.120466
2 0.823165 0.552851 0.181208 0.184979
2 0.572963 0.509131 0.030890 0.052669
2 0.548080 0.514068 0.017161 0.025932
2 0.536496 0.507966 0.009439 0.032034
2 0.529632 0.511017 0.009439 0.019831
2 0.507751 0.508795 0.020593 0.027325
2 0.523196 0.507966 0.010297 0.025932
8 0.492736 0.466017 0.006864 0.021356
8 0.515045 0.450763 0.008581 0.015254
9 0.574250 0.451525 0.010297 0.022881
9 0.040114 0.342458 0.023167 0.024407
9 0.395776 0.447712 0.008581 0.012203
9 0.334298 0.389476 0.040201 0.099795