9 0.273387 0.603214 0.038027 0.052047
9 0.321945 0.601676 0.045048 0.042643
8 0.504534 0.580354 0.004680 0.008320
8 0.559527 0.576194 0.004680 0.012481
9 0.563915 0.570474 0.006435 0.017681
2 0.506874 0.610932 0.008190 0.010401
2 0.511262 0.617173 0.011116 0.014561
2 0.541976 0.616132 0.010531 0.024961
2 0.553092 0.616653 0.012871 0.028082
2 0.566548 0.614572 0.017551 0.036402
2 0.584684 0.616653 0.024571 0.057203
2 0.604575 0.618213 0.032762 0.068644
2 0.523255 0.616653 0.011701 0.017681
2 0.632656 0.623825 0.056163 0.073629
9 0.634412 0.570994 0.007020 0.014561
2 0.271983 0.695281 0.020476 0.023921
2 0.236588 0.697361 0.022231 0.023921
2 0.171942 0.729083 0.034517 0.029122
2 0.121629 0.729083 0.028667 0.020801
2 0.032294 0.774222 0.064588 0.062404
2 0.774527 0.656132 0.138653 0.145315
2 0.987396 0.777381 0.025209 0.171610
8 0.690835 0.573767 0.014626 0.018721
2 0.032469 0.593275 0.060259 0.029027