9 0.545715 0.350347 0.027530 0.016314
9 0.258942 0.341986 0.025236 0.018353
9 0.588731 0.388890 0.012618 0.030589
9 0.913358 0.277749 0.033266 0.073414
2 0.364775 0.465974 0.016059 0.028550
2 0.348142 0.468014 0.024089 0.028550
2 0.449660 0.446601 0.013765 0.022432
2 0.437042 0.455778 0.018353 0.028550
2 0.418115 0.459856 0.021795 0.036707
2 0.397467 0.468014 0.026383 0.032628
2 0.473175 0.441503 0.014912 0.016314
2 0.497838 0.447621 0.018353 0.020393
2 0.512177 0.452719 0.010324 0.018353
2 0.521927 0.454758 0.013765 0.018353
2 0.535118 0.462246 0.017206 0.033329
2 0.558222 0.464955 0.033590 0.038746
2 0.105897 0.502171 0.079149 0.100308
2 0.178738 0.491523 0.073414 0.082323
2 0.034882 0.524142 0.069764 0.105308
2 0.666252 0.448322 0.048178 0.036707
2 0.741960 0.465656 0.057355 0.046903
2 0.949126 0.495000 0.094375 0.112500
2 0.319584 0.467139 0.041464 0.049715
8 0.313951 0.343828 0.010547 0.016406
8 0.499839 0.345000 0.015820 0.028125
8 0.485996 0.415312 0.009229 0.018750
8 0.418760 0.407109 0.009229 0.021094
8 0.435899 0.416484 0.009229 0.021094
8 0.497862 0.409453 0.009229 0.021094