2 0.136856 0.591794 0.273711 0.262865
2 0.282323 0.535910 0.131231 0.179919
2 0.352329 0.528114 0.054510 0.114843
2 0.390851 0.512003 0.044072 0.096995
2 0.854312 0.521982 0.220619 0.199429
2 0.960077 0.585155 0.076546 0.169072
2 0.734167 0.513908 0.115481 0.134910
2 0.439910 0.495240 0.033634 0.038727
2 0.460165 0.490037 0.018474 0.032444
2 0.488933 0.487255 0.015701 0.026881
2 0.514126 0.486933 0.012779 0.019763
2 0.533293 0.487615 0.025555 0.031724
8 0.457699 0.354214 0.012837 0.044838
8 0.559117 0.373883 0.009472 0.032990
8 0.628301 0.438528 0.013303 0.035818
9 0.556121 0.416495 0.010438 0.024742
9 0.558441 0.442268 0.008119 0.022680
9 0.405928 0.403436 0.018557 0.012371
8 0.393170 0.444674 0.023196 0.028866
9 0.621650 0.411684 0.016237 0.016495
9 0.366495 0.408591 0.011598 0.018557
8 0.585532 0.461015 0.013184 0.021094
8 0.509542 0.440637 0.007900 0.014044
8 0.488311 0.444148 0.006912 0.017555