2 0.813268 0.604474 0.371891 0.590775
2 0.029870 0.638387 0.059740 0.152990
2 0.079524 0.600847 0.073287 0.128901
2 0.123964 0.605698 0.026508 0.066530
2 0.164505 0.580056 0.053016 0.048511
2 0.222979 0.604312 0.035864 0.060986
2 0.309129 0.602233 0.013254 0.040195
2 0.627771 0.623855 0.045531 0.109497
1 0.232334 0.569314 0.038982 0.026335
1 0.404246 0.548524 0.111489 0.106725
12 0.279893 0.581026 0.048338 0.074846
2 0.177369 0.638270 0.086541 0.131673
2 0.263910 0.618172 0.060033 0.074846
2 0.325892 0.600847 0.032745 0.042967
2 0.417779 0.709789 0.214337 0.245328
8 0.528210 0.493775 0.019491 0.027721
8 0.420619 0.367646 0.011695 0.049897
8 0.220250 0.537436 0.005458 0.015246
8 0.123184 0.535357 0.006237 0.024949
8 0.119286 0.536050 0.004678 0.023563
8 0.410094 0.371804 0.009356 0.049897
9 0.456223 0.385549 0.052236 0.023563
9 0.514306 0.394558 0.021830 0.047125
9 0.512357 0.503131 0.011695 0.044353
9 0.328621 0.565734 0.008576 0.018018
9 0.004678 0.545636 0.009356 0.019405
9 0.923977 0.154444 0.052236 0.060986
8 0.925439 0.223845 0.024949 0.092864