9 0.318569 0.400630 0.057363 0.029137
8 0.253694 0.399416 0.015024 0.050989
8 0.057704 0.438265 0.010926 0.036421
8 0.431929 0.343570 0.019121 0.053417
8 0.354079 0.392132 0.013658 0.048561
8 0.240719 0.404272 0.013658 0.055845
8 0.324032 0.400630 0.019121 0.038849
8 0.309691 0.399416 0.015024 0.046133
8 0.529583 0.451619 0.023218 0.038849
2 0.038413 0.567992 0.020487 0.031565
2 0.067094 0.571937 0.064192 0.067380
2 0.194795 0.586203 0.024584 0.029137
2 0.224842 0.582561 0.021853 0.041277
2 0.244437 0.575131 0.033727 0.045843
2 0.109689 0.756422 0.219379 0.345293
2 0.394109 0.587842 0.068469 0.103870
2 0.519168 0.520125 0.099702 0.055845
2 0.482292 0.631816 0.195307 0.235522
2 0.732589 0.737521 0.482839 0.388658
6 0.832616 0.524114 0.054631 0.150540
9 0.349811 0.455088 0.015024 0.019424
9 0.364152 0.438091 0.013658 0.024281
9 0.526680 0.356751 0.030047 0.026709
9 0.504828 0.400456 0.021853 0.026709
9 0.502096 0.433235 0.013658 0.019424