6 0.105144 0.565000 0.012981 0.076154
6 0.090865 0.569615 0.018173 0.085385
6 0.323221 0.549615 0.015577 0.071538
6 0.343341 0.540769 0.014279 0.060000
6 0.332308 0.541154 0.010385 0.057692
6 0.517067 0.516923 0.005192 0.041538
6 0.531995 0.510000 0.006490 0.027692
6 0.522909 0.513461 0.011683 0.048462
6 0.801130 0.505769 0.009087 0.062308
6 0.949110 0.521538 0.011683 0.087692
6 0.964038 0.522692 0.023365 0.117692
6 0.961321 0.522362 0.023607 0.112417
2 0.253774 0.568461 0.068798 0.083077
2 0.568990 0.494615 0.015577 0.009231
2 0.589110 0.509615 0.029856 0.048462
2 0.605336 0.505000 0.018173 0.025385
6 0.934182 0.532692 0.012981 0.099231
2 0.867332 0.542692 0.138894 0.154615
12 0.723245 0.520769 0.144087 0.263077
12 0.665481 0.485385 0.109038 0.216923
2 0.168750 0.580384 0.111635 0.113077
2 0.555793 0.546923 0.061010 0.092308
8 0.689928 0.359615 0.006490 0.030000
8 0.499759 0.357308 0.007788 0.039231
8 0.683005 0.360769 0.006490 0.027692
8 0.777981 0.319231 0.007788 0.064615
9 0.230409 0.443846 0.024663 0.018462
9 0.786202 0.323846 0.005192 0.080000
8 0.221322 0.482692 0.022067 0.025385
8 0.799183 0.435385 0.015577 0.027692
2 0.994002 0.616154 0.010385 0.150000