8 0.734062 0.032812 0.025312 0.061875
8 0.596953 0.326250 0.018984 0.108750
8 0.389180 0.498750 0.012656 0.026250
8 0.357012 0.496875 0.017930 0.030000
8 0.392344 0.469687 0.012656 0.039375
8 0.633867 0.412500 0.012656 0.045000
8 0.632285 0.330000 0.020039 0.078750
9 0.213574 0.485625 0.028477 0.022500
8 0.148184 0.288750 0.024258 0.041250
8 0.237832 0.323437 0.013711 0.061875
9 0.376523 0.450000 0.023203 0.022500
9 0.382851 0.417187 0.027422 0.020625
9 0.646523 0.164062 0.124453 0.114375
2 0.653524 0.536625 0.062227 0.060000
2 0.582857 0.558752 0.062232 0.048004
2 0.519578 0.561000 0.053789 0.067500
2 0.451479 0.579972 0.097176 0.069541
2 0.785215 0.512812 0.028477 0.039375
2 0.743554 0.530625 0.082266 0.067500
2 0.949218 0.488437 0.044297 0.039375
2 0.975058 0.483750 0.024258 0.018750
2 0.918105 0.495937 0.041133 0.035625
2 0.864843 0.506250 0.056953 0.048750
2 0.990351 0.481875 0.016875 0.022500
2 0.155039 0.614062 0.082266 0.073125
2 0.115488 0.607500 0.060117 0.078750
2 0.065918 0.595312 0.053789 0.050625
2 0.037969 0.592500 0.040078 0.052500
2 0.993654 0.562356 0.012691 0.060655
2 0.009748 0.592683 0.015597 0.055456
8 0.616079 0.466175 0.013647 0.041592