6 0.097218 0.317767 0.016841 0.083014
6 0.074636 0.313685 0.019137 0.093901
6 0.026410 0.302797 0.031385 0.126563
6 0.124776 0.310963 0.024496 0.096623
6 0.866290 0.328654 0.027558 0.112954
6 0.760651 0.315045 0.018372 0.085736
6 0.739982 0.316406 0.019903 0.080292
6 0.721228 0.319128 0.011482 0.072127
6 0.894231 0.323211 0.017606 0.077571
6 0.942329 0.324231 0.020668 0.097984
6 0.905585 0.321510 0.014544 0.073488
6 0.886448 0.299735 0.013013 0.032661
6 0.769709 0.305179 0.019903 0.078931
6 0.702920 0.292251 0.020668 0.080292
12 0.367822 0.252853 0.032916 0.048992
2 0.302117 0.288508 0.053585 0.081653
2 0.264863 0.300076 0.061240 0.066683
2 0.349068 0.296673 0.042868 0.054435
2 0.201326 0.313685 0.071957 0.069405
1 0.620947 0.271905 0.124776 0.159944
12 0.417183 0.303867 0.084888 0.152419
9 0.177979 0.112613 0.057412 0.031300
9 0.106404 0.168410 0.019903 0.017692
8 0.244194 0.094309 0.012248 0.047631
8 0.256825 0.096351 0.009951 0.043548
9 0.648148 0.126290 0.065067 0.024496
8 0.723320 0.190252 0.022199 0.024496
9 0.846106 0.089546 0.020668 0.035383
8 0.721100 0.232372 0.010717 0.025857
8 0.815065 0.061580 0.017606 0.048992
8 0.794014 0.063621 0.015310 0.053075
8 0.860230 0.231691 0.016075 0.024496
2 0.498531 0.286807 0.025261 0.036744
2 0.522262 0.287487 0.026792 0.038105
0 0.937736 0.339930 0.061240 0.061240
0 0.966825 0.352178 0.036744 0.050353
9 0.098877 0.115902 0.026792 0.014970
8 0.107935 0.224955 0.026027 0.031300
8 0.589587 0.109960 0.007655 0.038105
9 0.481805 0.251492 0.010717 0.016331