6 0.232403 0.548614 0.019128 0.079345
6 0.190959 0.548048 0.022953 0.103149
6 0.113492 0.550881 0.022316 0.124685
6 0.071729 0.531045 0.017853 0.085013
6 0.086394 0.557116 0.028054 0.164358
6 0.033474 0.560516 0.040806 0.171159
6 0.881344 0.548614 0.034169 0.240302
9 0.182671 0.412594 0.026779 0.015869
9 0.223796 0.330982 0.041444 0.036272
9 0.916861 0.281108 0.042719 0.036272
9 0.910485 0.316814 0.028692 0.028338
9 0.893907 0.037406 0.023591 0.063476
2 0.414233 0.546776 0.023591 0.038539
12 0.524421 0.545713 0.158761 0.154014
2 0.713265 0.600050 0.222636 0.224433
2 0.937003 0.744675 0.123056 0.352519
8 0.196495 0.371186 0.014027 0.022670
8 0.542477 0.417660 0.016577 0.031738
8 0.519205 0.474901 0.012114 0.012469
2 0.032952 0.561975 0.065672 0.091814
2 0.320507 0.572383 0.177889 0.295844
2 0.432724 0.547446 0.014665 0.030605