8 0.455430 0.165461 0.024883 0.085424
6 0.785779 0.517834 0.026600 0.109830
6 0.751886 0.517071 0.017161 0.090000
2 0.540806 0.534613 0.039470 0.064068
2 0.412119 0.543362 0.049725 0.081565
2 0.285536 0.559020 0.045477 0.057966
2 0.319000 0.553681 0.033464 0.041186
2 0.340880 0.547579 0.025742 0.032034
2 0.371770 0.541478 0.022309 0.032034
0 0.488465 0.536901 0.006864 0.022881
7 0.488036 0.526986 0.009439 0.048814
8 0.473020 0.464444 0.006864 0.021356
2 0.442130 0.535376 0.025742 0.038136
2 0.468813 0.534860 0.023858 0.040155
6 0.098052 0.575800 0.020593 0.051864
8 0.040562 0.247071 0.018877 0.068644