9 0.245411 0.263304 0.030406 0.054055
9 0.245021 0.212713 0.032745 0.047125
9 0.234886 0.349931 0.032745 0.055441
9 0.742435 0.283401 0.024949 0.044353
9 0.743215 0.329833 0.018711 0.045739
9 0.556901 0.368686 0.019491 0.030493
9 0.602900 0.337500 0.008576 0.018018
7 0.541212 0.424127 0.013254 0.044353
0 0.541212 0.443532 0.013254 0.038809
2 0.418808 0.435215 0.013254 0.022177
2 0.404774 0.439374 0.021050 0.030493
2 0.328759 0.443532 0.040542 0.030493
2 0.372067 0.466401 0.060108 0.076232
2 0.243777 0.508345 0.177759 0.182197
12 0.157626 0.413732 0.283011 0.225924
9 0.006111 0.353439 0.012223 0.030493
9 0.346301 0.351360 0.013254 0.020791
9 0.768828 0.390070 0.022610 0.022177