2 0.484326 0.497693 0.009567 0.044646
12 0.512429 0.486213 0.053814 0.087165
12 0.527616 0.499181 0.062185 0.093543
2 0.470215 0.490040 0.019134 0.048898
2 0.595661 0.508110 0.029897 0.025512
2 0.558589 0.528307 0.068164 0.074409
2 0.657248 0.549567 0.148287 0.129685
2 0.418553 0.551459 0.133937 0.207539
9 0.499394 0.417331 0.046400 0.048898
9 0.522594 0.387354 0.016742 0.008504
9 0.582985 0.410740 0.015546 0.029764
9 0.511831 0.416055 0.040659 0.048898
9 0.577604 0.474520 0.023917 0.025512
2 0.925579 0.687299 0.146896 0.326913
9 0.457419 0.415205 0.037072 0.048898