8 0.465933 0.230921 0.014725 0.029917
8 0.399145 0.250554 0.013673 0.035526
9 0.504322 0.208483 0.057847 0.022438
9 0.229285 0.226247 0.025242 0.016828
9 0.243484 0.265513 0.032605 0.016828
9 0.256631 0.280471 0.027346 0.035526
9 0.229285 0.144910 0.023139 0.048615
2 0.281873 0.446884 0.077831 0.147715
2 0.400723 0.402943 0.037864 0.059834
2 0.526935 0.405748 0.026294 0.031787
2 0.684700 0.409488 0.295546 0.368352
2 0.458044 0.482410 0.159868 0.222507
6 0.559014 0.490824 0.051537 0.235596
2 0.143566 0.447819 0.240855 0.287950