2 0.792386 0.709393 0.020608 0.032711
2 0.771155 0.710819 0.032779 0.040418
2 0.731590 0.709875 0.019205 0.043388
2 0.730865 0.714890 0.015024 0.038849
2 0.560142 0.712245 0.077850 0.096689
2 0.589506 0.697894 0.019121 0.029137
2 0.491853 0.689395 0.031413 0.026709
2 0.463171 0.694252 0.039608 0.026709
2 0.420149 0.690609 0.030047 0.029137
2 0.339568 0.736743 0.210331 0.169964
2 0.661626 0.737113 0.152434 0.224121
8 0.892662 0.598435 0.007720 0.024465
8 0.763494 0.635280 0.007128 0.020457
8 0.774302 0.638078 0.007365 0.021196
8 0.785764 0.640348 0.006533 0.020880
8 0.802568 0.629908 0.010926 0.029137
8 0.814981 0.632324 0.007954 0.024257
8 0.643121 0.618733 0.009132 0.020662
8 0.689931 0.621226 0.004909 0.027450