9 0.459758 0.441327 0.013776 0.012245
2 0.408878 0.486864 0.011633 0.018626
2 0.366412 0.494907 0.019350 0.030214
2 0.363391 0.495372 0.019802 0.019898
2 0.342727 0.503247 0.016358 0.032586
2 0.292935 0.510435 0.051055 0.086255
12 0.221138 0.511903 0.125753 0.132311
2 0.851239 0.585571 0.294696 0.343197
2 0.588316 0.519515 0.093846 0.093624
2 0.519869 0.502550 0.024107 0.026020
2 0.488680 0.498659 0.017682 0.033090
2 0.481569 0.493261 0.014626 0.030649
9 0.094171 0.316087 0.035213 0.025857
9 0.093789 0.350110 0.034447 0.020413
8 0.087665 0.389575 0.013013 0.025857
8 0.754248 0.268456 0.019469 0.074849
8 0.738339 0.382771 0.011482 0.036744
8 0.563040 0.039827 0.029854 0.074849
2 0.316549 0.503890 0.026792 0.055796
2 0.455870 0.467826 0.011482 0.016331
2 0.384295 0.493003 0.016841 0.025857
2 0.536072 0.507972 0.041753 0.077571
2 0.503049 0.496591 0.016639 0.055425
8 0.422188 0.443330 0.008420 0.016331
8 0.447449 0.437887 0.005358 0.013609
2 0.472859 0.491214 0.013029 0.024817
2 0.398408 0.492455 0.015821 0.025644