8 0.552471 0.092755 0.020663 0.078980
8 0.710338 0.388469 0.028929 0.038571
8 0.569002 0.096429 0.014464 0.078980
8 0.532841 0.097347 0.016531 0.084490
8 0.509595 0.258061 0.015497 0.049592
8 0.494097 0.262653 0.013431 0.051429
8 0.452254 0.327857 0.012398 0.042245
8 0.442439 0.327857 0.011365 0.042245
9 0.070772 0.423367 0.038227 0.055102
9 0.059407 0.481224 0.013431 0.020204
9 0.059407 0.506020 0.011365 0.029388
9 0.003616 0.472041 0.007232 0.042245
9 0.692219 0.280982 0.038227 0.027629
9 0.686020 0.318673 0.015497 0.051429
2 0.777972 0.508775 0.133278 0.090000
2 0.895236 0.511526 0.163240 0.091846
2 0.985638 0.516122 0.025829 0.082653
2 0.606983 0.553775 0.190102 0.312245
2 0.385370 0.515204 0.033061 0.095510
12 0.328546 0.479141 0.101250 0.233758
6 0.811362 0.503208 0.029962 0.137755
9 0.490998 0.385714 0.015497 0.025714
9 0.492031 0.411428 0.009298 0.022041