2 0.285820 0.445078 0.015820 0.021094
2 0.312978 0.445781 0.010547 0.014062
2 0.325503 0.443437 0.011865 0.018750
2 0.336050 0.441093 0.011865 0.023437
2 0.349233 0.450468 0.011865 0.032812
2 0.402627 0.465703 0.018457 0.053906
2 0.425039 0.470390 0.050098 0.063281
2 0.493593 0.486797 0.081738 0.105469
2 0.239246 0.464728 0.034277 0.058594
2 0.268286 0.451248 0.025049 0.049550
9 0.914308 0.220239 0.113379 0.199219
9 0.464721 0.340429 0.014502 0.042187
9 0.462047 0.390673 0.024974 0.044237
9 0.456152 0.297070 0.021094 0.039844
12 0.383035 0.431864 0.060253 0.105416
2 0.299806 0.452913 0.018148 0.028953