8 0.250669 0.071953 0.021094 0.091406
8 0.275718 0.076641 0.023730 0.082031
8 0.500498 0.337969 0.014502 0.028125
9 0.511704 0.312187 0.031641 0.023437
9 0.509727 0.288750 0.032959 0.023437
9 0.405576 0.334453 0.035596 0.058594
9 0.344273 0.333281 0.018457 0.023437
9 0.036055 0.333022 0.018128 0.028643
2 0.586851 0.430547 0.042187 0.039844
2 0.547959 0.412968 0.032959 0.028125
2 0.567075 0.435234 0.063281 0.039844
2 0.692979 0.434062 0.043506 0.032812
2 0.748350 0.439922 0.046143 0.035156
2 0.828110 0.456056 0.039551 0.043988
2 0.772739 0.456328 0.076465 0.044531
12 0.053575 0.364922 0.069873 0.044531
5 0.298130 0.386015 0.073828 0.086719
2 0.011297 0.599296 0.022593 0.246094
2 0.922138 0.487520 0.154717 0.135040
2 0.053575 0.382500 0.046143 0.028125
9 0.459629 0.393984 0.014502 0.039844
2 0.418101 0.397500 0.023730 0.023437
5 0.213761 0.384455 0.067346 0.064297