6 0.530161 0.499687 0.010547 0.060937
6 0.404917 0.492656 0.026367 0.135937
6 0.395030 0.480937 0.017139 0.126562
6 0.375254 0.482109 0.027686 0.114844
6 0.377891 0.495000 0.022412 0.126562
2 0.555029 0.502734 0.018457 0.056250
2 0.575463 0.508593 0.046143 0.058594
2 0.593920 0.508593 0.051416 0.063281
2 0.616992 0.513281 0.031641 0.067969
2 0.678295 0.516797 0.112060 0.098437
2 0.335522 0.489843 0.072510 0.119531
2 0.315747 0.521484 0.069873 0.187500
12 0.350683 0.431250 0.121289 0.063281
12 0.773217 0.528515 0.188525 0.138281
2 0.150384 0.523125 0.300767 0.356250
9 0.925010 0.462187 0.009229 0.032812