8 0.216896 0.255862 0.014396 0.047346
8 0.161112 0.404938 0.013676 0.015355
8 0.658125 0.363350 0.008637 0.034550
8 0.556275 0.289772 0.009357 0.038389
8 0.500852 0.404298 0.006478 0.014076
8 0.229492 0.259061 0.010797 0.043507
8 0.564553 0.293611 0.007198 0.040948
8 0.829794 0.355672 0.026632 0.037109
9 0.170110 0.335198 0.021594 0.016635
9 0.163272 0.353753 0.017995 0.015355
9 0.821876 0.267379 0.025193 0.019194
9 0.850668 0.284014 0.041028 0.014076
6 0.252165 0.461241 0.012956 0.046066
6 0.093092 0.490672 0.023033 0.110047
6 0.930564 0.503469 0.041028 0.168910
12 0.355815 0.446525 0.041748 0.075498
2 0.385326 0.476597 0.043187 0.069100
12 0.594424 0.480698 0.154754 0.159197
12 0.303630 0.449724 0.069819 0.104929
2 0.450466 0.519464 0.125963 0.203460
2 0.598383 0.420933 0.089254 0.111327
9 0.849424 0.252952 0.022610 0.037423
9 0.804984 0.351360 0.019491 0.048511
12 0.514956 0.446304 0.027288 0.066530