9 0.061485 0.163359 0.046143 0.142969
9 0.846195 0.215437 0.042932 0.118501
9 0.543263 0.287944 0.034442 0.016122
9 0.505395 0.242873 0.055435 0.046559
2 0.110606 0.337006 0.099561 0.067549
2 0.261216 0.319219 0.042187 0.037500
2 0.311314 0.321562 0.026367 0.032812
2 0.398985 0.321562 0.022412 0.037500
2 0.466221 0.322734 0.011865 0.021094
2 0.457652 0.332109 0.013184 0.021094
2 0.448423 0.330937 0.015820 0.032812
2 0.493247 0.325078 0.010547 0.021094
2 0.509727 0.327422 0.014502 0.030469
2 0.545982 0.327422 0.010547 0.025781
2 0.556529 0.329765 0.015820 0.035156
2 0.371456 0.317088 0.032645 0.065198
2 0.040301 0.323906 0.080601 0.075000
2 0.973789 0.572343 0.051416 0.178125
2 0.341636 0.341484 0.050098 0.058594
2 0.400962 0.345000 0.050098 0.070312
2 0.433262 0.334453 0.019775 0.049219
2 0.482700 0.328594 0.021094 0.032812
2 0.525547 0.339140 0.030322 0.044531
2 0.577622 0.352031 0.063281 0.093750
9 0.516170 0.214933 0.030316 0.008291