9 0.940090 0.171455 0.031836 0.053268
9 0.641864 0.289642 0.030899 0.053268
9 0.614928 0.221393 0.050787 0.089889
9 0.556188 0.272996 0.044945 0.019975
9 0.558061 0.306289 0.026218 0.013317
9 0.249536 0.307953 0.019663 0.076572
8 0.564616 0.337976 0.011236 0.023423
8 0.572574 0.387022 0.004682 0.021640
8 0.133429 0.364550 0.008427 0.023305
8 0.151688 0.387022 0.007491 0.011652
6 0.353938 0.521856 0.037454 0.131504
6 0.306185 0.516030 0.031836 0.146486
6 0.337552 0.511868 0.023409 0.151480
2 0.396542 0.486067 0.017791 0.023305
2 0.383901 0.483570 0.014982 0.038286
2 0.363770 0.480241 0.019663 0.041615
12 0.124534 0.528514 0.247195 0.268003
2 0.505785 0.620401 0.280903 0.393768
6 0.736435 0.487731 0.027154 0.156474
6 0.709749 0.489396 0.026218 0.166461
6 0.843601 0.495222 0.131177 0.517694