8 0.146310 0.493937 0.009560 0.019424
8 0.110116 0.440519 0.013658 0.024281
8 0.308155 0.430807 0.010926 0.014568
8 0.101239 0.493937 0.012292 0.014568
8 0.223476 0.446936 0.021853 0.016303
8 0.281522 0.447804 0.015024 0.014568
8 0.406914 0.441525 0.015545 0.031981
8 0.545801 0.325825 0.038242 0.061978
8 0.543330 0.384606 0.036030 0.062994
2 0.351177 0.552210 0.066923 0.131115
2 0.264450 0.570421 0.174820 0.206385
2 0.018865 0.547354 0.037730 0.048561
6 0.728133 0.492723 0.020487 0.041277
6 0.754083 0.529144 0.017755 0.080126
6 0.782082 0.513361 0.043705 0.247662
6 0.820324 0.455088 0.035510 0.145684
6 0.851737 0.517003 0.027316 0.143256
6 0.877004 0.472084 0.028681 0.116547
6 0.911831 0.466014 0.038242 0.123831