2 0.054050 0.454874 0.108100 0.182143
9 0.636148 0.357949 0.019038 0.013441
9 0.634040 0.390304 0.011377 0.025930
8 0.347606 0.319898 0.013776 0.036735
8 0.465628 0.398677 0.008610 0.021429
2 0.560430 0.443440 0.012915 0.024490
2 0.571975 0.444643 0.015497 0.035204
2 0.593065 0.450766 0.030134 0.041327
2 0.528492 0.440817 0.009471 0.012245
2 0.539254 0.441582 0.018941 0.022959
2 0.502663 0.440051 0.023246 0.019898
2 0.482430 0.442347 0.018941 0.021429
2 0.402790 0.442347 0.049075 0.045918
8 0.564171 0.345441 0.010423 0.029118
2 0.126563 0.438089 0.050625 0.063529