9 0.615600 0.371611 0.030542 0.026599
9 0.807523 0.376407 0.058022 0.097721
2 0.015167 0.515750 0.030334 0.086863
2 0.131109 0.504893 0.079398 0.068767
2 0.398824 0.489511 0.018323 0.023525
2 0.436058 0.488242 0.027642 0.034660
2 0.476187 0.487701 0.022394 0.030764
2 0.506216 0.489511 0.017305 0.027145
2 0.376430 0.490415 0.018323 0.021716
2 0.304157 0.494035 0.028502 0.028954
2 0.267003 0.490350 0.043771 0.041954
2 0.203891 0.497654 0.053950 0.050670
2 0.413075 0.489511 0.008143 0.019906
8 0.507234 0.445174 0.005090 0.014477
8 0.464674 0.439779 0.004704 0.010925
8 0.409004 0.431602 0.008143 0.016287
8 0.367778 0.436126 0.005090 0.018097
8 0.337933 0.445208 0.004439 0.018165