2 0.913522 0.615473 0.015546 0.014882
1 0.958210 0.595276 0.078613 0.102047
2 0.824311 0.725386 0.168617 0.221953
2 0.690852 0.582307 0.027505 0.027638
2 0.466986 0.620575 0.166225 0.291260
8 0.069360 0.209410 0.021526 0.065906
8 0.171607 0.301890 0.015546 0.051024
8 0.329461 0.367795 0.010763 0.034016
8 0.429316 0.410315 0.009567 0.025512
8 0.536346 0.425215 0.010763 0.038304
8 0.778145 0.328852 0.016075 0.043870
8 0.799437 0.389055 0.015546 0.025512
8 0.801828 0.549567 0.013155 0.019134
8 0.850142 0.568701 0.010763 0.019134
9 0.150679 0.302953 0.026309 0.048898
9 0.130947 0.359291 0.029897 0.017008
9 0.630421 0.509173 0.010763 0.023386
9 0.154646 0.406262 0.016841 0.040827