8 0.425039 0.320625 0.014766 0.056250
8 0.532466 0.332258 0.012656 0.046653
8 0.739775 0.445316 0.009317 0.040633
6 0.157148 0.549687 0.025312 0.080625
2 0.218848 0.546695 0.060117 0.070985
2 0.286546 0.542809 0.047858 0.062885
2 0.352494 0.539594 0.043840 0.059312
2 0.314297 0.544312 0.018984 0.046875
2 0.264239 0.541971 0.020119 0.044058
2 0.373887 0.534000 0.013711 0.037500
2 0.381797 0.534000 0.010547 0.030000
9 0.659700 0.396232 0.033604 0.017319
8 0.835312 0.421250 0.016875 0.045000
8 0.814218 0.427812 0.012656 0.050625
6 0.813691 0.535625 0.015820 0.056250
2 0.545666 0.530239 0.024526 0.022022