9 0.466197 0.522157 0.050352 0.060478
9 0.480102 0.487113 0.023579 0.012231
9 0.227977 0.511299 0.077731 0.048898
2 0.400780 0.612284 0.021526 0.029764
2 0.381646 0.602717 0.014350 0.023386
2 0.436571 0.611588 0.011660 0.013358
9 0.656097 0.589961 0.060989 0.048898
9 0.687788 0.491102 0.028701 0.042520
9 0.463130 0.595610 0.008810 0.017676
9 0.398390 0.570913 0.023913 0.023215
9 0.424670 0.572280 0.021989 0.019134
9 0.432944 0.593392 0.005441 0.010134
9 0.361560 0.587404 0.007255 0.016583
2 0.348811 0.608100 0.015650 0.021123
9 0.406256 0.558154 0.007514 0.005988
9 0.430612 0.561378 0.008032 0.005067
2 0.425948 0.609054 0.010105 0.011977