8 0.089195 0.375193 0.022421 0.077985
8 0.393335 0.420829 0.016572 0.056033
8 0.522881 0.540186 0.007910 0.034744
8 0.749668 0.496802 0.019775 0.040458
2 0.065312 0.679262 0.130624 0.183838
8 0.710148 0.329268 0.018521 0.083184
9 0.733911 0.329982 0.015835 0.026300
9 0.742034 0.350506 0.031204 0.017030
9 0.729156 0.383593 0.035093 0.021999
9 0.310476 0.553691 0.022421 0.015597
9 0.330947 0.551958 0.010723 0.015597
9 0.356292 0.566688 0.008773 0.017330
9 0.467887 0.464908 0.027254 0.033090
9 0.445487 0.439313 0.021446 0.022529
6 0.847210 0.612569 0.034899 0.136494
6 0.569592 0.662257 0.065678 0.187672
2 0.175792 0.648645 0.072789 0.084196
2 0.338746 0.628064 0.114053 0.070761
2 0.453286 0.616945 0.052640 0.062388
2 0.754989 0.605055 0.162793 0.061905
2 0.638012 0.658537 0.112103 0.135173
2 0.941336 0.597016 0.116321 0.064121
2 0.219819 0.618678 0.024370 0.045058
2 0.187163 0.596149 0.033143 0.020796
2 0.222256 0.585751 0.027295 0.020796
9 0.228105 0.570154 0.013647 0.013864
9 0.184239 0.554557 0.011698 0.017330
2 0.391790 0.616226 0.024962 0.039840
9 0.731463 0.443855 0.030480 0.065436
2 0.258811 0.583152 0.010723 0.012131
8 0.259786 0.554557 0.006824 0.013864
8 0.271484 0.557157 0.008773 0.015597
8 0.299266 0.572754 0.009748 0.012131
8 0.726597 0.502968 0.013184 0.028125