2 0.132652 0.797444 0.263596 0.403058
2 0.616139 0.811319 0.320959 0.371840
2 0.292448 0.865435 0.230817 0.265709
2 0.418100 0.858839 0.061460 0.150540
2 0.442685 0.818776 0.091507 0.128687
2 0.838762 0.818776 0.214428 0.245234
2 0.729499 0.769001 0.028681 0.048561
2 0.711744 0.750791 0.025950 0.041277
9 0.409906 0.697894 0.023218 0.038849
9 0.476146 0.595915 0.013658 0.033993
9 0.725402 0.668757 0.017755 0.033993
9 0.649601 0.646384 0.010926 0.026709
8 0.497316 0.591406 0.009560 0.033993
8 0.624334 0.639620 0.006829 0.043705
8 0.612042 0.636498 0.009560 0.045093
8 0.508242 0.589845 0.009560 0.041277
9 0.484401 0.737171 0.013988 0.024868