9 0.836235 0.241946 0.031314 0.055670
9 0.835655 0.319266 0.053351 0.078351
9 0.847253 0.369781 0.023196 0.022680
9 0.513232 0.385245 0.018557 0.037113
9 0.262798 0.375226 0.022309 0.007666
9 0.413490 0.405863 0.020876 0.012371
8 0.288209 0.372852 0.005799 0.022680
8 0.393750 0.396564 0.005799 0.016495
8 0.222124 0.404833 0.009278 0.014433
9 0.654727 0.314111 0.018557 0.055670
9 0.826956 0.433699 0.017397 0.068041
9 0.814198 0.488338 0.012758 0.041237
9 0.826956 0.497616 0.005799 0.055670
6 0.576441 0.521327 0.040593 0.193814
2 0.448840 0.472165 0.039433 0.059794
2 0.470876 0.480412 0.034794 0.068041
2 0.515528 0.488316 0.093943 0.113402
2 0.571199 0.518213 0.093943 0.111340
2 0.292268 0.437801 0.013918 0.032990
12 0.372874 0.409966 0.031314 0.022680
2 0.258077 0.452255 0.057990 0.088660
2 0.352021 0.542977 0.187887 0.257732
2 0.686041 0.547101 0.199485 0.216495