9 0.408911 0.436132 0.031834 0.063805
9 0.375370 0.407628 0.039001 0.031269
8 0.414753 0.362085 0.021412 0.067976
8 0.570376 0.573489 0.008412 0.017674
2 0.248919 0.613142 0.042060 0.055740
6 0.260008 0.629456 0.038236 0.066616
6 0.284861 0.631495 0.029824 0.065257
2 0.553281 0.619940 0.009941 0.017674
2 0.567428 0.630136 0.021412 0.024471
2 0.583488 0.635574 0.012236 0.016314
2 0.645394 0.655246 0.039838 0.036789
2 0.667990 0.663444 0.039001 0.047583
1 0.530339 0.618580 0.016824 0.032628
2 0.544104 0.632175 0.016824 0.024471
2 0.597635 0.642372 0.019883 0.025831
6 0.176142 0.592296 0.036707 0.084290
6 0.698452 0.663217 0.010706 0.042145
6 0.709158 0.664577 0.009177 0.047583
6 0.717952 0.655060 0.006883 0.023112
6 0.727511 0.668656 0.010706 0.058459
6 0.735541 0.666616 0.008412 0.046224
6 0.747012 0.670015 0.009941 0.058459
6 0.764218 0.669335 0.012236 0.054381
6 0.852927 0.693127 0.009177 0.080211
6 0.846809 0.688369 0.009177 0.078852
6 0.838779 0.691088 0.011471 0.076133
6 0.828455 0.687009 0.015295 0.087009
6 0.870515 0.689048 0.012236 0.080211
6 0.885045 0.699245 0.021412 0.106042
9 0.589648 0.573815 0.020648 0.012236
6 0.987924 0.713086 0.016059 0.099245
6 0.925599 0.711726 0.019883 0.088369
6 0.937452 0.709007 0.020648 0.072054
6 0.810507 0.672980 0.014530 0.070695
6 0.790625 0.670261 0.014530 0.067976
6 0.799419 0.668901 0.012236 0.067976
2 0.126620 0.748683 0.253239 0.443371