2 0.437134 0.519675 0.078584 0.104003
2 0.206994 0.551300 0.098920 0.089760
2 0.045501 0.543807 0.091003 0.069335
2 0.109689 0.532660 0.041961 0.038890
2 0.154212 0.523895 0.029585 0.033026
2 0.265682 0.521610 0.033770 0.036236
1 0.300920 0.502341 0.057355 0.057100
2 0.377776 0.516093 0.018353 0.018720
2 0.357128 0.514750 0.020648 0.017329
2 0.338516 0.516141 0.018871 0.022704
2 0.611018 0.497923 0.013765 0.042825
2 0.173649 0.534818 0.035814 0.043648
2 0.626696 0.499732 0.040365 0.058306
9 0.708058 0.394334 0.011353 0.017940
2 0.127206 0.541734 0.071824 0.044075