2 0.315350 0.508113 0.057514 0.072786
2 0.505761 0.500269 0.039376 0.053632
2 0.085783 0.568768 0.169617 0.343132
2 0.669206 0.547105 0.139398 0.129974
6 0.152557 0.478652 0.026320 0.083184
6 0.192037 0.499448 0.029244 0.097048
2 0.348107 0.494467 0.032107 0.066290
2 0.361166 0.476919 0.039967 0.083184
1 0.477656 0.473429 0.046791 0.076202
2 0.384562 0.489050 0.008773 0.027728
2 0.391873 0.487317 0.011698 0.031194
2 0.447437 0.482118 0.013647 0.041592
1 0.399729 0.478430 0.017663 0.037681
2 0.427453 0.489050 0.012673 0.013864
2 0.416712 0.492085 0.010760 0.012963
9 0.773023 0.339146 0.025345 0.032927