9 0.538817 0.386903 0.031592 0.016641
9 0.539402 0.417065 0.025742 0.039522
9 0.540572 0.453467 0.016381 0.024961
9 0.432926 0.058243 0.028082 0.116487
9 0.414790 0.024961 0.008190 0.049923
9 0.301878 0.391063 0.018721 0.024961
9 0.301293 0.423305 0.026912 0.043683
9 0.415375 0.349461 0.023401 0.033282
9 0.497280 0.326580 0.011701 0.037442
9 0.483239 0.325540 0.011701 0.039522
9 0.716083 0.180971 0.021061 0.074884
9 0.714913 0.250655 0.021061 0.060324
9 0.140993 0.388983 0.010531 0.095686
9 0.160885 0.307858 0.012871 0.033282
9 0.161470 0.276657 0.018721 0.024961
2 0.270871 0.547073 0.181361 0.191371
2 0.921898 0.558513 0.038612 0.031202
2 0.073714 0.679161 0.147429 0.397304
2 0.433804 0.715563 0.439946 0.534592