2 0.051717 0.398088 0.101250 0.193729
2 0.059010 0.319529 0.047193 0.042712
2 0.082607 0.339359 0.048051 0.091525
2 0.320287 0.366817 0.032606 0.085424
2 0.494900 0.332495 0.007722 0.022881
1 0.517210 0.347749 0.045477 0.090000
2 0.610308 0.384359 0.060064 0.086949
2 0.698687 0.420206 0.090953 0.112881
2 0.353731 0.356949 0.020593 0.056441
2 0.208850 0.351799 0.222407 0.356266
2 0.427138 0.417813 0.169894 0.263898
6 0.932958 0.445424 0.030032 0.134237
6 0.852731 0.439322 0.024025 0.128136
6 0.806825 0.437034 0.012871 0.099153
9 0.800819 0.231864 0.016303 0.030508
2 0.546407 0.358983 0.010297 0.040678
6 0.643795 0.388983 0.009439 0.048814
9 0.623803 0.292119 0.008581 0.016780
9 0.554301 0.278390 0.012013 0.019831
9 0.536282 0.277627 0.010297 0.018305
9 0.574465 0.330254 0.009439 0.022881
8 0.434603 0.260085 0.011155 0.019831
8 0.522553 0.280678 0.012013 0.018305
8 0.340646 0.273051 0.006864 0.021356
8 0.330350 0.295932 0.012013 0.021356
9 0.331208 0.276102 0.012013 0.021356
9 0.130338 0.156203 0.021451 0.054915
6 0.028144 0.280678 0.017161 0.048814
6 0.069760 0.273814 0.014587 0.038136
6 0.103653 0.278390 0.013729 0.041186
6 0.556615 0.353964 0.005849 0.024262
6 0.560027 0.355697 0.004874 0.020796
6 0.563926 0.359163 0.006824 0.027728