8 0.541354 0.463618 0.005995 0.024868
2 0.467915 0.508026 0.022981 0.042632
2 0.397473 0.506250 0.029975 0.053289
2 0.386482 0.511579 0.023980 0.060395
2 0.357506 0.517796 0.073939 0.079934
2 0.352010 0.535559 0.048960 0.058618
2 0.261085 0.505362 0.132891 0.161645
2 0.242101 0.555099 0.098919 0.108355
2 0.200576 0.478717 0.116023 0.079934
2 0.056354 0.603059 0.112707 0.218487
2 0.103815 0.534671 0.207629 0.255789
2 0.593730 0.533088 0.022981 0.053289
2 0.670748 0.523125 0.140884 0.119013
2 0.821624 0.557763 0.226813 0.181184
2 0.920043 0.583520 0.159868 0.278882
2 0.500531 0.532661 0.073653 0.102559