2 0.272504 0.439154 0.053113 0.052316
2 0.484239 0.425756 0.040194 0.040832
2 0.444244 0.458274 0.034054 0.049723
2 0.219032 0.469565 0.061008 0.058696
2 0.071894 0.488280 0.046653 0.035728
2 0.349344 0.434464 0.017144 0.020013
2 0.370477 0.442344 0.022250 0.028072
8 0.397033 0.387477 0.006460 0.010208
8 0.499312 0.394494 0.008613 0.016588
8 0.256355 0.400236 0.007895 0.010208
8 0.329206 0.398960 0.008613 0.017864
8 0.371194 0.390666 0.006460 0.014036
9 0.414259 0.405766 0.016508 0.007656
9 0.437918 0.402815 0.023631 0.011963
9 0.420360 0.417250 0.011484 0.017864
9 0.422513 0.379608 0.008613 0.014036
9 0.471956 0.350441 0.013083 0.019501
9 0.415336 0.386626 0.007177 0.012760
9 0.472450 0.389178 0.009248 0.030624
9 0.058257 0.427032 0.009331 0.033176
2 0.024882 0.476796 0.048807 0.051040
2 0.473473 0.471692 0.058855 0.071456
9 0.210419 0.408318 0.023686 0.043384
8 0.103834 0.459570 0.005742 0.014036