8 0.598057 0.244219 0.009229 0.018750
8 0.606626 0.281719 0.013184 0.028125
9 0.179478 0.238359 0.031641 0.016406
9 0.658042 0.291094 0.029004 0.065625
9 0.673203 0.221953 0.019775 0.039844
9 0.429307 0.255937 0.014502 0.023437
9 0.355487 0.243200 0.014486 0.030775
6 0.261875 0.356718 0.022412 0.084375
6 0.590078 0.331940 0.030459 0.153690
2 0.290879 0.355547 0.051416 0.067969
2 0.221665 0.377724 0.079102 0.089239
2 0.162999 0.380156 0.048779 0.093750
2 0.126744 0.398906 0.063281 0.103125
2 0.081919 0.381328 0.021094 0.067969
2 0.014024 0.382500 0.027686 0.070312
12 0.505113 0.280547 0.108105 0.269531