8 0.351011 0.412105 0.008993 0.035526
8 0.531862 0.426316 0.006994 0.035526
8 0.447931 0.563092 0.010991 0.017763
8 0.500888 0.562204 0.008993 0.019539
8 0.698225 0.475164 0.011990 0.023092
8 0.161167 0.500921 0.022981 0.028421
9 0.700224 0.443191 0.031974 0.023092
9 0.296056 0.501809 0.020983 0.012434
9 0.300553 0.516908 0.015987 0.014211
9 0.179153 0.468947 0.034971 0.021316
2 0.201134 0.603059 0.094922 0.122566
2 0.538357 0.598618 0.019984 0.028421
2 0.487399 0.603059 0.009992 0.019539
2 0.678741 0.566645 0.108910 0.138553
2 0.727497 0.595954 0.112498 0.147434
2 0.857073 0.638586 0.223772 0.222039
2 0.423451 0.604836 0.017985 0.026645
2 0.081233 0.630592 0.160868 0.177632
2 0.970501 0.696316 0.056953 0.220263
2 0.396973 0.606612 0.030975 0.026645
2 0.504884 0.602171 0.022981 0.028421
2 0.577325 0.590625 0.041965 0.044408
9 0.717210 0.405000 0.025979 0.021316