9 0.381016 0.272271 0.016321 0.036225
9 0.347809 0.381836 0.014078 0.024192
9 0.412959 0.267586 0.019426 0.037691
9 0.467870 0.268419 0.016836 0.037526
9 0.401630 0.398622 0.011955 0.023386
9 0.433115 0.399287 0.009511 0.020463
9 0.465898 0.395785 0.020592 0.030468
9 0.698567 0.230689 0.022366 0.031929
9 0.625751 0.274252 0.020237 0.025512
9 0.625797 0.239173 0.020330 0.040394
9 0.570911 0.241446 0.042104 0.044939
9 0.535181 0.253784 0.015620 0.038277
9 0.844351 0.287905 0.026874 0.038973
9 0.758897 0.361417 0.016742 0.025512
2 0.050226 0.485788 0.040659 0.036142
2 0.081319 0.479410 0.028701 0.027638
2 0.174597 0.460276 0.031093 0.036142
2 0.490066 0.442205 0.011959 0.025512
2 0.499035 0.437953 0.015546 0.021260
2 0.527138 0.437953 0.011959 0.021260
2 0.647323 0.429449 0.020330 0.017008
2 0.664065 0.431575 0.025113 0.021260
2 0.682003 0.431575 0.017938 0.025512
2 0.539695 0.444331 0.025113 0.038268
2 0.508004 0.443268 0.014350 0.019134
2 0.518767 0.444331 0.011959 0.021260
2 0.552251 0.436890 0.009567 0.023386
2 0.568037 0.436890 0.021526 0.023386
2 0.895584 0.477284 0.206885 0.252992
8 0.518289 0.313583 0.011959 0.031890
8 0.435176 0.373110 0.010763 0.031890
8 0.709029 0.291260 0.013155 0.034016
8 0.748493 0.347599 0.015546 0.036142
8 0.555958 0.392244 0.010763 0.023386
8 0.407896 0.367795 0.007599 0.029764
2 0.469856 0.451772 0.034680 0.040394
2 0.601401 0.440079 0.020330 0.021260