2 0.050211 0.327299 0.037299 0.032305
2 0.119549 0.325598 0.021041 0.025504
2 0.136286 0.326449 0.012433 0.020403
2 0.146328 0.326449 0.007651 0.020403
2 0.164978 0.326449 0.012433 0.017003
2 0.238142 0.334100 0.013389 0.018703
2 0.260617 0.334100 0.025823 0.028904
2 0.345736 0.346852 0.023910 0.034005
2 0.362951 0.351102 0.018171 0.028904
2 0.382079 0.351102 0.018171 0.022103
2 0.304133 0.365554 0.082250 0.139421
2 0.011955 0.312847 0.023910 0.037406
9 0.094615 0.302766 0.008608 0.011902
9 0.653476 0.303173 0.012054 0.038265
9 0.647880 0.375112 0.012915 0.026020