2 0.563736 0.512527 0.013846 0.021099
2 0.516758 0.512527 0.018791 0.024615
2 0.537033 0.510769 0.017802 0.021099
2 0.473736 0.523956 0.031648 0.054505
2 0.435659 0.533626 0.056374 0.094945
2 0.372652 0.553393 0.088600 0.120413
2 0.276428 0.589890 0.173077 0.218022
2 0.589945 0.510417 0.042527 0.068571
8 0.500439 0.479121 0.011868 0.019341
8 0.540000 0.472967 0.007912 0.017582
8 0.920670 0.277802 0.078132 0.098461
9 0.915626 0.134505 0.079121 0.068571
9 0.641373 0.423736 0.032637 0.045714
2 0.497354 0.516327 0.015497 0.027551
2 0.980932 0.515506 0.035587 0.065705