8 0.158335 0.372874 0.009278 0.020619
8 0.189649 0.379059 0.009278 0.020619
8 0.270835 0.381121 0.006959 0.020619
8 0.326505 0.432668 0.006959 0.016495
8 0.206466 0.376997 0.008119 0.016495
8 0.212242 0.367698 0.006959 0.016495
9 0.328802 0.413058 0.008119 0.016495
2 0.398969 0.472852 0.046392 0.045361
1 0.522612 0.503858 0.084415 0.094690
12 0.503351 0.464605 0.120619 0.098969
2 0.707474 0.541924 0.034794 0.043299
2 0.650065 0.556357 0.133376 0.129897
2 0.817873 0.620162 0.251285 0.152308
9 0.244740 0.374936 0.024356 0.049485
9 0.276634 0.296585 0.037113 0.061856
9 0.240100 0.282152 0.040593 0.061856
9 0.860590 0.475967 0.024356 0.020619
2 0.358505 0.490263 0.123898 0.092368