8 0.454260 0.404654 0.003899 0.022529
8 0.449874 0.403787 0.006824 0.017330
2 0.416243 0.486971 0.009748 0.020796
2 0.402108 0.486104 0.018521 0.022529
2 0.380175 0.483505 0.009748 0.038126
2 0.372377 0.482638 0.009748 0.043325
2 0.361654 0.480905 0.013647 0.050257
2 0.329972 0.481772 0.053614 0.069320
2 0.283669 0.492170 0.037043 0.097048
2 0.243702 0.493903 0.054589 0.107445
2 0.174003 0.506034 0.108204 0.145571
2 0.072714 0.536361 0.145065 0.168100
2 0.464983 0.484371 0.033143 0.046791
2 0.506900 0.498235 0.033143 0.050257
2 0.540531 0.498235 0.053614 0.074519
2 0.560027 0.519898 0.069211 0.086650
2 0.716971 0.595283 0.229080 0.230488
9 0.511774 0.460976 0.013647 0.017330
8 0.560515 0.422850 0.005849 0.020796
9 0.903159 0.202760 0.036068 0.045058