6 0.128059 0.433351 0.026582 0.150211
6 0.089610 0.436726 0.023734 0.143460
6 0.020185 0.467582 0.038683 0.228800
6 0.552057 0.409001 0.006646 0.040506
6 0.593354 0.383685 0.009494 0.040506
6 0.562500 0.409001 0.008544 0.047257
6 0.573417 0.404782 0.007595 0.048945
6 0.583386 0.389592 0.006646 0.028692
2 0.416297 0.397709 0.014241 0.025316
2 0.408702 0.401929 0.016139 0.030380
2 0.395411 0.403616 0.021835 0.040506
2 0.363263 0.426498 0.054114 0.092827
2 0.472638 0.480942 0.151345 0.302981
2 0.454877 0.383460 0.020886 0.027004
2 0.382489 0.410566 0.020886 0.057384
8 0.420939 0.277233 0.006646 0.016878
6 0.831081 0.418919 0.020270 0.070270