8 0.367842 0.171843 0.010111 0.035052
8 0.301570 0.242977 0.008119 0.020619
8 0.485397 0.234729 0.004639 0.024742
8 0.256917 0.265657 0.009278 0.016495
9 0.523067 0.194845 0.018557 0.012371
6 0.492912 0.269072 0.009278 0.037113
6 0.701119 0.308956 0.032474 0.140206
2 0.367075 0.279588 0.010438 0.020619
2 0.358956 0.282680 0.012758 0.022680
2 0.351418 0.284742 0.011598 0.026804
2 0.336920 0.283711 0.026675 0.024742
2 0.259794 0.328041 0.032474 0.063918
2 0.226160 0.322887 0.053351 0.082474
2 0.198905 0.328041 0.054510 0.096907
2 0.425644 0.285773 0.018557 0.028866
2 0.394330 0.290928 0.041753 0.039175
2 0.433183 0.268247 0.010438 0.014433
2 0.443621 0.266186 0.010438 0.014433
2 0.448840 0.271340 0.011598 0.020619
2 0.453479 0.275464 0.016237 0.020619
2 0.376933 0.317732 0.039433 0.055670
2 0.489813 0.316945 0.021637 0.054095
2 0.504727 0.318966 0.025595 0.068252
2 0.510557 0.325348 0.019052 0.079150
2 0.545006 0.323641 0.074033 0.115324
2 0.466818 0.287361 0.026676 0.038640
2 0.436243 0.318231 0.041755 0.062442
2 0.325412 0.339617 0.082207 0.105214
2 0.587909 0.347111 0.104938 0.128448
2 0.100624 0.409987 0.201247 0.412371
2 0.930412 0.556456 0.139175 0.339339
12 0.144777 0.307322 0.086434 0.122929