2 0.872948 0.632336 0.252753 0.407914
2 0.366385 0.755815 0.465203 0.437756
2 0.211318 0.591892 0.126689 0.081081
2 0.540338 0.553424 0.084679 0.080126
12 0.442002 0.508505 0.109263 0.067986
2 0.720717 0.584141 0.166434 0.204690
9 0.306789 0.264485 0.040974 0.065558
9 0.310886 0.447804 0.027316 0.058273
9 0.861980 0.287898 0.017755 0.029137
9 0.762278 0.392305 0.015024 0.014568
9 0.746571 0.399589 0.008195 0.019424
8 0.793008 0.312179 0.008195 0.048561
8 0.281522 0.438438 0.017755 0.038849
8 0.438587 0.366810 0.006829 0.036421
8 0.446099 0.370453 0.008195 0.033993
8 0.802568 0.314607 0.008195 0.048561
9 0.288351 0.487867 0.023218 0.012140
8 0.297911 0.500007 0.012292 0.016996
8 0.988315 0.412597 0.019121 0.031565
9 0.995144 0.372534 0.008195 0.019424
9 0.996510 0.334899 0.005463 0.055845
9 0.537606 0.475726 0.008195 0.026709
8 0.763644 0.451446 0.006829 0.021853
8 0.748620 0.453874 0.009560 0.021853