2 0.466986 0.457618 0.022721 0.034016
2 0.447852 0.461870 0.025113 0.034016
2 0.438285 0.471437 0.022721 0.048898
2 0.404801 0.473563 0.065773 0.087165
8 0.406595 0.405532 0.011959 0.019134
8 0.459213 0.386398 0.011959 0.019134
2 0.508841 0.469311 0.020330 0.044646
2 0.531563 0.483130 0.046639 0.093543
2 0.605739 0.488288 0.130414 0.201802
2 0.756467 0.524324 0.278474 0.299099
2 0.295977 0.485447 0.171009 0.218295
2 0.165628 0.504921 0.092082 0.099921
2 0.119024 0.506306 0.080194 0.100901
2 0.044088 0.514414 0.088176 0.138739
2 0.493766 0.463409 0.014636 0.022959
2 0.545270 0.490991 0.032432 0.095495