2 0.044088 0.415491 0.088176 0.304153
2 0.110716 0.406667 0.092757 0.123603
2 0.191889 0.405525 0.084466 0.100661
2 0.250038 0.402921 0.043866 0.064121
2 0.276358 0.407253 0.030219 0.041592
2 0.353550 0.401578 0.026684 0.054503
2 0.376276 0.397722 0.015597 0.032927
2 0.427941 0.399455 0.021446 0.029461
2 0.519573 0.415052 0.025345 0.067587
2 0.538094 0.421117 0.040942 0.076252
2 0.572212 0.428467 0.074085 0.094417
2 0.632939 0.433453 0.102365 0.152914
2 0.782432 0.443243 0.289865 0.288288
2 0.308577 0.404487 0.059873 0.084720
2 0.401351 0.398198 0.036486 0.057658
2 0.469857 0.417651 0.077985 0.121309
9 0.684803 0.179365 0.028269 0.064121
9 0.694551 0.274679 0.016572 0.043325
9 0.661895 0.048524 0.035093 0.090116
8 0.349956 0.279878 0.005849 0.022529
8 0.448899 0.303274 0.006824 0.017330
8 0.390411 0.343999 0.004874 0.015597
8 0.357267 0.280745 0.008773 0.027728
9 0.170104 0.303274 0.008773 0.020796
9 0.483992 0.345732 0.006824 0.015597
9 0.540531 0.328402 0.016572 0.015597
9 0.514211 0.344865 0.010723 0.010398
2 0.918830 0.521622 0.160990 0.315315