2 0.388657 0.285945 0.016742 0.014882
2 0.374306 0.284882 0.011959 0.014882
2 0.364141 0.285945 0.013155 0.017008
2 0.353976 0.285945 0.014350 0.021260
2 0.340224 0.283819 0.017938 0.025512
2 0.408986 0.288071 0.009567 0.021260
2 0.400017 0.283819 0.008371 0.017008
2 0.430512 0.290197 0.038268 0.059528
2 0.332451 0.289134 0.019134 0.023386
12 0.038866 0.276378 0.077731 0.116929
12 0.174597 0.292323 0.200906 0.208347
7 0.044845 0.340158 0.077731 0.231732
0 0.045443 0.389055 0.076535 0.142441
6 0.297173 0.313583 0.022721 0.097795
6 0.261895 0.315709 0.021526 0.102047
9 0.484326 0.216850 0.011959 0.019134
9 0.592552 0.212598 0.011959 0.036142
8 0.633809 0.080787 0.017938 0.078661
8 0.638593 0.199843 0.022721 0.040394
8 0.941745 0.053150 0.028701 0.104173
9 0.971806 0.185811 0.015546 0.034016