9 0.061990 0.416438 0.043048 0.029082
9 0.071030 0.460826 0.037022 0.053571
9 0.937596 0.172306 0.098151 0.058163
9 0.942762 0.253428 0.030995 0.107143
9 0.706856 0.418734 0.018941 0.030612
9 0.707287 0.453938 0.023246 0.039796
6 0.444691 0.614653 0.011193 0.048980
6 0.452440 0.610826 0.009471 0.050510
2 0.188122 0.675877 0.147226 0.146939
2 0.592347 0.631489 0.261735 0.217347
2 0.299187 0.645456 0.085236 0.094516
2 0.364190 0.627663 0.068878 0.087245
2 0.410683 0.621540 0.039605 0.059694
2 0.464612 0.612245 0.028412 0.048980
2 0.481831 0.600000 0.014636 0.018367