2 0.426025 0.466532 0.008511 0.020174
2 0.418933 0.465691 0.005674 0.018493
2 0.413732 0.468213 0.008511 0.016812
2 0.405693 0.470735 0.011348 0.021856
2 0.398128 0.470735 0.011348 0.025218
2 0.390113 0.471465 0.012341 0.030042
2 0.378494 0.473267 0.019364 0.033646
2 0.363138 0.476871 0.030262 0.040853
2 0.555582 0.470735 0.023642 0.035305
2 0.555110 0.476619 0.013239 0.026899
2 0.568349 0.479141 0.013239 0.038667
2 0.577924 0.480442 0.016786 0.044633
2 0.588653 0.483093 0.019915 0.053297
2 0.603165 0.488071 0.030609 0.066616
2 0.623676 0.495571 0.033110 0.074891
2 0.660079 0.499315 0.075654 0.099190
2 0.723615 0.518218 0.114463 0.142643
2 0.308920 0.492870 0.079436 0.126090
2 0.065852 0.511578 0.131703 0.189880
2 0.159601 0.541791 0.254386 0.300934
2 0.479238 0.471181 0.027424 0.015131