9 0.853932 0.503434 0.027295 0.053723
9 0.466446 0.548492 0.014622 0.012131
9 0.442075 0.548492 0.014622 0.015597
2 0.572700 0.582285 0.022421 0.034660
2 0.549792 0.590950 0.019496 0.045058
2 0.789302 0.607249 0.075450 0.129646
2 0.458160 0.580552 0.029244 0.031194
2 0.430378 0.587484 0.038018 0.038126
2 0.414781 0.578819 0.018521 0.024262
2 0.407957 0.597016 0.014622 0.036393
2 0.374326 0.588351 0.058488 0.057189
2 0.342158 0.603081 0.017547 0.048524
2 0.305602 0.606547 0.069211 0.055456
2 0.047278 0.603948 0.086758 0.074519
2 0.101867 0.641207 0.203735 0.138639
2 0.699912 0.632542 0.155969 0.211425
2 0.594145 0.590950 0.036068 0.045058
2 0.507875 0.619545 0.095531 0.154236
2 0.145246 0.579686 0.107229 0.053723
6 0.912669 0.604505 0.011149 0.041441