2 0.187343 0.626735 0.012003 0.014226
2 0.171740 0.628869 0.014403 0.018493
2 0.156536 0.630292 0.014403 0.018493
2 0.142933 0.628158 0.012803 0.014226
2 0.132531 0.628869 0.012803 0.015648
2 0.118927 0.635271 0.011203 0.017071
2 0.088520 0.632425 0.030407 0.034141
2 0.291429 0.621001 0.061737 0.062503
6 0.777726 0.595669 0.028807 0.145100
6 0.763776 0.599605 0.028006 0.169284
9 0.536554 0.421533 0.023758 0.037543
9 0.524235 0.380079 0.018478 0.032851
9 0.806691 0.342535 0.081833 0.148610
2 0.203503 0.620200 0.026398 0.043801
2 0.014189 0.654955 0.028378 0.142342
2 0.023818 0.627027 0.047635 0.111712
2 0.060811 0.631532 0.036486 0.063063
2 0.234628 0.618018 0.041554 0.050450