2 0.486508 0.491354 0.015610 0.016324
2 0.492017 0.506862 0.013773 0.017956
2 0.574658 0.481560 0.037647 0.029383
2 0.576954 0.507678 0.045911 0.048972
2 0.546652 0.503597 0.018365 0.040810
2 0.446106 0.508495 0.011937 0.027751
2 0.437842 0.502781 0.010101 0.026119
2 0.424987 0.508495 0.024792 0.050605
2 0.306994 0.509311 0.022037 0.045707
2 0.295057 0.514208 0.011019 0.019589
2 0.262919 0.515024 0.020201 0.031016
2 0.279448 0.519105 0.027547 0.032648
2 0.244096 0.523186 0.011937 0.017956
2 0.184870 0.532164 0.022037 0.026119
2 0.335919 0.517473 0.048666 0.081620
2 0.098403 0.590387 0.196807 0.395042
2 0.217008 0.526179 0.038566 0.039178
2 0.388717 0.535973 0.073458 0.101209
8 0.353824 0.419256 0.007346 0.021221
8 0.503954 0.423882 0.006428 0.026119
8 0.347396 0.419528 0.005509 0.016324
2 0.677194 0.506046 0.090905 0.097944
2 0.611540 0.477479 0.018365 0.037545
2 0.835734 0.499231 0.112316 0.100638
2 0.926509 0.503342 0.101037 0.128450
2 0.464698 0.515530 0.040657 0.055959
2 0.964358 0.501802 0.069932 0.218018