6 0.874550 0.545726 0.050755 0.209961
2 0.894426 0.534234 0.195608 0.124324
9 0.029282 0.308869 0.023425 0.090231
9 0.226446 0.350514 0.011713 0.027763
2 0.417266 0.412114 0.006832 0.015617
2 0.393840 0.413849 0.008785 0.015617
2 0.393352 0.423393 0.005856 0.020823
2 0.389936 0.433804 0.010737 0.027763
2 0.417266 0.425128 0.008785 0.017352
2 0.407017 0.419923 0.013665 0.027763
2 0.428490 0.437275 0.021473 0.045116
2 0.449964 0.451157 0.042947 0.062468
2 0.460700 0.478920 0.046851 0.079820
2 0.493886 0.498007 0.074181 0.100643
2 0.378711 0.434672 0.017569 0.036440
2 0.364070 0.438142 0.033186 0.050321
2 0.307371 0.480166 0.068443 0.092723
6 0.326349 0.485047 0.020533 0.102872
2 0.327904 0.470114 0.039821 0.073006
2 0.345948 0.462371 0.026133 0.061944
2 0.357770 0.456840 0.019911 0.050883