1 0.419453 0.477870 0.076473 0.095166
2 0.459219 0.477190 0.029824 0.077492
2 0.496986 0.490123 0.076298 0.133267
2 0.520389 0.514767 0.061925 0.120016
2 0.593587 0.530221 0.142556 0.208026
7 0.387335 0.481949 0.013765 0.048943
3 0.388864 0.510498 0.013000 0.035347
3 0.370128 0.498263 0.013765 0.051662
2 0.343745 0.485347 0.036707 0.074773
2 0.343363 0.493505 0.034413 0.058459
2 0.315068 0.493505 0.035942 0.077492
2 0.092914 0.551280 0.185829 0.348029
2 0.794942 0.604554 0.388495 0.351253
2 0.250205 0.489136 0.114709 0.159063