12 0.050169 0.498181 0.100338 0.167601
2 0.096205 0.693030 0.192410 0.286961
1 0.450234 0.440076 0.092914 0.110121
8 0.686043 0.368089 0.012618 0.030589
8 0.639586 0.394600 0.009177 0.014275
8 0.567319 0.396639 0.011471 0.018353
8 0.522009 0.384403 0.012618 0.018353
9 0.799714 0.308270 0.076855 0.046903
9 0.650019 0.399018 0.009177 0.016314
2 0.618283 0.434366 0.013765 0.024471
2 0.568958 0.435385 0.013765 0.022432
2 0.636718 0.435385 0.019501 0.026511
2 0.666843 0.442183 0.013765 0.022432
2 0.688638 0.449320 0.025236 0.036707
2 0.698961 0.455438 0.027530 0.036707
2 0.598017 0.450340 0.018353 0.030589
2 0.632430 0.454418 0.022942 0.034668
2 0.546972 0.470733 0.056208 0.087689
2 0.466675 0.472772 0.067678 0.095846
9 0.750854 0.406981 0.016059 0.016314
9 0.746265 0.425334 0.011471 0.020393
8 0.721029 0.424023 0.011471 0.022432