8 0.693112 0.524747 0.007043 0.011383
8 0.609068 0.538975 0.005763 0.022766
8 0.550163 0.521901 0.007043 0.013659
8 0.545040 0.531007 0.005763 0.011383
8 0.600698 0.589629 0.008324 0.013659
8 0.424347 0.568002 0.006403 0.019351
2 0.406799 0.630038 0.016647 0.028457
2 0.427288 0.651665 0.032014 0.071712
2 0.606567 0.677845 0.047381 0.151391
2 0.633779 0.667032 0.045460 0.122934
2 0.681160 0.680691 0.106927 0.136594
2 0.890639 0.727361 0.079395 0.104722
2 0.937700 0.878752 0.123574 0.241315
2 0.325320 0.691588 0.150035 0.224031
2 0.515434 0.729326 0.204890 0.330724
9 0.701756 0.550927 0.026892 0.043255
9 0.260922 0.462142 0.023690 0.147976
9 0.680413 0.513364 0.016647 0.075126