9 0.749656 0.408373 0.033862 0.044829
9 0.749656 0.439113 0.030980 0.019213
9 0.769829 0.462808 0.033862 0.046110
9 0.765146 0.416058 0.018732 0.034583
9 0.710030 0.464089 0.015130 0.015370
9 0.733446 0.466651 0.036023 0.053795
9 0.788201 0.476898 0.012968 0.020493
9 0.325420 0.563354 0.011528 0.021774
9 0.070734 0.351376 0.032421 0.023055
9 0.076497 0.394284 0.018012 0.026898
8 0.396386 0.457258 0.010807 0.023055
8 0.698143 0.576803 0.010087 0.017932
8 0.525230 0.571679 0.005764 0.012808
8 0.706068 0.483942 0.012968 0.021774
8 0.071543 0.447011 0.016571 0.048672
8 0.747135 0.469213 0.014409 0.040987
8 0.774873 0.544141 0.029539 0.106309
2 0.459480 0.621845 0.020894 0.015370
2 0.443629 0.617363 0.018012 0.019213
2 0.449753 0.630811 0.031701 0.015370
2 0.430661 0.622486 0.010807 0.011528
2 0.409407 0.615441 0.036023 0.030740
2 0.421295 0.640418 0.043949 0.039706
2 0.389779 0.682615 0.051523 0.126662
2 0.525763 0.624407 0.018012 0.020493
2 0.539812 0.614160 0.023055 0.035863
2 0.552420 0.626328 0.026657 0.024336
2 0.589164 0.636575 0.055476 0.096063
2 0.477131 0.601992 0.018732 0.067884
2 0.509552 0.754732 0.315566 0.483515
2 0.661932 0.666675 0.103027 0.144734
2 0.711842 0.720038 0.158828 0.196832
2 0.285324 0.694341 0.208612 0.262571
2 0.137185 0.809957 0.272928 0.373066
8 0.088160 0.573614 0.017606 0.025857
9 0.289103 0.545716 0.022965 0.016331
1 0.892827 0.592666 0.212809 0.812450