8 0.273691 0.201562 0.009492 0.016875
8 0.471445 0.226875 0.004219 0.015000
8 0.390762 0.245625 0.005273 0.022500
8 0.164149 0.195375 0.013711 0.015000
9 0.213192 0.220687 0.059062 0.073125
9 0.415164 0.179437 0.047461 0.065625
9 0.465789 0.182250 0.045352 0.071250
6 0.653400 0.307207 0.027422 0.131250
6 0.623341 0.309082 0.020039 0.131250
6 0.979277 0.385312 0.039023 0.414375
2 0.527871 0.295848 0.024258 0.039375
2 0.554238 0.293036 0.034805 0.060000
2 0.655488 0.300536 0.055898 0.101250
1 0.619101 0.268661 0.099141 0.127500
2 0.486211 0.292187 0.021094 0.024375
2 0.396562 0.292187 0.023203 0.028125
2 0.831485 0.236030 0.323517 0.450439
9 0.289512 0.263437 0.007383 0.024375
9 0.335391 0.270000 0.004219 0.018750