2 0.148665 0.575071 0.179022 0.208416
8 0.198850 0.432655 0.015761 0.035660
2 0.338546 0.276914 0.020059 0.035660
2 0.779128 0.395357 0.012895 0.033113
0 0.943181 0.632608 0.111757 0.221604
0 0.969104 0.557467 0.060441 0.101887
2 0.562061 0.510526 0.042984 0.061132
8 0.877990 0.089515 0.035820 0.091698
2 0.468213 0.495243 0.012895 0.025472
2 0.458900 0.492696 0.020059 0.030566
2 0.443856 0.501611 0.027223 0.033113
2 0.504033 0.535452 0.081669 0.119717
2 0.418066 0.504886 0.027223 0.038208
9 0.198850 0.365883 0.018626 0.028019