2 0.017362 0.354661 0.034724 0.180971
2 0.088094 0.316179 0.174078 0.212173
2 0.185663 0.339060 0.112327 0.153929
2 0.305010 0.365062 0.145089 0.118567
2 0.369932 0.361261 0.107432 0.088288
2 0.418507 0.352581 0.079565 0.093606
2 0.451269 0.349461 0.042123 0.083205
2 0.306181 0.312019 0.093606 0.058243
1 0.475841 0.328660 0.109987 0.116487
12 0.546045 0.350501 0.030422 0.064484
2 0.579977 0.361942 0.028082 0.049923
2 0.605133 0.369222 0.029252 0.039522
2 0.644916 0.374422 0.010531 0.016641
2 0.660127 0.376503 0.012871 0.024961
2 0.668902 0.370262 0.018721 0.024961
2 0.708685 0.376503 0.023401 0.029122
2 0.777426 0.379623 0.012285 0.018721
9 0.931991 0.317000 0.021415 0.035801
9 0.931583 0.290177 0.022231 0.018721