9 0.272946 0.334467 0.019496 0.024262
2 0.142322 0.576220 0.284644 0.511233
2 0.215920 0.532028 0.135498 0.228755
2 0.281719 0.519071 0.138423 0.174952
2 0.357754 0.506900 0.077985 0.119576
2 0.403083 0.494769 0.055564 0.071053
2 0.442095 0.485949 0.040007 0.049946
2 0.465958 0.477439 0.031194 0.046791
2 0.484967 0.473973 0.010723 0.036393
2 0.492278 0.469641 0.011698 0.031194
2 0.501051 0.463575 0.007798 0.019063
2 0.955312 0.689731 0.087733 0.197561
2 0.751861 0.523356 0.213077 0.201013
2 0.641342 0.495944 0.077143 0.096430
2 0.610717 0.460976 0.071161 0.110911
2 0.565727 0.480466 0.022719 0.052845
2 0.559540 0.469641 0.019496 0.038126
2 0.545693 0.472593 0.011299 0.033633
2 0.536144 0.465308 0.007798 0.022529
1 0.519085 0.454044 0.010723 0.027728
2 0.572140 0.486048 0.011344 0.055126