9 0.370914 0.317137 0.024370 0.017330
9 0.519085 0.350931 0.028269 0.019063
9 0.546380 0.368261 0.012673 0.025995
9 0.571725 0.357863 0.014622 0.015597
9 0.550279 0.388190 0.012673 0.020796
9 0.541993 0.311939 0.015597 0.020796
9 0.571725 0.311939 0.010723 0.020796
9 0.252963 0.315404 0.020471 0.020796
9 0.244677 0.334901 0.017547 0.013864
9 0.314376 0.337500 0.012673 0.012131
9 0.321687 0.348765 0.013647 0.013864
9 0.324611 0.369560 0.011698 0.010398
8 0.402352 0.307606 0.008773 0.020796
8 0.459866 0.351797 0.010723 0.015597
8 0.494959 0.359596 0.006824 0.013864
8 0.580254 0.378659 0.009748 0.020796
8 0.532489 0.303274 0.009748 0.019063
8 0.312182 0.375193 0.009748 0.017330
12 0.472051 0.395989 0.027295 0.065854
2 0.507144 0.414185 0.052640 0.084917
2 0.438420 0.406387 0.047766 0.090116
2 0.409663 0.419384 0.021446 0.043325
2 0.391629 0.419384 0.028269 0.060655
2 0.353494 0.425516 0.059228 0.072653
2 0.589028 0.421117 0.054589 0.043325
2 0.647516 0.421117 0.037043 0.050257
2 0.790709 0.447325 0.232771 0.262107
2 0.301947 0.417651 0.052640 0.050257
9 0.108864 0.320603 0.019496 0.024262