9 0.024858 0.240019 0.045816 0.025995
9 0.220307 0.447978 0.015597 0.036393
9 0.410882 0.433248 0.016572 0.010398
9 0.564901 0.393389 0.049715 0.024262
9 0.717459 0.415918 0.019496 0.048524
9 0.701374 0.287677 0.028269 0.041592
9 0.775947 0.383858 0.029244 0.022529
9 0.640449 0.434114 0.009748 0.029461
8 0.091632 0.207959 0.015597 0.062388
8 0.572700 0.271213 0.012673 0.050257
8 0.113078 0.206226 0.019496 0.069320
8 0.355317 0.447112 0.004874 0.017330
8 0.379200 0.450578 0.005849 0.013864
8 0.550766 0.421983 0.005849 0.022529
9 0.383587 0.434981 0.008773 0.010398
7 0.132574 0.547625 0.035093 0.124775
0 0.134036 0.583152 0.034118 0.077985
6 0.022421 0.551958 0.021446 0.095315
6 0.044354 0.499968 0.014622 0.019063
6 0.065312 0.545026 0.017547 0.088383
6 0.045329 0.551958 0.016572 0.081451
6 0.425016 0.526829 0.025345 0.103980
6 0.414781 0.516432 0.014622 0.107445
2 0.318275 0.514284 0.053614 0.073614
2 0.340684 0.511988 0.032146 0.053501
2 0.358729 0.504301 0.027295 0.058922
2 0.382245 0.504747 0.030104 0.046363
2 0.442075 0.500835 0.018521 0.031194
12 0.561486 0.490991 0.032432 0.063063
2 0.594021 0.502147 0.024121 0.040751
2 0.488379 0.486971 0.013647 0.020796
2 0.477168 0.486971 0.008773 0.017330
2 0.467420 0.485238 0.008773 0.020796
12 0.511774 0.475706 0.011698 0.022529
2 0.029791 0.822939 0.059582 0.318076
8 0.771838 0.412597 0.006829 0.021853
12 0.393750 0.485586 0.045608 0.077477