8 0.353804 0.703647 0.003021 0.014324
8 0.378983 0.698276 0.005036 0.014324
9 0.462071 0.676791 0.014100 0.028647
9 0.607601 0.611439 0.031221 0.066247
2 0.388550 0.727818 0.056399 0.051923
2 0.335172 0.730504 0.018128 0.021485
2 0.309491 0.730504 0.019135 0.021485
2 0.277766 0.735875 0.028200 0.032228
2 0.256616 0.742142 0.014100 0.041180
2 0.235970 0.749304 0.027192 0.055504
2 0.179571 0.762732 0.075535 0.085942
2 0.129215 0.768104 0.029207 0.046552
2 0.047829 0.804808 0.095295 0.170093
2 0.425311 0.726923 0.019135 0.057294
2 0.440417 0.727818 0.023164 0.048342
2 0.457035 0.727818 0.040285 0.073409
2 0.484228 0.731399 0.048342 0.091313
2 0.538109 0.743037 0.101720 0.132493
2 0.634793 0.721552 0.099706 0.096684
2 0.846794 0.786840 0.306167 0.424131