8 0.115538 0.214922 0.048779 0.044531
8 0.271104 0.233672 0.048779 0.044531
8 0.426670 0.316875 0.017139 0.079687
8 0.225621 0.416484 0.010547 0.035156
8 0.182115 0.394218 0.015820 0.023437
8 0.136631 0.394218 0.019775 0.028125
2 0.135972 0.482109 0.065918 0.082031
2 0.213096 0.471562 0.022412 0.032812
2 0.265831 0.469218 0.017139 0.046875
2 0.327793 0.463359 0.130517 0.142969
6 0.523570 0.443437 0.031641 0.056250
6 0.540049 0.434062 0.014502 0.065625
6 0.565098 0.441093 0.032959 0.065625
6 0.619151 0.448125 0.032959 0.056250
2 0.234849 0.478593 0.036914 0.046875
2 0.376573 0.613359 0.264990 0.372656
6 0.968516 0.627421 0.032959 0.274219
9 0.597557 0.161515 0.161818 0.058922
9 0.518110 0.247298 0.117952 0.036393
9 0.454260 0.308819 0.085783 0.027728