8 0.402073 0.568878 0.005166 0.018367
8 0.443686 0.568368 0.003444 0.015306
6 0.261591 0.631378 0.006027 0.032143
6 0.245233 0.637500 0.007749 0.038265
6 0.230596 0.644388 0.009471 0.061225
6 0.221556 0.639031 0.010332 0.044388
6 0.209072 0.644388 0.012915 0.048980
6 0.130293 0.651276 0.013776 0.068878
6 0.111352 0.647449 0.018941 0.085714
7 0.104464 0.668878 0.020663 0.048980
0 0.099299 0.713266 0.024107 0.052041
2 0.372082 0.620408 0.009471 0.027551
2 0.435364 0.609694 0.015497 0.018367
2 0.474825 0.606633 0.014636 0.024490
2 0.489461 0.608929 0.014636 0.029082
2 0.356298 0.624745 0.021524 0.032143
2 0.453588 0.616327 0.021524 0.036735
0 0.544994 0.620408 0.018941 0.052041
6 0.908323 0.629592 0.041327 0.205102
6 0.966869 0.628317 0.056824 0.240306
6 0.948358 0.603061 0.030134 0.177551
12 0.044770 0.520042 0.087819 0.681123