9 0.346890 0.078862 0.020183 0.047093
9 0.540308 0.222757 0.017660 0.040365
9 0.600856 0.127824 0.015137 0.035880
9 0.622931 0.186877 0.031535 0.022425
9 0.609686 0.203696 0.035320 0.024668
9 0.306315 0.294144 0.011353 0.020183
8 0.324815 0.124086 0.023967 0.058306
8 0.463572 0.105399 0.021444 0.049336
2 0.459998 0.355814 0.022706 0.044850
2 0.389779 0.425706 0.163985 0.230980
9 0.110538 0.250147 0.037224 0.023824
2 0.265532 0.347145 0.050228 0.060199
2 0.290929 0.345641 0.023139 0.049162
2 0.305038 0.345139 0.018624 0.044146
2 0.312375 0.342129 0.022010 0.048159
2 0.316043 0.335106 0.028218 0.048159
2 0.331845 0.331594 0.013545 0.027089
8 0.972466 0.026126 0.019257 0.052252