6 0.076843 0.451490 0.153685 0.599007
2 0.471517 0.505132 0.396283 0.541788
2 0.975805 0.632432 0.047038 0.270270
2 0.904008 0.439868 0.189089 0.257483
2 0.211519 0.478311 0.186072 0.205629
2 0.677704 0.439868 0.130753 0.282517
1 0.260803 0.364768 0.091527 0.035762
2 0.828574 0.407682 0.144834 0.139470
2 0.744087 0.407682 0.066382 0.118013
2 0.130049 0.438973 0.075435 0.066159
8 0.267340 0.239603 0.018104 0.053642
9 0.266837 0.320960 0.025145 0.062583
9 0.221577 0.253013 0.029168 0.023245
9 0.221074 0.274470 0.030174 0.019669
6 0.011305 0.711730 0.021050 0.289682