2 0.461293 0.449523 0.014311 0.011131
2 0.444299 0.450318 0.012522 0.015901
2 0.435802 0.451908 0.015205 0.019081
2 0.415230 0.452703 0.029516 0.033392
2 0.361564 0.455883 0.072449 0.062014
2 0.311149 0.471171 0.083108 0.077477
2 0.318300 0.469461 0.078942 0.070088
2 0.288668 0.477047 0.103754 0.092832
2 0.214908 0.472072 0.176266 0.118919
2 0.188491 0.491661 0.173520 0.111307
2 0.499128 0.453498 0.011628 0.015901
2 0.512992 0.447933 0.023255 0.027032
2 0.512992 0.456678 0.012522 0.028622
2 0.533598 0.449435 0.057239 0.050879
2 0.559883 0.459459 0.064018 0.068468
2 0.561263 0.470634 0.040068 0.049183
2 0.615209 0.456757 0.147960 0.102703
2 0.657003 0.470190 0.181940 0.104344
2 0.097148 0.500597 0.191752 0.188254
2 0.842116 0.511590 0.314939 0.261120
2 0.478266 0.452827 0.017172 0.027136
2 0.003547 0.569369 0.007095 0.082883
6 0.911149 0.531532 0.042568 0.209009