9 0.158203 0.330469 0.013184 0.028125
9 0.158862 0.358594 0.009229 0.028125
9 0.359912 0.351562 0.013184 0.028125
9 0.672363 0.203906 0.055371 0.112500
9 0.577441 0.333984 0.015820 0.063281
9 0.593261 0.391406 0.010547 0.028125
9 0.551074 0.364453 0.015820 0.030469
9 0.524707 0.398437 0.010547 0.014062
9 0.525366 0.416015 0.009229 0.021094
9 0.492407 0.358594 0.014502 0.018750
9 0.493066 0.376172 0.015820 0.016406
9 0.494092 0.388623 0.013155 0.017872
9 0.434399 0.377343 0.011865 0.023437
9 0.426526 0.381614 0.009567 0.019134
9 0.095581 0.263672 0.006592 0.063281
9 0.415942 0.360937 0.017139 0.023437
6 0.018457 0.412500 0.031641 0.145312
6 0.067236 0.417187 0.034277 0.126562
6 0.224187 0.424218 0.015952 0.056250
6 0.252391 0.421261 0.024272 0.080001
6 0.284765 0.420703 0.010547 0.072656
2 0.463624 0.449985 0.017495 0.027089
2 0.503790 0.421390 0.016174 0.012040
2 0.401440 0.437109 0.030322 0.039844
2 0.315088 0.485156 0.060644 0.079687
2 0.438368 0.459227 0.043534 0.065330
2 0.381006 0.489062 0.092285 0.112500
2 0.507568 0.456250 0.044824 0.070312
9 0.363145 0.386929 0.011959 0.021260
2 0.422340 0.418465 0.020330 0.023386
2 0.471807 0.438447 0.014673 0.026086
2 0.446693 0.408347 0.008465 0.014046