2 0.534654 0.402725 0.009597 0.019194
2 0.523857 0.408057 0.009597 0.021327
2 0.515796 0.410575 0.016333 0.024391
2 0.502403 0.411737 0.014373 0.033682
2 0.491703 0.416375 0.014868 0.033698
2 0.479863 0.418125 0.016333 0.039490
2 0.462877 0.418705 0.032013 0.056911
2 0.433804 0.419867 0.037893 0.073172
2 0.409305 0.426836 0.047692 0.082463
2 0.383315 0.442603 0.050019 0.090419
2 0.311906 0.450427 0.132733 0.144457
9 0.214949 0.243839 0.041988 0.025592
9 0.168762 0.206516 0.031191 0.023460
9 0.310320 0.308886 0.011996 0.019194
9 0.386197 0.317505 0.024591 0.036433
2 0.587761 0.404655 0.017440 0.031585
2 0.600728 0.407672 0.020253 0.039490
2 0.609444 0.412109 0.022419 0.042229
2 0.633522 0.413947 0.036983 0.050169
2 0.664753 0.428578 0.042466 0.090594
2 0.719473 0.442202 0.108116 0.123741
2 0.554015 0.403026 0.011760 0.020906