9 0.817587 0.360320 0.036360 0.032320
9 0.764444 0.218607 0.103488 0.032320
9 0.195263 0.315568 0.039157 0.022376
9 0.174985 0.272060 0.043353 0.019889
9 0.179180 0.252170 0.034962 0.019890
9 0.211345 0.243469 0.020977 0.027348
8 0.692423 0.153433 0.018180 0.079558
8 0.177782 0.378433 0.018180 0.042265
8 0.826677 0.414483 0.015383 0.034807
8 0.588236 0.445560 0.008391 0.032320
8 0.523207 0.434373 0.006992 0.024862
8 0.159602 0.377190 0.015383 0.039779
8 0.844857 0.418212 0.020977 0.042265
8 0.709904 0.157163 0.022376 0.082044
6 0.258194 0.497060 0.011188 0.077072
6 0.835767 0.533110 0.013985 0.074586
6 0.892405 0.536839 0.006992 0.067127
6 0.902894 0.543054 0.022376 0.104420
6 0.076114 0.512025 0.016226 0.104968
6 0.105760 0.510734 0.022376 0.134254
6 0.144918 0.520679 0.050345 0.159116
6 0.063106 0.516949 0.023774 0.096961
6 0.853248 0.540568 0.026571 0.089503
6 0.877022 0.541811 0.026571 0.101934
6 0.925738 0.543054 0.026753 0.134254
2 0.505763 0.521045 0.013519 0.027034
2 0.410397 0.520825 0.034112 0.059375
2 0.393769 0.528164 0.036204 0.069560
2 0.536492 0.515706 0.016782 0.029834
2 0.546981 0.524408 0.018180 0.072099
1 0.575155 0.471236 0.044874 0.041301
2 0.640101 0.531915 0.050588 0.077168
2 0.578168 0.523899 0.057338 0.091989
2 0.453852 0.521610 0.076911 0.105265
2 0.325749 0.515845 0.105705 0.130271
6 0.129162 0.476573 0.012673 0.038126
8 0.678954 0.156836 0.008773 0.077985
6 0.082543 0.506112 0.016003 0.110806
2 0.492097 0.520711 0.018951 0.080109