8 0.239152 0.339462 0.027154 0.048274
8 0.372113 0.044469 0.023409 0.088938
8 0.982743 0.390233 0.029027 0.053268
8 0.397060 0.047798 0.024345 0.095596
8 0.355861 0.044826 0.018727 0.088224
9 0.782784 0.391184 0.034645 0.071578
9 0.699449 0.436961 0.015918 0.043280
9 0.656845 0.446948 0.013109 0.029963
9 0.424788 0.344963 0.021848 0.031850
9 0.494858 0.397509 0.014045 0.009988
9 0.500008 0.405832 0.016854 0.009988
9 0.646546 0.452608 0.012172 0.016979
2 0.023570 0.456936 0.047139 0.141492
2 0.627195 0.497164 0.030899 0.036621
2 0.657158 0.501048 0.034645 0.063255
2 0.702882 0.484402 0.059926 0.026634
2 0.545108 0.497719 0.015918 0.046609
2 0.523104 0.492725 0.037454 0.066584
2 0.483778 0.492725 0.059926 0.099877
2 0.463802 0.506042 0.071162 0.106535
2 0.577412 0.513255 0.058053 0.089889
2 0.821486 0.543218 0.355811 0.233046