9 0.631188 0.563222 0.008773 0.024262
9 0.332409 0.530295 0.007798 0.013864
9 0.354830 0.546759 0.007798 0.012131
2 0.698937 0.622191 0.037043 0.024168
2 0.675054 0.616079 0.028269 0.029461
2 0.984403 0.627921 0.031194 0.017330
2 0.627289 0.613479 0.030219 0.020796
2 0.584885 0.604814 0.046791 0.020796
2 0.554666 0.603948 0.029244 0.022529
2 0.541993 0.598749 0.025345 0.022529
2 0.516161 0.596149 0.016572 0.017330
1 0.474244 0.590084 0.065312 0.019063
2 0.436714 0.585751 0.019496 0.013864
2 0.420142 0.585751 0.019496 0.013864
2 0.737442 0.612613 0.026320 0.015597
2 0.370427 0.585751 0.015597 0.013864
2 0.354343 0.585751 0.012673 0.013864
2 0.343132 0.583152 0.011698 0.012131
2 0.330460 0.584018 0.013647 0.020796
2 0.316813 0.585751 0.011698 0.013864
2 0.303653 0.583152 0.012673 0.019063
2 0.287756 0.583727 0.014022 0.023679
2 0.282165 0.587615 0.014538 0.024523
2 0.275374 0.589533 0.018423 0.024133
2 0.258324 0.595283 0.025345 0.036393
2 0.172054 0.564089 0.022421 0.015597
2 0.168402 0.582063 0.024866 0.024706
2 0.302473 0.600976 0.023960 0.033915
2 0.339721 0.591817 0.016572 0.019063
2 0.215374 0.611581 0.091607 0.125897
2 0.128187 0.546759 0.028269 0.019063