2 0.325766 0.611015 0.014502 0.030469
2 0.309832 0.614745 0.016911 0.033240
2 0.302583 0.619452 0.018008 0.035738
2 0.287716 0.623919 0.023453 0.038716
2 0.263425 0.625780 0.020102 0.046906
2 0.233924 0.630325 0.052302 0.069088
2 0.186020 0.637968 0.040869 0.032812
2 0.116127 0.637321 0.048820 0.031270
2 0.027850 0.668309 0.055700 0.104799
7 0.156225 0.626250 0.022412 0.051562
3 0.156885 0.666093 0.023730 0.046875
2 0.421104 0.606795 0.008795 0.020847
2 0.445264 0.620163 0.042559 0.058140
2 0.376227 0.628014 0.098548 0.151140
2 0.760050 0.595390 0.084605 0.094186
2 0.820810 0.589921 0.168750 0.124219
2 0.939356 0.596953 0.121289 0.110156
9 0.024500 0.472077 0.049000 0.017954
8 0.073404 0.464648 0.012336 0.037500
8 0.394848 0.417773 0.009229 0.037500
8 0.401440 0.416601 0.009229 0.035156
8 0.378369 0.415136 0.010547 0.046289
9 0.448116 0.433691 0.051931 0.027548
8 0.515478 0.466992 0.010547 0.042187
8 0.526684 0.537304 0.017139 0.023437
8 0.522729 0.493945 0.011865 0.063281
2 0.427804 0.610518 0.008795 0.034249
2 0.265100 0.600839 0.016752 0.011913