6 0.046568 0.744735 0.053307 0.148411
6 0.785324 0.911026 0.040232 0.173444
6 0.751630 0.904768 0.035203 0.178808
2 0.125090 0.774552 0.139666 0.149571
2 0.245928 0.776907 0.072997 0.091218
2 0.372949 0.784073 0.050290 0.051854
2 0.308578 0.766192 0.044255 0.062583
7 0.464979 0.816258 0.035203 0.141258
0 0.465482 0.849338 0.030174 0.100132
6 0.622386 0.833245 0.020116 0.089404
6 0.578634 0.819834 0.015087 0.073311
2 0.409660 0.774238 0.027156 0.035762
2 0.492638 0.811788 0.042243 0.089404
8 0.442851 0.736689 0.005029 0.017881
8 0.406140 0.726854 0.006035 0.016093
2 0.432815 0.771181 0.017547 0.034660
2 0.343132 0.772914 0.025345 0.045058
6 0.870991 0.912420 0.028269 0.168100
6 0.707710 0.898556 0.023395 0.123042