8 0.203877 0.472638 0.008576 0.036037
8 0.618649 0.469173 0.011695 0.034651
8 0.541464 0.352053 0.011695 0.058214
8 0.214403 0.469866 0.010915 0.033265
8 0.194911 0.471945 0.007796 0.037423
8 0.530549 0.359676 0.008576 0.051283
8 0.555497 0.354825 0.014813 0.055441
8 0.820577 0.454620 0.039762 0.047125
9 0.167234 0.501052 0.050677 0.023563
9 0.791070 0.361089 0.031001 0.077919
9 0.670516 0.332107 0.018753 0.042761
9 0.870864 0.478183 0.007796 0.016632
6 0.175420 0.546791 0.007796 0.026335
6 0.088100 0.579363 0.006237 0.022177
6 0.574989 0.616786 0.013254 0.049897
6 0.683902 0.609100 0.024053 0.117829
2 0.435432 0.637577 0.008576 0.019405
2 0.425297 0.631340 0.010135 0.018018
2 0.423737 0.642428 0.013254 0.026335
2 0.404636 0.638270 0.031186 0.051283
2 0.387874 0.645200 0.011695 0.023563
2 0.378548 0.649248 0.013314 0.023343
2 0.368185 0.652391 0.011299 0.026857
2 0.352400 0.651437 0.026508 0.047125
2 0.312687 0.644259 0.060934 0.106426
2 0.179431 0.735391 0.307289 0.347640
2 0.480254 0.652811 0.095677 0.131132
1 0.543651 0.604039 0.057841 0.115309
6 0.588165 0.597936 0.009356 0.049897
6 0.563216 0.624964 0.015593 0.076232
2 0.796606 0.668490 0.236940 0.299324
2 0.912836 0.644900 0.174329 0.412924
8 0.640508 0.528574 0.006864 0.014421