2 0.057192 0.370591 0.114384 0.222355
2 0.138184 0.386143 0.083889 0.128536
2 0.194458 0.382812 0.075146 0.103125
2 0.231808 0.378414 0.020647 0.077478
2 0.282754 0.368691 0.020311 0.049412
2 0.296445 0.363842 0.018829 0.047316
2 0.324316 0.366406 0.036914 0.051562
9 0.352661 0.305469 0.069873 0.107812
9 0.352661 0.139062 0.098877 0.206250
9 0.353979 0.020312 0.077783 0.037500
9 0.545800 0.216406 0.015820 0.023437
9 0.614355 0.317187 0.010547 0.018750
8 0.680932 0.242187 0.014502 0.018750
8 0.751464 0.264062 0.013184 0.018750
8 0.771240 0.342578 0.013184 0.025781
9 0.743554 0.314844 0.015820 0.018750
9 0.627539 0.363672 0.010547 0.030469
2 0.635449 0.389843 0.026367 0.051562
12 0.658063 0.367578 0.042591 0.077344
2 0.701367 0.439062 0.110742 0.178125
2 0.762858 0.408818 0.025424 0.074552
2 0.794311 0.421484 0.072510 0.119531
12 0.901757 0.325390 0.189844 0.532031
8 0.221575 0.250390 0.013365 0.025781
9 0.181456 0.267187 0.014502 0.018750
6 0.432603 0.390234 0.031641 0.128906
2 0.250149 0.375818 0.027794 0.059865
2 0.268857 0.373917 0.022449 0.052263