9 0.654416 0.233497 0.025236 0.071375
9 0.125607 0.417032 0.029824 0.059139
8 0.362481 0.342598 0.019501 0.048943
9 0.586164 0.452719 0.012618 0.028550
2 0.481435 0.498195 0.019501 0.026511
2 0.408021 0.498195 0.021795 0.034668
2 0.384558 0.501280 0.036813 0.040733
2 0.450463 0.498195 0.028677 0.038746
2 0.501807 0.502273 0.018951 0.046903
2 0.575726 0.485959 0.045195 0.034668
2 0.724389 0.500234 0.097503 0.079532
2 0.522615 0.500234 0.032119 0.046903
2 0.178768 0.501367 0.040939 0.044899
2 0.132717 0.502943 0.058958 0.061702
2 0.052575 0.509479 0.076855 0.071375
8 0.533763 0.362116 0.017206 0.036707
8 0.481543 0.445588 0.012433 0.015302
8 0.566662 0.444738 0.010520 0.020403
8 0.513104 0.465141 0.006695 0.013602