8 0.371704 0.407704 0.004680 0.020801
8 0.309106 0.408745 0.005850 0.018721
8 0.338943 0.426426 0.004680 0.016641
8 0.357664 0.428506 0.004680 0.016641
2 0.350490 0.444496 0.016276 0.018957
2 0.270534 0.452478 0.024653 0.032926
2 0.245878 0.453382 0.026823 0.033112
2 0.205411 0.456469 0.028062 0.066849
2 0.113704 0.475309 0.054993 0.081125
2 0.046029 0.479780 0.092058 0.110868
2 0.370534 0.447227 0.021061 0.029122
2 0.388085 0.448267 0.028082 0.031202
2 0.415263 0.458347 0.044995 0.052645
2 0.456762 0.472155 0.048428 0.058311
2 0.529664 0.512751 0.128708 0.164330
2 0.732671 0.580355 0.328790 0.287057
2 0.881784 0.711248 0.234915 0.434623
2 0.167808 0.462954 0.066225 0.089797