2 0.593133 0.554014 0.147778 0.198789
8 0.395280 0.305621 0.007796 0.034651
8 0.607507 0.237055 0.012148 0.058298
8 0.324722 0.300077 0.010135 0.051283
8 0.327061 0.352746 0.010135 0.045739
8 0.386314 0.307007 0.007017 0.031879
8 0.410873 0.304928 0.007796 0.036037
8 0.590971 0.241170 0.012474 0.041581
8 0.618649 0.239091 0.011695 0.042967
8 0.758205 0.397792 0.008576 0.013860
8 0.022220 0.401951 0.014813 0.019405
8 0.748460 0.398485 0.007796 0.018018
8 0.864237 0.368686 0.024169 0.027721
6 0.866576 0.465015 0.016373 0.076232
9 0.862678 0.285524 0.031965 0.016632
1 0.203487 0.451155 0.258842 0.134446
1 0.049936 0.439542 0.099872 0.134446
2 0.497804 0.460857 0.100574 0.070688
2 0.678912 0.461624 0.083883 0.060837
2 0.810888 0.457059 0.062485 0.056107
2 0.912724 0.456916 0.085279 0.053621
2 0.380857 0.456699 0.039762 0.023563
2 0.581226 0.446997 0.017932 0.023563
2 0.419449 0.458085 0.029627 0.023563
2 0.438940 0.458085 0.007796 0.029107