2 0.485793 0.432836 0.006309 0.017334
2 0.496555 0.434773 0.010022 0.019168
2 0.509184 0.436197 0.016382 0.022848
2 0.585177 0.442668 0.039894 0.057402
2 0.608125 0.449803 0.047937 0.056814
2 0.059222 0.414404 0.037153 0.052198
12 0.126980 0.366580 0.095782 0.094826
12 0.466809 0.416012 0.016633 0.024471
12 0.540897 0.423605 0.050844 0.090857
2 0.474514 0.432836 0.014912 0.021412
2 0.458454 0.432836 0.017206 0.023452
2 0.442108 0.430287 0.015486 0.022432
2 0.646788 0.463935 0.060222 0.063218
2 0.806959 0.488777 0.128898 0.123958
6 0.677931 0.438954 0.009177 0.029569
6 0.710337 0.462406 0.016633 0.072394
8 0.416509 0.359830 0.004588 0.017334
8 0.510571 0.354732 0.004588 0.017334
9 0.540997 0.369873 0.018927 0.009177
6 0.904904 0.478633 0.022928 0.104327
2 0.254319 0.406274 0.015761 0.015283