2 0.399298 0.438311 0.009610 0.010934
2 0.387823 0.448601 0.007959 0.025083
2 0.379502 0.446993 0.016642 0.048880
2 0.369192 0.451174 0.018451 0.048237
2 0.357253 0.453103 0.023515 0.061100
2 0.328311 0.461465 0.040157 0.084253
2 0.292676 0.469826 0.073079 0.109980
2 0.167838 0.446224 0.211009 0.327332
2 0.053892 0.577358 0.107785 0.430564
6 0.469548 0.446262 0.008830 0.040365
6 0.476485 0.446262 0.010091 0.040365
6 0.484685 0.444020 0.008830 0.035880
6 0.491622 0.447383 0.012614 0.047093
6 0.560444 0.449476 0.019393 0.106013
6 0.585403 0.444186 0.028622 0.107974
6 0.622985 0.445167 0.022301 0.112908
9 0.442427 0.421594 0.012614 0.022425
9 0.472298 0.389431 0.014833 0.035374
9 0.181773 0.236377 0.047014 0.051160
9 0.092998 0.104888 0.029094 0.032712
9 0.192270 0.170207 0.028854 0.041969
9 0.093119 0.138731 0.031477 0.039637
9 0.093774 0.176036 0.035411 0.030311
9 0.092294 0.216399 0.035074 0.056840
9 0.192926 0.200518 0.027542 0.018653
12 0.415861 0.432201 0.011215 0.025726
2 0.344772 0.456641 0.025324 0.072033