8 0.691001 0.030703 0.026367 0.061406
8 0.671885 0.031875 0.022412 0.063750
8 0.723960 0.029531 0.029004 0.059062
8 0.445127 0.465703 0.027686 0.039844
8 0.472813 0.469218 0.011865 0.032812
9 0.472813 0.424687 0.022412 0.032812
9 0.472813 0.395390 0.014502 0.016406
9 0.476109 0.377812 0.018457 0.028125
9 0.437876 0.360234 0.036914 0.030469
6 0.408213 0.600468 0.038232 0.121875
6 0.557188 0.605156 0.054053 0.126562
6 0.654746 0.575859 0.025049 0.105469
7 0.513682 0.615703 0.046143 0.091406
6 0.193321 0.573515 0.017139 0.044531
6 0.177500 0.588750 0.014502 0.032812
2 0.850925 0.533393 0.019262 0.039287
2 0.833384 0.543046 0.036914 0.044531
2 0.776035 0.584062 0.098877 0.150000
2 0.244737 0.623906 0.233349 0.159375
2 0.881586 0.534533 0.019611 0.027504
2 0.071941 0.643618 0.143882 0.119111
2 0.959964 0.535948 0.045477 0.047288
2 0.937654 0.529846 0.028316 0.044237
2 0.920493 0.536711 0.018019 0.036610
2 0.907194 0.538999 0.010297 0.028983