2 0.026993 0.713021 0.053985 0.081030
2 0.740292 0.648535 0.114384 0.095974
2 0.627772 0.638082 0.048653 0.056064
2 0.441279 0.630647 0.024949 0.033265
2 0.502436 0.626680 0.016035 0.021855
2 0.341283 0.647110 0.020846 0.030408
2 0.398789 0.638963 0.024169 0.027721
2 0.196966 0.669915 0.045433 0.058915
2 0.242666 0.659938 0.056658 0.059865
2 0.359027 0.646586 0.022610 0.029107
2 0.375491 0.644734 0.011225 0.021855
2 0.599158 0.643814 0.019491 0.042967
2 0.584344 0.635498 0.025728 0.037423
2 0.569921 0.632033 0.017152 0.038809
2 0.553548 0.633455 0.023389 0.022103
2 0.542257 0.626680 0.025122 0.031358
9 0.679851 0.541940 0.020271 0.038809
9 0.558616 0.558573 0.021050 0.011088
8 0.442449 0.571047 0.007017 0.022177
8 0.460770 0.591145 0.006237 0.026335
8 0.540684 0.559959 0.005458 0.024949
9 0.548870 0.591838 0.009356 0.019405
2 0.096478 0.681793 0.097815 0.094073
2 0.159283 0.672766 0.043830 0.077919
2 0.327653 0.656137 0.018173 0.021855