2 0.063151 0.467787 0.126303 0.439374
2 0.134879 0.429725 0.201149 0.268784
2 0.237401 0.411570 0.083062 0.156646
2 0.293385 0.408679 0.060335 0.102971
2 0.450245 0.403337 0.013254 0.041581
2 0.456482 0.385318 0.022610 0.024949
2 0.470906 0.404030 0.040542 0.084548
2 0.503261 0.414425 0.066270 0.177413
1 0.403467 0.335421 0.063151 0.033265
1 0.318780 0.362681 0.069593 0.102768
1 0.762883 0.431057 0.471686 0.856571
2 0.387484 0.444918 0.138777 0.216222
8 0.403467 0.273049 0.007017 0.027721
8 0.397619 0.279286 0.007796 0.037423
8 0.409314 0.278593 0.009356 0.030493
8 0.472465 0.277207 0.009356 0.044353
8 0.248707 0.275128 0.009356 0.029107
8 0.278091 0.331252 0.005051 0.025941