6 0.454524 0.501348 0.033623 0.113184
2 0.483754 0.469809 0.013876 0.033638
2 0.473663 0.475415 0.016398 0.044850
2 0.437532 0.490502 0.024944 0.063349
2 0.401109 0.495532 0.068162 0.098539
2 0.179411 0.565863 0.284501 0.242193
2 0.072532 0.657433 0.145063 0.353571
2 0.509487 0.466221 0.029013 0.042608
2 0.498765 0.481918 0.035320 0.047093
2 0.529039 0.472948 0.015137 0.029153
2 0.549853 0.482362 0.039104 0.050690
2 0.587258 0.498183 0.058413 0.075137
2 0.582776 0.455008 0.030274 0.024668
2 0.625664 0.486403 0.045411 0.078488
2 0.657812 0.506091 0.064369 0.086469
2 0.712676 0.523986 0.100793 0.114028
2 0.837409 0.540208 0.207724 0.235433
2 0.925882 0.603205 0.147586 0.307159
6 0.294736 0.478317 0.014266 0.055140