9 0.441796 0.253269 0.071771 0.064286
9 0.469502 0.203524 0.031856 0.068878
9 0.592552 0.347449 0.009471 0.018367
9 0.913305 0.261417 0.017479 0.022065
9 0.855320 0.288521 0.018080 0.016837
9 0.852737 0.300000 0.014636 0.009184
9 0.956053 0.292347 0.023246 0.018367
9 0.959927 0.309184 0.022385 0.012245
9 0.959519 0.339094 0.019739 0.038393
9 0.851930 0.325207 0.009471 0.030612
9 0.692650 0.324849 0.011193 0.012962
2 0.190814 0.363434 0.084988 0.043169
2 0.016079 0.356834 0.032158 0.066871
9 0.349410 0.339796 0.014636 0.015306
9 0.332621 0.340561 0.017219 0.013776
2 0.338188 0.387398 0.050283 0.072245
2 0.611493 0.404690 0.036429 0.033358
2 0.688776 0.408556 0.127424 0.101020
2 0.873142 0.400255 0.017219 0.087245
6 0.889070 0.402551 0.018080 0.101020
2 0.953462 0.414993 0.093077 0.077265
2 0.882464 0.418697 0.048919 0.048905
2 0.402957 0.385534 0.088598 0.139870
2 0.578020 0.398728 0.028548 0.030918
2 0.562762 0.394352 0.014438 0.023334
2 0.553574 0.393769 0.013782 0.022168
2 0.546026 0.390852 0.015751 0.021001
2 0.537331 0.389102 0.010172 0.018668
2 0.532737 0.385894 0.012141 0.018084
2 0.527322 0.382102 0.017720 0.021001
2 0.515181 0.377727 0.007875 0.016917
2 0.509767 0.375101 0.006235 0.014001