9 0.850848 0.316872 0.064354 0.124807
9 0.380480 0.432319 0.012871 0.022881
9 0.400956 0.430239 0.011701 0.022881
9 0.330167 0.348074 0.019891 0.016641
9 0.316795 0.365640 0.044296 0.027271
9 0.254969 0.411046 0.021605 0.027986
9 0.286289 0.419839 0.016381 0.014561
9 0.192166 0.413050 0.034067 0.073900
9 0.685868 0.367835 0.040952 0.081125
9 0.617419 0.410478 0.023401 0.029122
9 0.427283 0.430239 0.012871 0.027042
9 0.447759 0.427119 0.011701 0.024961
9 0.019702 0.384476 0.039405 0.131048
2 0.164017 0.441680 0.010531 0.020801
2 0.155827 0.448960 0.015211 0.018721
2 0.349062 0.463266 0.043641 0.061194
2 0.252357 0.507204 0.170830 0.172650