8 0.236306 0.303488 0.010091 0.035880
8 0.426150 0.296761 0.011353 0.031395
8 0.415427 0.323671 0.005046 0.022425
8 0.574997 0.321428 0.006307 0.022425
8 0.691048 0.240697 0.013876 0.040365
8 0.668342 0.359551 0.013876 0.031395
8 0.928194 0.297882 0.011353 0.042608
8 0.298115 0.344975 0.010091 0.038123
8 0.119625 0.361794 0.006307 0.026910
9 0.180173 0.324045 0.016398 0.029153
9 0.398398 0.396927 0.011353 0.013455
9 0.298115 0.297134 0.020183 0.033638
9 0.247659 0.405897 0.017660 0.022425
9 0.091873 0.363289 0.011353 0.017940
9 0.399029 0.331893 0.022706 0.017940
9 0.575628 0.354319 0.022706 0.035880
9 0.580673 0.382350 0.012614 0.015698
9 0.570582 0.384593 0.007569 0.020183
9 0.921016 0.361687 0.025228 0.013455
9 0.990394 0.234664 0.017660 0.109884
9 0.150830 0.390519 0.010091 0.017940
9 0.136323 0.405096 0.013876 0.029153
8 0.374732 0.370337 0.006307 0.026910
9 0.373470 0.396766 0.013876 0.020183
9 0.299677 0.383311 0.015137 0.024668
6 0.790459 0.438253 0.008830 0.044850
9 0.675040 0.237227 0.020183 0.038123
2 0.604941 0.425599 0.017660 0.029153
2 0.584758 0.433448 0.015137 0.022425
2 0.480060 0.430084 0.017660 0.029153
2 0.328059 0.439054 0.016398 0.033638
2 0.314814 0.434569 0.015137 0.024668
2 0.282648 0.441297 0.018921 0.029153
2 0.765231 0.446102 0.029013 0.051578
2 0.349736 0.443096 0.038638 0.047980
2 0.462400 0.457608 0.047934 0.063805
2 0.504669 0.434907 0.023989 0.038799
2 0.676556 0.504071 0.198734 0.239276
2 0.929216 0.452830 0.114789 0.100914
6 0.264210 0.442756 0.017325 0.073701