9 0.679401 0.244494 0.058020 0.086592
9 0.734969 0.370496 0.029929 0.058695
9 0.734507 0.418955 0.029004 0.046153
2 0.968454 0.572637 0.063092 0.153600
2 0.343116 0.555386 0.033990 0.045366
8 0.517504 0.493346 0.007183 0.027631
8 0.499032 0.495690 0.011288 0.022944
8 0.398068 0.494518 0.010032 0.025287
9 0.368194 0.498040 0.008209 0.014595
2 0.459524 0.557331 0.016419 0.020068
9 0.653556 0.421058 0.023931 0.023636
9 0.655982 0.476149 0.019610 0.047432
2 0.425674 0.552933 0.017782 0.017259
2 0.485996 0.552187 0.014502 0.018750
2 0.514526 0.553757 0.011016 0.013506
8 0.435899 0.497109 0.009229 0.035156
8 0.412827 0.499453 0.007910 0.030469
8 0.359434 0.527578 0.011865 0.021094
2 0.541041 0.553429 0.016485 0.020953
2 0.473501 0.549368 0.011776 0.019584