9 0.161782 0.619899 0.023654 0.035800
9 0.837352 0.316004 0.064781 0.116445
9 0.839511 0.388943 0.035989 0.016635
9 0.161472 0.643587 0.014396 0.006398
9 0.427793 0.613516 0.007198 0.020474
9 0.420595 0.628232 0.010077 0.006398
2 0.399722 0.642307 0.012956 0.021754
2 0.413038 0.657663 0.015116 0.031991
2 0.423834 0.660222 0.028072 0.031991
2 0.422755 0.671739 0.020154 0.031991
2 0.433192 0.682615 0.019434 0.038389
2 0.445555 0.689058 0.036962 0.043417
2 0.315147 0.651905 0.017995 0.033270
2 0.309028 0.658942 0.023033 0.029431
2 0.296072 0.664701 0.017275 0.028152
2 0.272319 0.674298 0.035989 0.052464
2 0.045227 0.692213 0.089973 0.113886
2 0.251693 0.694622 0.039812 0.052165
2 0.387485 0.710127 0.056143 0.055024
2 0.795604 0.701170 0.404520 0.339100
2 0.402241 0.653824 0.010797 0.021754
2 0.456514 0.706321 0.047365 0.054959