2 0.533996 0.417201 0.010822 0.022283
2 0.514571 0.421073 0.007707 0.017620
2 0.714706 0.371438 0.056581 0.020759
2 0.422123 0.414000 0.004467 0.021176
2 0.427335 0.412677 0.011912 0.034412
2 0.312260 0.398114 0.025953 0.016722
2 0.334274 0.398118 0.016379 0.015882
2 0.071505 0.412441 0.122027 0.087825
2 0.219417 0.421910 0.091529 0.081038
2 0.348751 0.417730 0.040519 0.045664
2 0.394102 0.419539 0.027752 0.031275
12 0.490616 0.408971 0.013401 0.045000
2 0.460974 0.415431 0.058345 0.099979
2 0.523316 0.422212 0.016264 0.023836
9 0.502528 0.211765 0.031268 0.021176
9 0.473493 0.261032 0.101250 0.077358
9 0.624028 0.095294 0.027099 0.042353
9 0.278438 0.333530 0.023824 0.031765
9 0.249858 0.330225 0.029200 0.025155
9 0.622688 0.146912 0.026801 0.055588