2 0.524331 0.405612 0.006888 0.015306
2 0.520026 0.410970 0.010332 0.022959
2 0.507111 0.410970 0.022385 0.038265
2 0.486878 0.420153 0.037022 0.062755
2 0.479130 0.438521 0.033578 0.065816
2 0.458036 0.442347 0.034439 0.088776
2 0.436512 0.455357 0.044770 0.120918
2 0.357446 0.443662 0.140338 0.221861
2 0.248820 0.523470 0.273788 0.336735
2 0.537245 0.404337 0.006888 0.013776
2 0.542841 0.410459 0.009471 0.016837
2 0.547577 0.411225 0.006888 0.024490
2 0.552743 0.415051 0.012054 0.029082
2 0.566949 0.419643 0.021524 0.041327
2 0.576850 0.426531 0.032717 0.048980
2 0.597944 0.435714 0.030134 0.073469
2 0.615163 0.444133 0.043909 0.093367
2 0.677378 0.456924 0.122422 0.144461
2 0.886563 0.515253 0.226874 0.508163
2 0.100303 0.527270 0.200606 0.526531
9 0.442538 0.349745 0.008610 0.022959
9 0.662947 0.315306 0.013776 0.033673