2 0.324054 0.461896 0.029824 0.055060
2 0.301270 0.462876 0.029508 0.057179
2 0.277704 0.470148 0.033051 0.067105
2 0.247198 0.468014 0.043589 0.095846
2 0.500923 0.457606 0.016877 0.035090
2 0.517003 0.457219 0.024378 0.074256
2 0.537016 0.464149 0.037117 0.088116
2 0.556980 0.469778 0.046399 0.096395
2 0.604326 0.485347 0.106680 0.130514
2 0.483301 0.453970 0.018339 0.030127
2 0.405450 0.451966 0.032406 0.042291
2 0.368905 0.455431 0.032730 0.035361
2 0.829605 0.554373 0.340789 0.350638
2 0.948180 0.744604 0.103640 0.383614
2 0.124041 0.537389 0.248081 0.291616
8 0.486103 0.342638 0.012618 0.028550
8 0.351893 0.330402 0.010324 0.036707