9 0.171517 0.412567 0.025313 0.015938
9 0.907258 0.310848 0.037969 0.031875
9 0.923605 0.346004 0.055898 0.025313
2 0.498164 0.526667 0.011953 0.015000
2 0.509367 0.534583 0.014063 0.023333
2 0.381538 0.552493 0.029013 0.049774
2 0.343965 0.558904 0.047539 0.068025
2 0.525600 0.545656 0.018957 0.022021
2 0.457326 0.545711 0.018819 0.024668
2 0.590039 0.563750 0.092109 0.060000
2 0.281367 0.567791 0.087891 0.089419
2 0.769936 0.549409 0.097734 0.060000
2 0.692592 0.539409 0.048516 0.040000
2 0.980466 0.560079 0.039068 0.140459
2 0.430334 0.544573 0.020807 0.026945