9 0.846815 0.578294 0.060108 0.113144
6 0.914916 0.501054 0.041186 0.289830
6 0.739016 0.490376 0.022309 0.128136
7 0.698687 0.498766 0.037754 0.144915
0 0.698687 0.539190 0.039470 0.109830
6 0.730864 0.488851 0.011155 0.112881
6 0.814095 0.507918 0.035180 0.178475
6 0.878449 0.474359 0.011155 0.074746
6 0.891320 0.489613 0.012871 0.157119
6 0.959964 0.504867 0.050625 0.300508
6 0.991283 0.510206 0.013729 0.247119
6 0.294839 0.532095 0.016574 0.114867
8 0.404805 0.360715 0.016303 0.085424
9 0.728662 0.353576 0.026518 0.078573
6 0.775054 0.478173 0.008581 0.042712
2 0.131994 0.705461 0.263989 0.585763
2 0.756606 0.477410 0.023167 0.035085
2 0.766902 0.482749 0.011155 0.030508
2 0.784921 0.481986 0.011155 0.047288
2 0.788783 0.486562 0.010297 0.062542
2 0.816381 0.490933 0.054633 0.080435
2 0.649991 0.510198 0.084858 0.085906
9 0.286394 0.314190 0.023167 0.044237
9 0.264085 0.400376 0.023167 0.024407
9 0.292400 0.402664 0.009439 0.032034
2 0.515493 0.477681 0.177616 0.388441