2 0.570962 0.422041 0.045682 0.055917
2 0.538385 0.414053 0.034449 0.050592
2 0.518165 0.424038 0.065902 0.075888
2 0.457880 0.393417 0.068149 0.043935
2 0.471734 0.440680 0.047929 0.063905
2 0.432792 0.446672 0.044933 0.054586
2 0.388607 0.437352 0.050925 0.049260
2 0.341053 0.453328 0.093611 0.094527
2 0.268629 0.476392 0.097044 0.106039
2 0.177907 0.478382 0.096833 0.107355
2 0.078915 0.480982 0.157831 0.144508
2 0.785519 0.412722 0.022467 0.015976
1 0.840563 0.368121 0.062158 0.051923
2 0.761996 0.426035 0.036696 0.049260
2 0.863471 0.485281 0.187223 0.191716
2 0.973040 0.445312 0.053920 0.094527
9 0.510369 0.219009 0.032202 0.058580
9 0.706204 0.366790 0.011982 0.018639
8 0.704331 0.341272 0.009736 0.015976
8 0.817788 0.327293 0.011982 0.019970
8 0.774353 0.382766 0.008987 0.010651
8 0.795322 0.372115 0.005991 0.010651
8 0.790454 0.379438 0.008238 0.011982
8 0.787833 0.390734 0.005991 0.029248
8 0.683670 0.402642 0.007489 0.013314