2 0.727985 0.538237 0.083811 0.166322
2 0.510592 0.493130 0.044776 0.063175
1 0.480973 0.460200 0.057180 0.067903
2 0.474148 0.524789 0.046395 0.081653
2 0.405477 0.523315 0.114429 0.176895
2 0.608557 0.542871 0.186262 0.279542
2 0.120882 0.604609 0.241764 0.395501
2 0.859456 0.593886 0.281087 0.339423
12 0.136643 0.445755 0.273286 0.259812
8 0.359015 0.409509 0.011462 0.020821
8 0.484383 0.414825 0.010029 0.020377
8 0.403829 0.402437 0.013533 0.024777
8 0.495846 0.414825 0.010029 0.020377
9 0.806760 0.302750 0.030088 0.035660
9 0.603680 0.406274 0.020059 0.028019