6 0.149052 0.457018 0.018661 0.075284
6 0.225133 0.456380 0.018661 0.084216
6 0.181350 0.432774 0.011484 0.034452
6 0.213242 0.470203 0.026557 0.103355
6 0.281069 0.463185 0.018661 0.114839
6 0.288965 0.458719 0.014355 0.065076
6 0.300448 0.463185 0.014355 0.063800
6 0.331383 0.460251 0.012202 0.065076
6 0.353275 0.457699 0.011484 0.065076
6 0.097033 0.497991 0.080662 0.242635
6 0.247622 0.453233 0.015790 0.068904
6 0.266284 0.467907 0.021532 0.123771
6 0.323273 0.457061 0.012919 0.071456
6 0.448161 0.455147 0.022968 0.072732
6 0.491943 0.459613 0.011484 0.045936
6 0.552808 0.464717 0.008613 0.028072
2 0.443854 0.461654 0.017226 0.030624
2 0.467482 0.462107 0.015906 0.022062
2 0.499007 0.464787 0.021304 0.027422
2 0.550224 0.467396 0.028710 0.029348
2 0.484191 0.462292 0.010048 0.021692
2 0.480244 0.464206 0.016508 0.020416
2 0.401699 0.461271 0.022968 0.040406
2 0.411747 0.459145 0.011484 0.029348
2 0.393444 0.462335 0.017944 0.043384
2 0.380884 0.459783 0.020097 0.048488
2 0.372630 0.458507 0.026557 0.051040
2 0.356122 0.461216 0.042347 0.060933
2 0.425384 0.463251 0.025839 0.041550
2 0.055379 0.478444 0.110758 0.226729
2 0.904049 0.524599 0.191901 0.233419
2 0.817783 0.455956 0.035082 0.053901
2 0.702760 0.492491 0.223052 0.295436
9 0.170824 0.188209 0.050242 0.067628
9 0.177642 0.270723 0.010766 0.026796
9 0.150368 0.398960 0.016508 0.028072
9 0.297745 0.357916 0.020815 0.011484
9 0.308870 0.383436 0.008613 0.044660
9 0.642622 0.311980 0.025839 0.042108
9 0.532807 0.426820 0.008613 0.016588
8 0.151393 0.351263 0.025121 0.038280
8 0.353610 0.248819 0.007177 0.040832
8 0.345714 0.245416 0.010048 0.048488
8 0.298702 0.311980 0.007895 0.029348
8 0.497518 0.408668 0.005024 0.018014
8 0.557210 0.300496 0.010048 0.039556
9 0.756863 0.266895 0.033734 0.016588
9 0.762605 0.284759 0.015073 0.016588
9 0.769424 0.304537 0.025839 0.017864
9 0.756863 0.248393 0.015073 0.020416
9 0.288534 0.342604 0.012202 0.014036
8 0.289969 0.394920 0.012919 0.019140
12 0.515700 0.460633 0.013637 0.030624