2 0.376006 0.454737 0.047329 0.026177
2 0.397940 0.475395 0.078574 0.045056
2 0.480131 0.501482 0.091504 0.112188
2 0.610025 0.551032 0.168283 0.222507
2 0.348135 0.639848 0.241906 0.340305
2 0.796187 0.711502 0.403878 0.574697
6 0.204218 0.516378 0.030501 0.136496
6 0.225078 0.538504 0.023139 0.149585
9 0.049959 0.323477 0.074675 0.119668
9 0.199485 0.360561 0.018932 0.013089
9 0.214210 0.384869 0.018932 0.013089
9 0.275212 0.386738 0.025242 0.024307
9 0.516067 0.390478 0.021035 0.024307
9 0.787422 0.239647 0.025242 0.043006
9 0.807932 0.256475 0.026294 0.031787
9 0.822657 0.287327 0.049433 0.022438
9 0.051011 0.551593 0.024191 0.029917
9 0.050485 0.584315 0.025242 0.031787
8 0.347959 0.307583 0.009466 0.039266
8 0.545341 0.244010 0.011569 0.054224
8 0.408261 0.418837 0.005259 0.018698
8 0.380214 0.413539 0.005259 0.020568
8 0.224552 0.432860 0.015776 0.020568
8 0.358652 0.309453 0.008414 0.039266
8 0.813191 0.340305 0.030501 0.044875
8 0.784267 0.344979 0.012621 0.046745
6 0.278718 0.480540 0.012621 0.029917
8 0.498011 0.442209 0.007362 0.016828
8 0.505374 0.442209 0.007362 0.016828