8 0.064078 0.324748 0.026779 0.030605
8 0.825366 0.119018 0.019128 0.095214
8 0.800022 0.121568 0.021997 0.076511
8 0.023910 0.477771 0.022953 0.040806
8 0.062165 0.477771 0.015302 0.034005
2 0.699410 0.536430 0.020084 0.015302
2 0.739100 0.543231 0.026779 0.025504
2 0.819915 0.538130 0.025823 0.022103
2 0.575629 0.564553 0.055615 0.081473
2 0.508699 0.564209 0.011274 0.014151
2 0.493977 0.555983 0.010520 0.013602
2 0.492351 0.537280 0.007651 0.006801
2 0.493307 0.544931 0.009564 0.011902
2 0.506697 0.548332 0.013389 0.015302
2 0.545295 0.562199 0.016334 0.039844
9 0.049254 0.369805 0.044950 0.022103
9 0.044472 0.404660 0.021997 0.017003