9 0.308185 0.387462 0.015295 0.010876
9 0.287538 0.410574 0.009177 0.013595
9 0.561183 0.388369 0.009941 0.021752
9 0.607108 0.328276 0.032966 0.072866
8 0.378158 0.343051 0.005353 0.024471
8 0.372423 0.344637 0.006118 0.023112
8 0.383129 0.344637 0.004588 0.023112
8 0.454886 0.360272 0.005353 0.019033
8 0.459856 0.361631 0.006118 0.021752
8 0.464827 0.360272 0.005353 0.021752
2 0.212594 0.470619 0.029060 0.020393
2 0.444970 0.424523 0.007953 0.013396
2 0.429905 0.425982 0.011471 0.010876
2 0.457953 0.429625 0.010434 0.015443
2 0.535666 0.475460 0.016008 0.037324
2 0.573361 0.468922 0.024102 0.038289
2 0.611715 0.465521 0.024097 0.026057
2 0.439719 0.433686 0.010706 0.013595
2 0.465719 0.439804 0.019883 0.028550