8 0.388090 0.202002 0.016004 0.045522
8 0.570132 0.231164 0.012003 0.035564
8 0.389610 0.330743 0.010402 0.018493
8 0.496835 0.331454 0.008802 0.014226
8 0.554448 0.324342 0.007202 0.008535
8 0.514839 0.347102 0.008002 0.011380
8 0.556448 0.347102 0.006401 0.011380
8 0.554448 0.356349 0.007202 0.007113
8 0.523641 0.357060 0.006401 0.008535
8 0.730269 0.298024 0.012803 0.029874
8 0.221465 0.312250 0.016004 0.032719
8 0.399907 0.201291 0.011203 0.046944
9 0.354682 0.290200 0.016004 0.012803
9 0.361884 0.300869 0.016004 0.011380
9 0.734370 0.219073 0.020805 0.015648
9 0.725968 0.264594 0.016804 0.027028
9 0.654351 0.272829 0.020805 0.013405
9 0.653551 0.295179 0.016004 0.019916
8 0.665154 0.330743 0.021605 0.022761
8 0.579134 0.229031 0.009602 0.031296
2 0.537924 0.361328 0.014403 0.008535
2 0.538324 0.369152 0.012003 0.012803
2 0.530322 0.376265 0.013603 0.024183
2 0.517720 0.379347 0.009602 0.011380
2 0.508517 0.380769 0.010402 0.014226
2 0.500115 0.380058 0.009602 0.018493
2 0.487313 0.384326 0.016004 0.015648
2 0.455705 0.385037 0.026406 0.039831
2 0.432900 0.392150 0.025606 0.045522
2 0.406494 0.401396 0.043210 0.052634
2 0.231653 0.451186 0.090421 0.120917
2 0.130830 0.461855 0.133631 0.156481
2 0.036808 0.486038 0.073617 0.190622
2 0.558849 0.376834 0.012803 0.018493
2 0.548047 0.376122 0.012003 0.022761
2 0.569652 0.381813 0.013603 0.028451
2 0.575653 0.383946 0.008002 0.032719
2 0.582054 0.387503 0.012803 0.039831
2 0.603659 0.391059 0.040009 0.049789
2 0.679502 0.421244 0.097732 0.129790
2 0.749973 0.447392 0.142433 0.150790
2 0.827191 0.387645 0.061614 0.045522
2 0.884738 0.497181 0.228853 0.268862