8 0.668750 0.188289 0.016986 0.088816
8 0.456424 0.537336 0.007993 0.015987
8 0.512378 0.542664 0.007993 0.015987
8 0.048760 0.095921 0.039967 0.127895
8 0.063248 0.309967 0.032973 0.065724
8 0.015887 0.306414 0.031774 0.065724
9 0.536858 0.545329 0.016986 0.010658
9 0.711714 0.500921 0.022981 0.014211
2 0.467415 0.584408 0.015987 0.028421
2 0.447931 0.579967 0.026978 0.044408
2 0.412960 0.597730 0.062948 0.072829
2 0.372493 0.581743 0.027977 0.044408
2 0.338022 0.572862 0.050958 0.069276
2 0.306548 0.575526 0.033972 0.067500
2 0.521371 0.589737 0.017985 0.028421
2 0.541354 0.587961 0.023980 0.031974
2 0.495892 0.591513 0.042965 0.063947
2 0.575826 0.603947 0.064947 0.092368
9 0.667251 0.516908 0.017985 0.010658
2 0.671747 0.614605 0.064947 0.088816
2 0.700224 0.626151 0.071941 0.079934
2 0.774662 0.631480 0.096920 0.147434
2 0.896562 0.662566 0.206830 0.198947
2 0.159169 0.626151 0.316739 0.506250