2 0.053016 0.501052 0.106032 0.139990
2 0.131760 0.494815 0.065490 0.099795
2 0.319843 0.465453 0.035486 0.042092
2 0.342445 0.464676 0.020632 0.039517
2 0.366433 0.460164 0.024949 0.036037
2 0.387169 0.452699 0.014012 0.033451
2 0.574198 0.456195 0.025706 0.041203
2 0.557447 0.454620 0.015593 0.019405
2 0.549260 0.451848 0.017932 0.027721
2 0.541854 0.450462 0.020271 0.022177
2 0.530159 0.449076 0.014034 0.019405
2 0.521973 0.437988 0.016373 0.011088
2 0.507159 0.440067 0.010135 0.009702
2 0.951557 0.453927 0.095896 0.090092
2 0.458042 0.441453 0.013254 0.018018
2 0.444008 0.442839 0.013254 0.015246
2 0.435822 0.443532 0.014034 0.013860
2 0.220250 0.532931 0.203487 0.195431
2 0.484074 0.490636 0.076576 0.105380
6 0.859495 0.457392 0.025856 0.077618
6 0.934015 0.514913 0.034304 0.195431
9 0.674004 0.370072 0.008576 0.013860
9 0.662170 0.374291 0.011972 0.016755
9 0.645157 0.365914 0.007017 0.013860
2 0.585163 0.462518 0.034567 0.040974
2 0.379700 0.458703 0.012866 0.028592