9 0.138910 0.279878 0.053614 0.095315
9 0.538094 0.338800 0.025345 0.043325
9 0.354830 0.380392 0.011698 0.022529
9 0.471320 0.374326 0.010723 0.020796
8 0.392360 0.382991 0.006824 0.020796
8 0.435252 0.376059 0.006824 0.017330
9 0.498614 0.357863 0.010723 0.008665
2 0.068237 0.586618 0.136473 0.292876
2 0.181802 0.523364 0.160843 0.183697
2 0.265148 0.486971 0.089682 0.124775
2 0.295367 0.461842 0.070186 0.105712
2 0.337771 0.444512 0.026320 0.077985
2 0.353622 0.434114 0.016063 0.053723
2 0.370914 0.415918 0.012673 0.034660
2 0.384074 0.411586 0.011698 0.025995
2 0.395285 0.410719 0.008773 0.017330
2 0.866764 0.484371 0.265467 0.493903
2 0.668231 0.467908 0.207634 0.242619
2 0.556615 0.473107 0.068237 0.128241
2 0.520060 0.458376 0.061413 0.088383
2 0.497639 0.426316 0.047766 0.086650
2 0.475706 0.419384 0.025345 0.051990
2 0.460597 0.420250 0.012673 0.039859
2 0.454748 0.413319 0.014622 0.032927
2 0.441588 0.412452 0.009748 0.027728
2 0.412831 0.408120 0.014622 0.019063