2 0.605042 0.493503 0.019121 0.072842
2 0.571580 0.537208 0.088776 0.267087
2 0.360488 0.684713 0.487585 0.568166
2 0.726460 0.489011 0.039608 0.048561
2 0.639733 0.463517 0.021853 0.060701
2 0.638367 0.499937 0.021853 0.065558
2 0.674560 0.492653 0.072387 0.114119
6 0.162016 0.524287 0.027316 0.109263
6 0.603221 0.473067 0.010926 0.031565
6 0.616879 0.488849 0.010926 0.043705
6 0.756872 0.493705 0.015024 0.072842
6 0.767115 0.480351 0.013658 0.050989
6 0.789650 0.482779 0.015024 0.065558
6 0.801260 0.490063 0.013658 0.075270
6 0.810820 0.488849 0.021853 0.082554
6 0.821746 0.486421 0.016389 0.082554
6 0.831990 0.487635 0.015024 0.075270
6 0.847696 0.492491 0.021853 0.080126
6 0.896182 0.502204 0.025950 0.138399
6 0.878426 0.508274 0.042339 0.145684
6 0.918717 0.504632 0.021853 0.133543
6 0.930326 0.509488 0.036876 0.182104
9 0.920026 0.276625 0.024584 0.055845
9 0.920709 0.322758 0.028681 0.041277
9 0.738377 0.415129 0.019121 0.031773
9 0.686306 0.353890 0.031413 0.016996
9 0.687672 0.408521 0.017755 0.014568
9 0.659474 0.360040 0.013258 0.024441
9 0.424622 0.309092 0.015024 0.041277
8 0.439646 0.313220 0.012292 0.048561
8 0.647928 0.364209 0.008195 0.038849
8 0.690267 0.418840 0.010926 0.016996