2 0.091608 0.528542 0.116167 0.066530
2 0.695834 0.565734 0.083422 0.101181
2 0.581616 0.560883 0.068609 0.110883
2 0.506575 0.525526 0.023779 0.037583
2 0.381929 0.522189 0.033330 0.028414
2 0.409606 0.518724 0.020076 0.027028
2 0.428025 0.514913 0.017932 0.030493
2 0.493126 0.514220 0.010915 0.015246
2 0.483380 0.518378 0.011695 0.015246
2 0.469347 0.515606 0.014813 0.015246
2 0.455703 0.516992 0.017152 0.018018
2 0.530549 0.514220 0.007796 0.009702
2 0.522752 0.517685 0.009356 0.013860
2 0.619039 0.544019 0.021050 0.047125
2 0.920501 0.480031 0.015593 0.019405
9 0.560097 0.413039 0.127862 0.080390
9 0.610774 0.373537 0.026508 0.012474
9 0.502014 0.497726 0.005458 0.018018
9 0.529301 0.503963 0.007017 0.011088
9 0.378050 0.489964 0.008576 0.020791
9 0.592063 0.495508 0.017152 0.018018
9 0.574911 0.494815 0.010915 0.008316
2 0.544539 0.534262 0.030704 0.045009