12 0.146834 0.335859 0.293668 0.671718
2 0.336078 0.498664 0.054413 0.086656
2 0.438501 0.495048 0.027206 0.039831
2 0.505717 0.503137 0.030407 0.043568
2 0.774979 0.554084 0.210449 0.223340
2 0.659352 0.524921 0.097623 0.145100
2 0.606940 0.516777 0.074417 0.117432
2 0.381552 0.496708 0.031735 0.043448
2 0.414787 0.497230 0.019871 0.028920
1 0.482511 0.485801 0.027206 0.058325
12 0.401591 0.468608 0.022608 0.050034
6 0.300869 0.492203 0.011203 0.054057
9 0.658552 0.393447 0.016004 0.034141
8 0.404893 0.370574 0.004801 0.024183
8 0.508918 0.379110 0.008002 0.027028
8 0.411695 0.368441 0.007202 0.022761
8 0.514919 0.380532 0.008802 0.029874
8 0.536924 0.450949 0.011203 0.014226
9 0.539325 0.404004 0.011203 0.011380
8 0.591337 0.437434 0.016004 0.024183
8 0.606140 0.440991 0.015204 0.031296