9 0.294946 0.392549 0.008004 0.019565
9 0.341969 0.392549 0.010005 0.019565
9 0.504549 0.380099 0.009004 0.012451
9 0.649121 0.349862 0.012006 0.019565
6 0.488541 0.436127 0.013006 0.053360
6 0.608883 0.450356 0.018445 0.092490
6 0.654517 0.450685 0.027227 0.107379
6 0.644618 0.435237 0.011005 0.065810
6 0.681137 0.434348 0.016008 0.074704
6 0.713152 0.417451 0.008004 0.037352
2 0.477536 0.435237 0.047023 0.048024
2 0.356976 0.434348 0.044022 0.042688
2 0.552073 0.420119 0.078039 0.145850
2 0.746669 0.453913 0.101050 0.152964
2 0.885738 0.426344 0.227112 0.222332
2 0.876733 0.528617 0.245121 0.348617