9 0.173837 0.302538 0.015610 0.014692
9 0.074210 0.293560 0.011019 0.016324
2 0.193812 0.420694 0.030302 0.032648
2 0.233755 0.420378 0.053257 0.055723
2 0.282880 0.428856 0.046830 0.042443
2 0.326035 0.427224 0.044075 0.045707
2 0.374703 0.423143 0.054175 0.050605
2 0.409136 0.431305 0.022037 0.040810
2 0.496827 0.425592 0.041320 0.055502
2 0.534476 0.422663 0.051421 0.069181
2 0.071469 0.486185 0.142325 0.145284
2 0.012772 0.587393 0.025543 0.284039
2 0.980260 0.354079 0.036729 0.065296
2 0.954550 0.399242 0.086313 0.111004
2 0.580613 0.429162 0.089068 0.096235
2 0.446018 0.423952 0.071622 0.098956
2 0.783249 0.463603 0.313116 0.362394