9 0.687046 0.262969 0.013184 0.042187
9 0.698911 0.232500 0.031641 0.018750
9 0.513682 0.341484 0.011865 0.021094
9 0.099717 0.237187 0.101514 0.150000
2 0.176182 0.415312 0.019775 0.032812
2 0.141246 0.416484 0.055371 0.058594
2 0.043028 0.444609 0.017139 0.035156
2 0.480723 0.389841 0.017139 0.038120
2 0.499180 0.387187 0.030322 0.042187
2 0.519615 0.391875 0.034277 0.046875
2 0.596079 0.403492 0.047461 0.074797
2 0.644199 0.401250 0.075146 0.103125
2 0.713413 0.407328 0.118652 0.133155
2 0.292857 0.394218 0.010547 0.023437
2 0.308018 0.390703 0.011865 0.021094
2 0.342954 0.390703 0.015820 0.016406
2 0.364048 0.396562 0.026367 0.032812
2 0.432291 0.383672 0.024353 0.049219
2 0.545322 0.402422 0.043506 0.049219
2 0.846567 0.412968 0.221484 0.196875
2 0.253965 0.400078 0.025049 0.025781
12 0.019866 0.421172 0.039732 0.096094
6 0.060304 0.418125 0.013711 0.056250