2 0.528965 0.355048 0.019283 0.034281
2 0.464230 0.381983 0.029383 0.052237
2 0.501408 0.382799 0.048645 0.083253
2 0.512896 0.325665 0.012855 0.021221
12 0.510933 0.300363 0.020455 0.042443
2 0.474775 0.301298 0.017446 0.035913
2 0.583126 0.419319 0.131307 0.229512
2 0.253941 0.451321 0.154262 0.137691
2 0.534460 0.316806 0.021119 0.027751
9 0.299871 0.023644 0.168513 0.047288
9 0.073148 0.025035 0.146297 0.050070
9 0.119880 0.119285 0.047748 0.040810
9 0.548233 0.257223 0.010101 0.019589
9 0.195579 0.075453 0.016059 0.028550