6 0.803721 0.496172 0.030322 0.119531
6 0.775376 0.492656 0.021094 0.112500
6 0.731211 0.490312 0.019775 0.084375
6 0.706162 0.471562 0.019775 0.060937
6 0.224961 0.483281 0.019775 0.079687
6 0.203208 0.483281 0.018457 0.098437
6 0.304063 0.477422 0.019775 0.077344
6 0.336363 0.482109 0.015820 0.077344
6 0.316587 0.472734 0.013184 0.072656
6 0.348228 0.477422 0.015820 0.077344
6 0.369322 0.483281 0.015820 0.056250
6 0.379209 0.487968 0.009229 0.065625
6 0.398326 0.487968 0.010547 0.065625
2 0.428793 0.496727 0.039261 0.094983
8 0.486656 0.395390 0.007910 0.030469
6 0.137950 0.543046 0.093603 0.442968
6 0.052256 0.536015 0.077783 0.405468
9 0.021844 0.082500 0.043687 0.150000
2 0.579600 0.579375 0.410009 0.581250