8 0.420175 0.460130 0.004799 0.035190
8 0.322404 0.428673 0.005998 0.027725
8 0.390784 0.486256 0.005998 0.019194
8 0.248626 0.521445 0.004799 0.021327
8 0.024293 0.435071 0.009597 0.010663
8 0.022493 0.455331 0.010797 0.012796
8 0.329002 0.428673 0.004799 0.025592
8 0.424974 0.460663 0.004799 0.029858
8 0.413577 0.459597 0.005998 0.023460
2 0.280117 0.531398 0.017995 0.010663
2 0.329302 0.546327 0.013196 0.019194
2 0.313107 0.547393 0.026392 0.025592
2 0.411250 0.565521 0.016339 0.019194
2 0.372489 0.566587 0.041988 0.051185
2 0.161952 0.545260 0.062381 0.063981
2 0.455263 0.580022 0.073654 0.127857
2 0.933300 0.672867 0.132394 0.215403
2 0.279067 0.553283 0.035989 0.034123