9 0.345837 0.303944 0.023711 0.014421
9 0.265656 0.330567 0.011855 0.032169
9 0.324310 0.351643 0.009360 0.023295
9 0.308399 0.321693 0.013727 0.009984
9 0.309646 0.341105 0.009984 0.008874
9 0.785114 0.245707 0.021215 0.110928
8 0.381715 0.303944 0.009360 0.014421
8 0.473127 0.299507 0.009984 0.018858
2 0.364868 0.377608 0.054286 0.121001
2 0.492158 0.394905 0.011855 0.052136
2 0.532717 0.387140 0.075501 0.129786
2 0.779990 0.428739 0.111092 0.137551
2 0.227553 0.410990 0.096797 0.095398
2 0.036379 0.464925 0.072757 0.163335
2 0.436937 0.386586 0.097340 0.157518
2 0.664687 0.415554 0.188440 0.250951
2 0.890253 0.461631 0.218390 0.214429