9 0.934353 0.401188 0.016572 0.032927
9 0.935816 0.363928 0.019496 0.038126
9 0.763762 0.381258 0.020471 0.048524
9 0.764737 0.343999 0.020471 0.015597
9 0.766686 0.325802 0.032169 0.020796
9 0.648735 0.386457 0.016572 0.010398
9 0.656046 0.345732 0.015597 0.012131
8 0.508362 0.419384 0.002924 0.013864
8 0.489841 0.418518 0.004874 0.015597
2 0.435252 0.456643 0.022421 0.046791
2 0.479605 0.457510 0.011698 0.024262
2 0.461187 0.461057 0.024252 0.037552
2 0.518855 0.461513 0.020010 0.030119
2 0.494202 0.460713 0.031142 0.054930
2 0.403383 0.474317 0.060063 0.080763
2 0.588119 0.476023 0.070806 0.099414
2 0.974076 0.503127 0.050204 0.085531
2 0.041073 0.615039 0.082145 0.294262
12 0.331337 0.396957 0.059674 0.172650