2 0.370726 0.489140 0.061226 0.079810
12 0.436480 0.444367 0.058021 0.115438
2 0.337771 0.460976 0.014622 0.013864
2 0.321687 0.461842 0.011698 0.012131
2 0.307064 0.460109 0.015597 0.012131
2 0.278308 0.458376 0.016572 0.008665
2 0.262223 0.457510 0.009748 0.013864
2 0.254912 0.456643 0.012673 0.015597
2 0.240778 0.456643 0.015597 0.019063
2 0.213970 0.456643 0.018521 0.019063
2 0.185332 0.457876 0.023633 0.020064
2 0.111284 0.460133 0.026983 0.019015
2 0.033519 0.453704 0.037794 0.028408
2 0.006824 0.458376 0.013647 0.032927