2 0.020287 0.770686 0.040575 0.280817
0 0.885365 0.471148 0.030422 0.106086
0 0.908767 0.478429 0.030422 0.108166
0 0.926318 0.478429 0.037442 0.099846
0 0.944454 0.480509 0.040952 0.120647
6 0.777719 0.416025 0.023401 0.083205
6 0.905256 0.408745 0.018721 0.076965
6 0.935093 0.396264 0.022231 0.093606
6 0.880685 0.402504 0.016381 0.043683
2 0.409732 0.546817 0.286667 0.495581
2 0.140278 0.465948 0.200757 0.282897
2 0.649596 0.483154 0.256245 0.279867
2 0.512113 0.424345 0.070204 0.137288
2 0.250602 0.443067 0.085415 0.145609
2 0.287459 0.423305 0.023401 0.052003
2 0.302670 0.421225 0.016381 0.039522
9 0.049350 0.212173 0.026912 0.058243
9 0.037064 0.263136 0.021061 0.022881
9 0.193854 0.254815 0.028082 0.039522
9 0.186833 0.302658 0.014041 0.014561
9 0.200874 0.349461 0.009361 0.049923
9 0.687623 0.226734 0.032762 0.016641
9 0.687038 0.165370 0.029252 0.047843
9 0.689964 0.208012 0.014041 0.024961
9 0.701079 0.263136 0.017551 0.018721
9 0.692889 0.246495 0.015211 0.022881
2 0.345963 0.391063 0.018721 0.016641
8 0.704589 0.321379 0.024571 0.022881
8 0.366439 0.351541 0.008190 0.016641
8 0.446004 0.382743 0.010531 0.024962
8 0.319051 0.387943 0.009361 0.014561
8 0.185078 0.355701 0.012871 0.020801
8 0.302670 0.246495 0.007020 0.039522
8 0.438398 0.270416 0.007020 0.033282
8 0.310276 0.253775 0.005850 0.041602
9 0.566521 0.296418 0.017551 0.014561
2 0.026895 0.435833 0.053789 0.073334