2 0.352860 0.367078 0.017606 0.022497
2 0.335254 0.361273 0.019137 0.032661
2 0.324537 0.368077 0.014544 0.032661
2 0.313054 0.370119 0.016075 0.044909
2 0.293534 0.370799 0.033682 0.078931
2 0.268244 0.384974 0.059652 0.099573
2 0.209263 0.390134 0.099382 0.162743
2 0.131529 0.428121 0.178566 0.245288
2 0.063369 0.491500 0.126739 0.263175
2 0.386159 0.361953 0.018372 0.031300
2 0.368170 0.369438 0.014544 0.019052
2 0.413335 0.372160 0.031385 0.051714
2 0.425583 0.381006 0.025261 0.047631
2 0.445868 0.387810 0.030620 0.050353
2 0.460413 0.396656 0.035213 0.068044
2 0.483761 0.411626 0.040571 0.087097
2 0.582968 0.391330 0.160906 0.195733
2 0.654539 0.469464 0.230560 0.240877