9 0.489067 0.463862 0.011996 0.010664
9 0.460928 0.495853 0.070674 0.053317
9 0.511261 0.499052 0.029991 0.025592
9 0.543051 0.527843 0.011996 0.027725
2 0.361905 0.566587 0.033590 0.038389
2 0.438082 0.562322 0.013196 0.038389
2 0.301923 0.612085 0.141558 0.191943
2 0.417768 0.573713 0.031293 0.054242
2 0.464239 0.574749 0.046314 0.061876
2 0.507062 0.568365 0.026392 0.036256
2 0.147683 0.589678 0.104304 0.052911
2 0.108691 0.580552 0.065312 0.058922
2 0.218844 0.575803 0.039967 0.066753
2 0.679928 0.586618 0.131599 0.164634
2 0.544430 0.572754 0.043866 0.067587