9 0.813246 0.109540 0.088708 0.078852
9 0.812863 0.187033 0.025236 0.048943
9 0.810569 0.267244 0.060414 0.106042
9 0.541767 0.355613 0.016824 0.038066
8 0.395789 0.252969 0.009177 0.033988
8 0.368259 0.346776 0.009177 0.031269
8 0.663062 0.293755 0.008412 0.028550
2 0.313399 0.416093 0.021412 0.033988
2 0.291987 0.403858 0.021412 0.033988
2 0.399431 0.417885 0.025236 0.043505
2 0.360813 0.411088 0.026001 0.038066
8 0.272104 0.330876 0.009177 0.027190
2 0.539377 0.433520 0.031354 0.080211
2 0.589849 0.453233 0.081826 0.133233
2 0.682520 0.495581 0.155240 0.184487
2 0.463383 0.476843 0.138416 0.217385
2 0.037870 0.404909 0.075708 0.213444
2 0.853375 0.598187 0.290720 0.407855