9 0.562637 0.390790 0.012673 0.032927
9 0.563964 0.367394 0.011428 0.013864
9 0.572872 0.398588 0.007798 0.024262
9 0.517796 0.386457 0.006824 0.031194
9 0.532148 0.410719 0.004874 0.017330
8 0.432717 0.389923 0.006824 0.017330
8 0.421507 0.427182 0.007798 0.012131
8 0.482432 0.402921 0.006824 0.015597
2 0.518013 0.454044 0.025345 0.038126
2 0.417120 0.445379 0.016572 0.017330
2 0.404935 0.444512 0.013647 0.039859
2 0.397624 0.447978 0.018521 0.043325
2 0.388363 0.454044 0.021446 0.051990
2 0.374716 0.459243 0.025345 0.065854
2 0.345959 0.464442 0.053614 0.083184
2 0.332312 0.475706 0.049715 0.084917
2 0.289908 0.487837 0.079934 0.116110
2 0.206855 0.512966 0.168056 0.173299
2 0.460987 0.460976 0.036068 0.058922
2 0.573090 0.506954 0.123801 0.151599
6 0.480483 0.440180 0.004874 0.024262
6 0.487306 0.441913 0.004874 0.024262
6 0.497055 0.441913 0.004874 0.024262
6 0.111518 0.444512 0.007798 0.039859
9 0.246042 0.389057 0.003899 0.019063