12 0.080774 0.349274 0.161548 0.358475
2 0.181712 0.383596 0.076367 0.170847
12 0.234911 0.342410 0.110689 0.161695
12 0.310419 0.324868 0.052341 0.071695
12 0.697829 0.313427 0.183623 0.262373
2 0.355896 0.346223 0.050625 0.074746
2 0.389360 0.370630 0.014587 0.065593
2 0.340022 0.383596 0.085805 0.109830
2 0.528364 0.354613 0.040328 0.085424
2 0.545096 0.339359 0.036038 0.109830
2 0.596579 0.369285 0.128708 0.184936
2 0.456288 0.398851 0.146727 0.247119
2 0.867723 0.481986 0.259131 0.578135
8 0.522358 0.256986 0.006006 0.021356
8 0.407379 0.269952 0.004290 0.022881
8 0.518068 0.259274 0.006006 0.019831
8 0.598724 0.238681 0.007722 0.018305
9 0.571267 0.254698 0.011155 0.038136
9 0.838979 0.227240 0.018019 0.068644
2 0.713274 0.376732 0.111547 0.120508
7 0.228905 0.401139 0.062638 0.187627
3 0.228046 0.467495 0.064354 0.164746