8 0.434375 0.194264 0.011078 0.051923
8 0.641843 0.248873 0.009064 0.042971
8 0.236474 0.334814 0.020143 0.028647
8 0.600551 0.369728 0.009064 0.030438
8 0.642850 0.373309 0.009064 0.019695
8 0.462956 0.386129 0.026429 0.027430
8 0.435382 0.383157 0.011078 0.028647
9 0.813055 0.279310 0.037264 0.021485
9 0.724428 0.333919 0.025178 0.016114
9 0.731981 0.319596 0.022157 0.019695
9 0.260645 0.288263 0.030214 0.025066
9 0.240502 0.256930 0.036257 0.019695
9 0.249063 0.222016 0.015107 0.028647
8 0.447467 0.196054 0.011078 0.044761
8 0.655439 0.247978 0.012086 0.037599
2 0.646375 0.429708 0.010071 0.021485
2 0.628798 0.431910 0.023069 0.040213
2 0.544152 0.436870 0.017121 0.032228
2 0.510769 0.439499 0.057700 0.069541
2 0.239999 0.484658 0.166176 0.160031
2 0.087922 0.478946 0.160133 0.187997
2 0.079028 0.628504 0.156444 0.462047
2 0.659972 0.418966 0.017121 0.042971
2 0.658964 0.435975 0.015107 0.048342
2 0.680837 0.440590 0.038709 0.060597
12 0.838547 0.481946 0.321901 0.382528
2 0.933720 0.662467 0.131553 0.386737
9 0.576304 0.378750 0.021094 0.014062
9 0.656724 0.377578 0.018457 0.016406