2 0.442650 0.422796 0.018171 0.027204
2 0.391005 0.426197 0.020084 0.034005
2 0.466082 0.438098 0.024866 0.040806
2 0.367095 0.438949 0.031561 0.049307
2 0.337447 0.441499 0.050689 0.064610
2 0.317363 0.455951 0.056427 0.083312
2 0.251372 0.463602 0.129113 0.132620
2 0.210247 0.498457 0.144415 0.181927
2 0.526813 0.457368 0.031561 0.105416
2 0.563793 0.479755 0.061528 0.136587
2 0.678754 0.503477 0.176044 0.211405
2 0.420717 0.437645 0.039212 0.064610
2 0.483725 0.441512 0.037071 0.056876
2 0.099118 0.529629 0.194148 0.348552
2 0.882021 0.573835 0.234316 0.464169