2 0.323224 0.206176 0.037759 0.067127
2 0.351193 0.211148 0.015383 0.027348
2 0.291059 0.209221 0.018180 0.026231
2 0.227428 0.204933 0.041954 0.054696
2 0.474959 0.226065 0.013985 0.022376
2 0.455380 0.226065 0.022376 0.042265
2 0.435102 0.228552 0.026571 0.042265
2 0.487545 0.228552 0.013985 0.027348
12 0.392214 0.170678 0.052673 0.113261
2 0.407832 0.293193 0.106285 0.141713
2 0.526107 0.252220 0.088311 0.119437
2 0.699709 0.287860 0.121080 0.127875
9 0.509921 0.170126 0.013985 0.024862
2 0.053579 0.243573 0.107159 0.122033