9 0.292930 0.450578 0.020471 0.013864
9 0.288056 0.374326 0.036068 0.062388
9 0.207147 0.499968 0.018521 0.019063
8 0.122338 0.375193 0.012673 0.053723
8 0.311451 0.514699 0.024370 0.024262
8 0.681391 0.338800 0.056539 0.077985
9 0.509825 0.464442 0.013647 0.041592
6 0.334359 0.604814 0.021446 0.107445
2 0.282694 0.571021 0.025345 0.025995
2 0.262711 0.573620 0.032169 0.031194
2 0.224824 0.581791 0.039705 0.042580
2 0.630701 0.530295 0.031194 0.038126
2 0.701862 0.524514 0.027295 0.039292
2 0.740885 0.531989 0.095469 0.104312
2 0.578061 0.560623 0.134523 0.081451
2 0.173669 0.584885 0.032838 0.050257
12 0.093094 0.617812 0.186188 0.109178
2 0.092607 0.724391 0.185213 0.253017
2 0.588983 0.778113 0.419565 0.370860
2 0.840284 0.544416 0.120876 0.104492
9 0.303653 0.434981 0.020471 0.017330