9 0.438535 0.455156 0.017139 0.023437
9 0.436558 0.437578 0.029004 0.021094
9 0.280332 0.437578 0.019775 0.021094
9 0.271763 0.497343 0.023730 0.014062
2 0.033140 0.605156 0.015820 0.037500
2 0.020616 0.611015 0.025049 0.049219
2 0.065440 0.595781 0.011865 0.018750
2 0.077964 0.593437 0.018457 0.032812
6 0.292198 0.589921 0.014502 0.067969
6 0.408213 0.565312 0.019775 0.042187
2 0.509068 0.551250 0.084375 0.042187
2 0.350865 0.639144 0.126562 0.157039
2 0.482700 0.668437 0.242578 0.220312
2 0.118174 0.626250 0.085693 0.126562
2 0.010638 0.625078 0.021275 0.072656
2 0.783286 0.684843 0.432422 0.515625