2 0.415667 0.488829 0.009361 0.018721
2 0.419763 0.488829 0.010531 0.022881
2 0.429123 0.487789 0.012871 0.029122
2 0.436729 0.495070 0.014041 0.039522
2 0.441994 0.501310 0.012871 0.031202
2 0.456620 0.499230 0.021061 0.027042
2 0.460480 0.508144 0.024102 0.032390
2 0.482361 0.511711 0.021061 0.052003
2 0.508688 0.510671 0.050313 0.074884
2 0.520389 0.526225 0.059674 0.068551
2 0.598783 0.511711 0.029252 0.035362
2 0.692974 0.560594 0.168490 0.199692
2 0.850848 0.602196 0.293688 0.372342
1 0.364099 0.486749 0.029252 0.045763
2 0.345463 0.498190 0.021061 0.029122
2 0.331422 0.500270 0.011701 0.020801
2 0.323817 0.501310 0.012871 0.022881
2 0.315626 0.500270 0.012871 0.029122
2 0.302756 0.501310 0.022231 0.031202
12 0.273504 0.492990 0.029252 0.060324
2 0.394021 0.509631 0.045633 0.068644
2 0.208565 0.506510 0.032762 0.058243
2 0.174633 0.507129 0.044463 0.067801
2 0.148306 0.516911 0.040952 0.066564
2 0.090388 0.522111 0.086585 0.076965
8 0.277892 0.398344 0.008190 0.027042
8 0.413035 0.417065 0.007020 0.018721
8 0.360967 0.455547 0.005850 0.016641
9 0.240157 0.402504 0.030422 0.016641
9 0.445504 0.421225 0.022231 0.012481
9 0.460715 0.472188 0.010531 0.018721
9 0.284035 0.447227 0.010531 0.010401
9 0.484702 0.445147 0.014041 0.014561
8 0.489967 0.466988 0.008190 0.016641
8 0.283194 0.399450 0.009281 0.031500