2 0.656731 0.557785 0.127914 0.154191
2 0.413070 0.526910 0.004992 0.013311
2 0.417126 0.526910 0.006864 0.011093
2 0.405582 0.529683 0.011232 0.023295
2 0.394663 0.538003 0.019343 0.055464
2 0.301795 0.525431 0.019967 0.022186
2 0.261861 0.545895 0.082364 0.112661
2 0.175128 0.554910 0.088604 0.097412
2 0.428669 0.528389 0.017471 0.026623
2 0.463612 0.530053 0.026207 0.043262
2 0.348177 0.561740 0.098588 0.131040
8 0.117151 0.351643 0.008112 0.043262
8 0.451600 0.372720 0.008112 0.032169
8 0.125730 0.352087 0.008112 0.044371
8 0.109195 0.351532 0.006240 0.045481
8 0.459244 0.374827 0.006240 0.029951
8 0.443645 0.373718 0.006240 0.032169
8 0.640758 0.434285 0.020591 0.032169
9 0.092598 0.462017 0.008736 0.009984
9 0.757752 0.339441 0.029951 0.073213