9 0.556128 0.263415 0.028269 0.038126
9 0.629726 0.311072 0.023395 0.019063
9 0.640936 0.294609 0.018521 0.013864
8 0.040942 0.216624 0.015597 0.058922
8 0.455235 0.249551 0.009748 0.038126
8 0.056051 0.221823 0.012673 0.048524
8 0.646785 0.362195 0.020471 0.027728
6 0.651659 0.461842 0.026320 0.119576
6 0.608280 0.473107 0.021446 0.107445
6 0.622902 0.467041 0.015597 0.112644
6 0.517136 0.441913 0.008773 0.045058
6 0.525909 0.441913 0.006824 0.051990
6 0.531758 0.439313 0.006824 0.046791
6 0.506413 0.442779 0.010723 0.046791
6 0.228105 0.478306 0.023395 0.090116
2 0.461732 0.497369 0.109833 0.138639
2 0.305650 0.477050 0.061509 0.080671
2 0.384074 0.459549 0.062388 0.118455
2 0.334359 0.454044 0.038992 0.065854
2 0.357267 0.440180 0.012673 0.027728
12 0.471320 0.413319 0.034118 0.029461
12 0.443050 0.413319 0.022421 0.029461
2 0.270022 0.451444 0.015597 0.036393
2 0.228603 0.447025 0.076990 0.131881
6 0.117952 0.486971 0.033143 0.110911
6 0.876608 0.417246 0.017994 0.069541