9 0.381989 0.554407 0.016008 0.055138
9 0.698145 0.573972 0.022011 0.055138
9 0.649621 0.612214 0.007003 0.021344
9 0.598596 0.625554 0.011005 0.019565
9 0.556575 0.636225 0.015007 0.012451
2 0.503926 0.672036 0.012006 0.023123
2 0.492420 0.674704 0.009004 0.024901
2 0.487918 0.677372 0.016008 0.023123
2 0.471410 0.674704 0.017008 0.046245
2 0.456903 0.683118 0.028014 0.052401
2 0.571459 0.688044 0.011005 0.026680
2 0.581464 0.696048 0.015007 0.046245
2 0.602853 0.702944 0.039775 0.060037
2 0.644196 0.717160 0.074438 0.095584
2 0.735540 0.774308 0.137068 0.163636
2 0.425010 0.694541 0.048024 0.059457
2 0.539066 0.720833 0.076038 0.106477
2 0.955272 0.916364 0.088044 0.163636
2 0.880235 0.820316 0.238118 0.320158
9 0.968779 0.479704 0.057028 0.115613
9 0.196911 0.417651 0.023395 0.069320