2 0.742848 0.340795 0.028995 0.045361
2 0.685438 0.344919 0.062629 0.065979
2 0.666538 0.361397 0.060997 0.078318
2 0.570097 0.400914 0.070863 0.116114
2 0.482474 0.414920 0.155412 0.177115
2 0.285106 0.489518 0.308912 0.272703
2 0.838614 0.325921 0.026675 0.041532
2 0.817158 0.336377 0.020876 0.061856
2 0.723794 0.335346 0.012758 0.030928
2 0.867609 0.348748 0.061469 0.074227
2 0.915160 0.374969 0.093943 0.159658
2 0.955173 0.409117 0.088144 0.252697
2 0.783696 0.344245 0.071564 0.112689
9 0.680799 0.284536 0.016237 0.016495
9 0.877467 0.277320 0.018557 0.026804
9 0.980109 0.184094 0.035954 0.086598
8 0.849052 0.293078 0.010438 0.016495