2 0.151110 0.540617 0.114767 0.112090
2 0.504019 0.538980 0.059296 0.081612
2 0.223986 0.529629 0.055852 0.086713
2 0.291221 0.520690 0.048776 0.070586
2 0.330183 0.519602 0.028237 0.042855
2 0.350996 0.516279 0.022953 0.032810
2 0.364385 0.511776 0.013389 0.034005
2 0.377775 0.505825 0.015302 0.025504
2 0.478674 0.524528 0.033474 0.066310
2 0.462416 0.521127 0.021997 0.062909
2 0.454286 0.516027 0.021041 0.056108
2 0.446157 0.510926 0.014346 0.045907
2 0.437549 0.507525 0.012433 0.028904
2 0.431811 0.501575 0.010520 0.017003
2 0.418900 0.502425 0.013389 0.015302
9 0.580530 0.393609 0.017215 0.028904
9 0.570488 0.451417 0.016259 0.028904
2 0.393009 0.498174 0.008608 0.013602
2 0.402573 0.498174 0.010520 0.013602
6 0.380644 0.505825 0.007651 0.028904