6 0.974653 0.764693 0.045226 0.282341
6 0.834768 0.761888 0.038915 0.228116
6 0.760280 0.747845 0.059575 0.274900
7 0.992007 0.702054 0.012621 0.127147
0 0.956773 0.815177 0.045226 0.087881
6 0.445423 0.693698 0.011569 0.115928
6 0.433012 0.700243 0.014094 0.132756
6 0.456993 0.702113 0.015776 0.136496
6 0.563747 0.692950 0.029449 0.142105
6 0.535875 0.687715 0.022087 0.126399
6 0.482235 0.679862 0.019984 0.115928
6 0.515366 0.680610 0.018932 0.112188
6 0.689854 0.719876 0.034708 0.179501
6 0.669344 0.702113 0.018932 0.151454
6 0.470034 0.679675 0.009466 0.099100
9 0.352517 0.379774 0.089400 0.030758
9 0.424037 0.473684 0.038915 0.059834
9 0.383719 0.605194 0.023489 0.053601
9 0.384070 0.650381 0.009466 0.016828
9 0.258209 0.626385 0.011569 0.014958
9 0.312901 0.631060 0.009466 0.009349
9 0.400197 0.641344 0.007362 0.014958
8 0.246258 0.306648 0.014725 0.067313
8 0.217716 0.591794 0.006311 0.016828
8 0.342350 0.596468 0.005259 0.014958
8 0.337091 0.598338 0.005259 0.018698
7 0.330781 0.673318 0.007362 0.035526
0 0.330255 0.683414 0.010518 0.028047
2 0.285029 0.650693 0.031553 0.014958
2 0.208776 0.703673 0.070468 0.094741
2 0.240855 0.682480 0.016828 0.044875
12 0.091504 0.771736 0.183007 0.348043
2 0.262942 0.679675 0.012621 0.024307
2 0.287658 0.680213 0.034708 0.041929
2 0.380214 0.674065 0.009466 0.016828
8 0.435569 0.566810 0.016841 0.031300
0 0.939856 0.732195 0.028323 0.069405