12 0.101591 0.371210 0.203182 0.741623
12 0.699830 0.466193 0.168262 0.259228
2 0.866279 0.559110 0.209216 0.216968
8 0.393081 0.438154 0.006888 0.030612
8 0.484774 0.448868 0.007749 0.018367
9 0.547625 0.459582 0.009471 0.027551
6 0.219165 0.479480 0.017219 0.055102
1 0.344396 0.480246 0.045711 0.081122
2 0.349602 0.517643 0.052519 0.064492
2 0.249190 0.503205 0.061773 0.071939
2 0.398348 0.486964 0.022182 0.030951
2 0.425200 0.492491 0.028946 0.035204
2 0.591104 0.518081 0.051658 0.059805
2 0.548632 0.504136 0.033286 0.043189
2 0.498549 0.502440 0.019802 0.039796
2 0.462819 0.518897 0.061990 0.086473