6 0.232872 0.584062 0.017139 0.042187
6 0.221006 0.582890 0.025049 0.049219
6 0.189366 0.577031 0.017139 0.023437
6 0.128062 0.573515 0.015820 0.021094
6 0.521592 0.582890 0.009229 0.035156
6 0.612559 0.663750 0.040869 0.187500
6 0.431284 0.591093 0.013184 0.046875
2 0.451719 0.588750 0.014502 0.028125
2 0.430625 0.586406 0.022412 0.037500
2 0.477341 0.613092 0.042015 0.053372
2 0.386460 0.581718 0.015820 0.032812
2 0.368003 0.586406 0.023730 0.037500
2 0.338999 0.621562 0.023730 0.070312
2 0.343614 0.602812 0.038232 0.065625
2 0.534088 0.613568 0.044880 0.049637
2 0.555869 0.669609 0.080420 0.128906
2 0.302085 0.625869 0.071191 0.097357
2 0.245396 0.673125 0.071191 0.140625
2 0.140938 0.704765 0.203642 0.250781
1 0.409532 0.564140 0.019775 0.030469
2 0.406895 0.588750 0.027686 0.042187
2 0.068077 0.800859 0.135791 0.396093