8 0.584319 0.461842 0.007993 0.017763
8 0.528365 0.449309 0.007993 0.028619
9 0.614294 0.273553 0.037969 0.092368
2 0.532362 0.482270 0.015987 0.019539
2 0.514377 0.487599 0.013988 0.030197
2 0.502387 0.487599 0.013988 0.023092
2 0.481723 0.491658 0.029337 0.034764
2 0.428485 0.501809 0.024056 0.023092
2 0.409463 0.507138 0.023980 0.026645
2 0.382932 0.513343 0.022876 0.035501
2 0.363501 0.515132 0.015987 0.028421
2 0.343517 0.518696 0.031974 0.039103
2 0.310736 0.531118 0.031590 0.035526
2 0.069743 0.592512 0.087928 0.055287
8 0.557847 0.431484 0.007910 0.021094
2 0.591465 0.534609 0.114697 0.128906