9 0.054303 0.512209 0.040466 0.071939
9 0.762963 0.545408 0.012915 0.021429
9 0.629943 0.576786 0.012054 0.019898
2 0.027982 0.667062 0.055102 0.074040
2 0.320066 0.639031 0.007749 0.007653
2 0.294193 0.641633 0.011193 0.009184
2 0.291610 0.652347 0.014636 0.018367
2 0.277404 0.650051 0.012054 0.013776
2 0.268364 0.653878 0.009471 0.024490
2 0.253728 0.651968 0.023246 0.045160
2 0.224885 0.662296 0.049936 0.059694
2 0.310380 0.653572 0.012915 0.018367
2 0.336639 0.655102 0.036161 0.064286
2 0.505102 0.660715 0.044770 0.064286
2 0.625519 0.665161 0.125874 0.143878
2 0.842151 0.695008 0.311671 0.313776
2 0.416832 0.660300 0.127424 0.225993
3 0.529066 0.667347 0.052519 0.053571