2 0.247192 0.458203 0.011865 0.021094
2 0.264990 0.457031 0.021094 0.032812
2 0.216211 0.472265 0.058008 0.077344
2 0.107446 0.483984 0.106787 0.114844
2 0.319043 0.459375 0.010547 0.032812
2 0.302563 0.466406 0.035596 0.051562
2 0.915270 0.540234 0.052734 0.049219
2 0.981040 0.534375 0.034277 0.140625
9 0.125903 0.418359 0.014502 0.025781
9 0.380346 0.413672 0.022412 0.049219
9 0.481860 0.431250 0.011865 0.018750
9 0.510205 0.412500 0.010547 0.009375
9 0.584692 0.389062 0.014502 0.037500
7 0.522508 0.472576 0.017938 0.072283
3 0.523704 0.486395 0.037072 0.044646