2 0.328151 0.577770 0.025242 0.024307
2 0.357075 0.575901 0.019984 0.024307
2 0.396516 0.577770 0.021035 0.020568
2 0.915120 0.638539 0.167064 0.104709
1 0.229285 0.559072 0.100970 0.125277
2 0.283977 0.584741 0.058899 0.090602
2 0.163557 0.603932 0.076765 0.072954
2 0.464881 0.728290 0.225078 0.317867
2 0.701528 0.694633 0.228233 0.213158
8 0.109910 0.182306 0.041019 0.093490
8 0.059951 0.502043 0.014725 0.029917
8 0.471117 0.357915 0.017731 0.059528
8 0.583730 0.516067 0.013673 0.028047
8 0.920296 0.499238 0.015776 0.043006
9 0.089926 0.429121 0.034708 0.022438
9 0.310797 0.506718 0.011569 0.024307
9 0.572687 0.488955 0.032605 0.014958
9 0.888217 0.249619 0.048381 0.063573
9 0.869811 0.310388 0.030501 0.020568
9 0.908726 0.330021 0.041019 0.026177
8 0.070994 0.197265 0.019984 0.041136
9 0.475684 0.483199 0.011462 0.033113
9 0.476401 0.515038 0.012895 0.020377
8 0.455625 0.366793 0.014328 0.050943