2 0.400556 0.481224 0.051634 0.083449
2 0.464289 0.473578 0.027438 0.045890
8 0.429588 0.429536 0.006646 0.015190
9 0.320886 0.348523 0.011392 0.025316
9 0.342247 0.380591 0.008544 0.021941
9 0.377848 0.410970 0.009494 0.032067
9 0.360759 0.416034 0.011392 0.018565
9 0.359810 0.431223 0.009494 0.018565
9 0.458259 0.094515 0.128164 0.151899
9 0.516740 0.441181 0.008924 0.027004
2 0.469082 0.449620 0.008544 0.013502
2 0.447721 0.452996 0.009494 0.013502
2 0.459114 0.450464 0.009494 0.015190
2 0.440126 0.449620 0.009494 0.010127
2 0.460063 0.444557 0.007595 0.013502
2 0.478101 0.450633 0.007595 0.016878
9 0.307120 0.087764 0.171835 0.175527