9 0.276846 0.439607 0.022956 0.024486
9 0.295210 0.456747 0.008264 0.009794
9 0.310361 0.428996 0.007346 0.013059
9 0.310820 0.444504 0.008264 0.011427
9 0.465266 0.454299 0.011937 0.008162
9 0.454707 0.484498 0.016528 0.019589
2 0.202010 0.427146 0.007346 0.009794
2 0.208897 0.427963 0.008264 0.008162
2 0.214865 0.431227 0.007346 0.014692
2 0.220834 0.432860 0.008264 0.011427
2 0.230475 0.436941 0.009182 0.016324
2 0.240576 0.436125 0.007346 0.014692
2 0.208897 0.436125 0.008264 0.014692
2 0.201092 0.438573 0.014692 0.013059
2 0.200174 0.446735 0.011019 0.013059
2 0.244708 0.454897 0.010101 0.009794
2 0.246544 0.462243 0.010101 0.011427
2 0.225884 0.453265 0.007346 0.013059
2 0.231853 0.455713 0.008264 0.017956
2 0.216243 0.449184 0.008264 0.014692
2 0.195124 0.454897 0.013773 0.016324
2 0.183646 0.455713 0.012855 0.014692
2 0.196501 0.463875 0.012855 0.014692
2 0.227262 0.471221 0.013773 0.013059
2 0.206601 0.474486 0.018365 0.022854
2 0.181809 0.476935 0.022037 0.017956
2 0.224966 0.485913 0.022037 0.019589
12 0.258940 0.466324 0.016528 0.016324
2 0.253431 0.487273 0.049584 0.034281
2 0.336531 0.488906 0.010101 0.034281
2 0.351375 0.492987 0.025710 0.039178
2 0.431720 0.502781 0.037647 0.062031