2 0.521205 0.488203 0.159934 0.264844
2 0.404566 0.464062 0.034618 0.056250
2 0.256421 0.458437 0.054053 0.062812
2 0.266308 0.434062 0.031641 0.018750
2 0.347412 0.450626 0.009278 0.030598
2 0.334863 0.448125 0.018457 0.032812
2 0.307837 0.449297 0.032959 0.049219
2 0.364100 0.450798 0.011891 0.021909
2 0.079102 0.455468 0.092285 0.096875
2 0.030322 0.477317 0.060644 0.156303
9 0.136450 0.382422 0.027686 0.016406
6 0.139087 0.431250 0.011865 0.058594
8 0.410669 0.404297 0.006592 0.018750
9 0.454834 0.207422 0.018457 0.046875
9 0.230713 0.256306 0.039551 0.063281
9 0.228925 0.321093 0.051036 0.070312
9 0.797795 0.285937 0.039551 0.037500