2 0.051031 0.457732 0.051031 0.037113
2 0.292384 0.442474 0.012758 0.024742
2 0.276147 0.444536 0.017397 0.032990
2 0.436339 0.441443 0.022316 0.051546
2 0.211424 0.451321 0.041069 0.054242
2 0.175361 0.447629 0.020876 0.018557
2 0.153905 0.451753 0.022036 0.022680
12 0.143010 0.435637 0.071660 0.059035
2 0.905683 0.382198 0.073067 0.035605
2 0.974111 0.383505 0.049871 0.037113
2 0.252255 0.445361 0.045232 0.082474
12 0.283570 0.421650 0.024356 0.030928
2 0.364716 0.487736 0.147373 0.232775
2 0.514080 0.451751 0.090582 0.127425
2 0.019137 0.465979 0.038273 0.202062
9 0.348518 0.360825 0.045232 0.020619
9 0.397809 0.362887 0.013918 0.016495
9 0.422165 0.393814 0.009278 0.016495
9 0.437242 0.402062 0.009278 0.016495
9 0.480039 0.404124 0.012758 0.028866
8 0.723364 0.259354 0.010438 0.033870
8 0.698428 0.234021 0.011598 0.039175
9 0.654124 0.247423 0.018557 0.020619
9 0.675000 0.227835 0.016237 0.018557
9 0.729510 0.330928 0.009278 0.014433
9 0.739949 0.317526 0.009278 0.016495
9 0.672681 0.281443 0.009278 0.018557
8 0.739369 0.347423 0.010438 0.022680
8 0.689730 0.231959 0.008119 0.043299
12 0.993178 0.288848 0.011738 0.160449