9 0.204394 0.206326 0.034094 0.014694
9 0.213176 0.222857 0.026862 0.014694
9 0.783826 0.274286 0.028929 0.014694
9 0.897474 0.158571 0.033061 0.051429
9 0.892825 0.227449 0.036161 0.090000
9 0.858731 0.206326 0.013431 0.058775
8 0.215759 0.276429 0.019630 0.031224
9 0.406377 0.277347 0.012398 0.014694
8 0.395013 0.326939 0.010332 0.018367
8 0.408444 0.328775 0.012398 0.022041
8 0.513826 0.201122 0.012398 0.038571
8 0.494196 0.200204 0.004133 0.040408
8 0.672417 0.161633 0.013431 0.055102
8 0.651237 0.165306 0.010332 0.040408
8 0.841167 0.303980 0.023763 0.049592
8 0.865446 0.307653 0.014464 0.038571
8 0.499879 0.201122 0.011365 0.045918
8 0.660536 0.160714 0.012398 0.049592
8 0.760752 0.341633 0.026862 0.025714
6 0.793125 0.431633 0.026862 0.139592
2 0.535523 0.374082 0.022730 0.025714
2 0.536039 0.395204 0.013431 0.023878
2 0.516926 0.389694 0.035128 0.045918
2 0.502978 0.411735 0.032028 0.049592
2 0.428590 0.405306 0.135344 0.091837
9 0.379515 0.350204 0.016531 0.018367
9 0.294279 0.326326 0.017564 0.022041
2 0.297895 0.444796 0.161173 0.207551
2 0.217825 0.369490 0.036161 0.031224
2 0.753348 0.435612 0.042360 0.071633
2 0.900719 0.433775 0.080297 0.075306
2 0.828252 0.413877 0.047526 0.050204
6 0.928986 0.414184 0.023763 0.031224
6 0.818954 0.409592 0.018597 0.084490
2 0.131556 0.510789 0.263112 0.335863
2 0.640389 0.531428 0.277921 0.385714