1 0.837092 0.429436 0.324135 0.303854
6 0.048273 0.405187 0.016528 0.057134
6 0.084543 0.399473 0.024792 0.062031
6 0.010937 0.458246 0.017152 0.084898
6 0.068474 0.519455 0.029383 0.194256
6 0.049650 0.464769 0.013773 0.035913
6 0.215849 0.430489 0.013773 0.088150
6 0.233296 0.431305 0.015610 0.076723
6 0.295735 0.544174 0.028465 0.217110
6 0.036435 0.589123 0.068147 0.309807
6 0.110206 0.558649 0.098157 0.307625
6 0.168561 0.431538 0.016528 0.089782
6 0.264975 0.541726 0.073458 0.284039
6 0.480299 0.427807 0.008264 0.076723
6 0.446325 0.447513 0.017446 0.091415
6 0.467903 0.432821 0.018365 0.091415
6 0.491777 0.431188 0.011019 0.084885
6 0.607867 0.444831 0.020201 0.093047
6 0.425612 0.444161 0.013658 0.094694
8 0.632528 0.265699 0.012292 0.067986
8 0.674868 0.277839 0.017755 0.063130
9 0.138798 0.340969 0.016389 0.058273
8 0.444733 0.084809 0.019121 0.075270
8 0.418100 0.086023 0.017755 0.077698
9 0.519681 0.289546 0.023218 0.043705
9 0.964930 0.190331 0.016381 0.164330