9 0.292071 0.478618 0.047604 0.030589
9 0.294365 0.597406 0.015486 0.027530
8 0.293906 0.567428 0.018927 0.029569
8 0.496081 0.432326 0.019501 0.038746
8 0.646981 0.545506 0.020074 0.036707
2 0.502964 0.653486 0.024089 0.035687
2 0.525332 0.659603 0.028677 0.052002
2 0.553585 0.660567 0.030674 0.064124
2 0.592437 0.660835 0.044737 0.069931
2 0.911099 0.634622 0.149122 0.097885
2 0.125743 0.700695 0.025810 0.044864
2 0.050970 0.710381 0.101941 0.090748
2 0.926585 0.800619 0.145681 0.393580
2 0.220722 0.697126 0.170343 0.223301
2 0.402307 0.684381 0.179520 0.273263
2 0.724525 0.678263 0.226551 0.212085