2 0.066273 0.509498 0.132545 0.268903
2 0.139054 0.497018 0.078107 0.143656
2 0.178650 0.480154 0.066174 0.098357
2 0.214449 0.469547 0.044478 0.081000
2 0.260554 0.441582 0.017357 0.040500
2 0.368494 0.449297 0.022781 0.044357
2 0.482943 0.455082 0.056411 0.086786
2 0.520369 0.467618 0.070513 0.100286
2 0.596849 0.467618 0.134518 0.158143
2 0.718162 0.500588 0.206490 0.189367
2 0.891378 0.487483 0.211540 0.368567
9 0.836052 0.195690 0.055326 0.115714
8 0.378257 0.276690 0.018442 0.030857
8 0.380969 0.313332 0.021696 0.034714
8 0.299608 0.303690 0.013018 0.027000
8 0.184617 0.274761 0.008679 0.030857
9 0.210652 0.356725 0.028205 0.021214
9 0.512233 0.355761 0.008679 0.023143
9 0.514945 0.307547 0.016272 0.011571
2 0.314890 0.467316 0.119697 0.211405
2 0.407597 0.461057 0.071975 0.101530