8 0.440513 0.642656 0.005273 0.023437
8 0.434580 0.655546 0.009229 0.021094
9 0.412168 0.660234 0.014502 0.016406
2 0.333726 0.669741 0.026367 0.034892
2 0.314610 0.671953 0.019775 0.035156
2 0.300767 0.671953 0.021094 0.039844
2 0.283628 0.673125 0.023730 0.042187
2 0.461607 0.669609 0.010547 0.021094
2 0.469517 0.671953 0.013184 0.021094
2 0.481382 0.674296 0.018457 0.025781
2 0.491270 0.681328 0.019775 0.035156
2 0.661963 0.691440 0.034210 0.041319
2 0.630357 0.684843 0.029004 0.032812
2 0.780649 0.689531 0.079102 0.093750
2 0.261875 0.684843 0.035596 0.037500
2 0.128694 0.705568 0.083710 0.074261
2 0.447764 0.669960 0.017139 0.029767
2 0.512364 0.682500 0.030322 0.046875
2 0.884910 0.748261 0.230181 0.216968