2 0.700088 0.586420 0.013876 0.022425
2 0.728470 0.577450 0.021444 0.031395
6 0.736038 0.593147 0.013876 0.067276
6 0.729731 0.597632 0.011353 0.058306
2 0.744237 0.586420 0.022706 0.053821
2 0.766943 0.594269 0.051718 0.065033
2 0.790279 0.562873 0.017660 0.020183
2 0.805416 0.568480 0.027751 0.017940
2 0.889931 0.584177 0.060548 0.080731
2 0.867226 0.565116 0.022706 0.029153
6 0.945434 0.527737 0.022706 0.039612
2 0.606931 0.583046 0.047409 0.055601
2 0.485016 0.607724 0.036581 0.051578
2 0.519074 0.599875 0.036581 0.040365
2 0.392301 0.626785 0.065594 0.094186
6 0.358243 0.623421 0.020183 0.078488
2 0.261124 0.663457 0.117497 0.111163
2 0.108482 0.699809 0.201827 0.155018
2 0.437387 0.627801 0.081889 0.091083
2 0.546540 0.598725 0.037271 0.038180
2 0.624403 0.596511 0.036581 0.051578
12 0.676121 0.576328 0.041627 0.082973
2 0.821184 0.611088 0.084515 0.085216
9 0.764505 0.486343 0.016229 0.034206
9 0.765682 0.518023 0.020183 0.020183
2 0.933442 0.633102 0.129596 0.168138
8 0.651024 0.524547 0.007346 0.013059
8 0.679948 0.522914 0.008264 0.016324