8 0.487863 0.117170 0.024357 0.112076
8 0.497893 0.435991 0.018626 0.028019
8 0.518770 0.127177 0.021492 0.109528
8 0.985612 0.356859 0.027223 0.084057
8 0.949076 0.365519 0.051580 0.084057
8 0.505159 0.512891 0.017193 0.033113
9 0.558786 0.114623 0.045849 0.124811
9 0.678423 0.090425 0.141846 0.071321
9 0.496318 0.368545 0.021775 0.038229
9 0.497301 0.457443 0.023175 0.016508
8 0.674125 0.494151 0.017193 0.038208
9 0.328108 0.560378 0.014328 0.028019
9 0.392583 0.551463 0.017193 0.020377
6 0.540876 0.580755 0.017193 0.063679
6 0.626127 0.592218 0.021492 0.096793
6 0.735735 0.592218 0.025790 0.142642
6 0.520674 0.575661 0.014328 0.040755
6 0.911108 0.559104 0.024357 0.063679
6 0.702637 0.598585 0.017193 0.071321
2 0.941196 0.585850 0.107459 0.117170
2 0.379688 0.587123 0.011462 0.030566
2 0.315213 0.590944 0.022925 0.038208
2 0.295870 0.589670 0.027223 0.040755
2 0.350418 0.602224 0.054446 0.076415
2 0.413461 0.594583 0.022925 0.040755
2 0.230064 0.598403 0.051580 0.053491
2 0.263632 0.596038 0.025790 0.033113
12 0.170501 0.570567 0.065908 0.114623
2 0.051103 0.594128 0.102205 0.166840
2 0.050386 0.741227 0.100772 0.295472
8 0.339672 0.551099 0.012895 0.022925