9 0.054993 0.595088 0.108072 0.119018
9 0.072208 0.533029 0.046863 0.049307
9 0.153023 0.521978 0.022953 0.044207
9 0.159717 0.558533 0.026779 0.049307
9 0.172151 0.630794 0.034430 0.051008
8 0.493977 0.474937 0.006695 0.013602
8 0.515495 0.462185 0.009564 0.015302
8 0.508322 0.486839 0.006695 0.013602
8 0.501150 0.490240 0.007651 0.010202
2 0.535898 0.490806 0.011477 0.023804
2 0.547853 0.490806 0.016259 0.027204
2 0.555983 0.491656 0.019128 0.028904
2 0.512945 0.500158 0.015302 0.025504
2 0.493339 0.507809 0.018171 0.027204
2 0.523944 0.505542 0.025823 0.043073
2 0.673917 0.459393 0.086671 0.127429
2 0.789342 0.441499 0.168325 0.200630