12 0.090725 0.448053 0.179852 0.372184
2 0.195578 0.530215 0.062071 0.094176
2 0.492395 0.519572 0.041965 0.065724
2 0.340727 0.524595 0.064362 0.083105
2 0.437503 0.514779 0.083804 0.127189
2 0.716211 0.550658 0.175855 0.156316
8 0.170160 0.274441 0.008993 0.047961
8 0.236106 0.373026 0.014988 0.049737
8 0.351511 0.253125 0.015987 0.058618
8 0.420454 0.248684 0.011990 0.049737
8 0.297555 0.469836 0.005995 0.019539
8 0.303051 0.477829 0.006994 0.028421
8 0.728201 0.270888 0.011990 0.047961
6 0.583320 0.509803 0.013988 0.081711
1 0.527366 0.540888 0.033972 0.030197
9 0.606801 0.147434 0.042965 0.095921
9 0.608273 0.238402 0.051904 0.086014
9 0.784155 0.178520 0.025979 0.037303
9 0.784654 0.219375 0.030975 0.026645
9 0.785154 0.260230 0.035970 0.040855
9 0.786153 0.297533 0.027977 0.026645
9 0.787652 0.349934 0.022981 0.071053
9 0.788151 0.406776 0.013988 0.028421
9 0.752681 0.322401 0.016986 0.087039
2 0.306791 0.536396 0.017932 0.052669