8 0.457323 0.297909 0.008490 0.036883
8 0.340911 0.311019 0.008398 0.036256
2 0.152567 0.470971 0.037189 0.053317
1 0.087786 0.461374 0.080376 0.085308
2 0.039395 0.514692 0.078789 0.157820
2 0.466092 0.446219 0.015595 0.023460
2 0.489667 0.446445 0.015595 0.021327
12 0.508262 0.421919 0.031191 0.049052
2 0.514260 0.444312 0.031191 0.042654
5 0.436084 0.416110 0.049185 0.132227
2 0.424286 0.476303 0.067180 0.115166
2 0.264734 0.563744 0.309508 0.324170
9 0.817778 0.218148 0.025921 0.033447
8 0.841763 0.286493 0.031191 0.051185
9 0.693286 0.447294 0.021100 0.025574