8 0.556075 0.278437 0.014255 0.054375
8 0.488320 0.283125 0.014766 0.056250
8 0.612246 0.298125 0.011602 0.052500
8 0.672890 0.306562 0.014766 0.050625
2 0.681961 0.450000 0.025312 0.015000
2 0.523863 0.475312 0.015820 0.028125
2 0.479039 0.455625 0.012656 0.015000
2 0.506461 0.454687 0.012656 0.013125
2 0.521226 0.455625 0.012656 0.015000
2 0.551812 0.458437 0.023203 0.020625
2 0.565523 0.463125 0.014766 0.022500
2 0.554449 0.489375 0.030586 0.056250
2 0.516480 0.487500 0.015820 0.052500
2 0.082793 0.445254 0.165586 0.367500
9 0.747773 0.406687 0.027422 0.035625
9 0.772558 0.392625 0.009492 0.015000
9 0.600117 0.425437 0.016875 0.024375
9 0.560039 0.445125 0.014766 0.015000
2 0.700945 0.478875 0.054844 0.048750
9 0.471129 0.377625 0.041133 0.045000
9 0.513844 0.380437 0.042187 0.046875
9 0.551812 0.387937 0.033750 0.054375
2 0.836986 0.575491 0.324207 0.455625
2 0.941082 0.348616 0.113906 0.046875
2 0.490324 0.496520 0.060117 0.074290
2 0.600038 0.495447 0.091811 0.135895
9 0.163475 0.384646 0.054692 0.044875
2 0.540198 0.476432 0.026519 0.047699