8 0.647767 0.273553 0.012989 0.049737
8 0.407465 0.284211 0.009992 0.042632
8 0.226613 0.358816 0.009992 0.021316
8 0.632280 0.277993 0.011990 0.047961
8 0.768168 0.405888 0.007993 0.015987
8 0.760174 0.404112 0.007993 0.019539
8 0.443435 0.397007 0.007993 0.012434
9 0.753680 0.354375 0.020983 0.015987
2 0.387981 0.483158 0.060950 0.081711
2 0.712713 0.529342 0.114905 0.184737
2 0.329029 0.523125 0.118902 0.158092
6 0.041766 0.480493 0.037969 0.097697
6 0.013289 0.521349 0.024979 0.101250
2 0.175156 0.552434 0.298754 0.373026
2 0.540355 0.604836 0.361702 0.609276
2 0.858593 0.547105 0.282767 0.703421