9 0.718027 0.193828 0.011865 0.025781
9 0.725938 0.162187 0.011865 0.014062
9 0.720664 0.132891 0.011865 0.030469
9 0.687705 0.169219 0.011865 0.018750
9 0.686387 0.187969 0.009229 0.028125
8 0.640903 0.199687 0.007910 0.023437
8 0.621128 0.196172 0.007910 0.021094
2 0.379869 0.254246 0.047461 0.049310
2 0.482041 0.234844 0.022412 0.028125
2 0.563780 0.230156 0.022412 0.032812
2 0.572349 0.189140 0.010547 0.021094
2 0.510386 0.241875 0.018457 0.037500
1 0.594102 0.220781 0.022412 0.046875
2 0.531321 0.247944 0.037231 0.054327
2 0.433921 0.266484 0.076465 0.091406
2 0.069964 0.332109 0.139927 0.175781
2 0.555210 0.190312 0.013184 0.018750