2 0.965060 0.543293 0.066287 0.150770
2 0.005849 0.499102 0.011698 0.027728
2 0.021933 0.497369 0.032169 0.027728
2 0.050203 0.499102 0.026320 0.031194
2 0.128187 0.497369 0.036068 0.024262
2 0.161331 0.494769 0.026320 0.029461
2 0.189600 0.499968 0.024370 0.025995
2 0.234441 0.500835 0.065312 0.031194
2 0.300728 0.496502 0.024370 0.019063
2 0.323636 0.495636 0.023395 0.020796
2 0.765224 0.478306 0.040942 0.020796
2 0.784720 0.505167 0.107229 0.074519
2 0.799342 0.501701 0.058488 0.057189
2 0.843696 0.516432 0.137448 0.093582
2 0.579036 0.624907 0.327535 0.452311
9 0.388948 0.408986 0.009748 0.062388
9 0.357170 0.204493 0.046791 0.076252
9 0.358144 0.267747 0.040942 0.064121
9 0.357657 0.318004 0.041917 0.050257