9 0.834212 0.406779 0.024012 0.037352
9 0.826708 0.443241 0.015007 0.024901
9 0.846718 0.452134 0.025012 0.035573
2 0.415505 0.610435 0.013006 0.017787
2 0.439017 0.613992 0.016008 0.017787
2 0.428011 0.637115 0.018009 0.028459
2 0.400998 0.638004 0.032016 0.051581
2 0.497046 0.613992 0.014007 0.017787
2 0.547070 0.623775 0.020010 0.026680
2 0.560577 0.625554 0.017008 0.033794
2 0.572583 0.635336 0.019009 0.039130
2 0.597095 0.633557 0.032016 0.053360
2 0.627110 0.628221 0.034017 0.039130
2 0.668130 0.629111 0.046023 0.048024
2 0.724658 0.665573 0.097048 0.103162
2 0.521558 0.636225 0.037018 0.058696
2 0.255926 0.631779 0.016008 0.017787
2 0.242920 0.637115 0.020010 0.024901
2 0.235917 0.647787 0.018009 0.021344
2 0.211905 0.647787 0.030015 0.035573
2 0.143871 0.651344 0.054027 0.042688
2 0.093346 0.670020 0.053026 0.044466
2 0.014807 0.677135 0.028014 0.062253
2 0.287942 0.657569 0.072036 0.080040
2 0.360978 0.664684 0.064032 0.087154
2 0.468531 0.676245 0.083041 0.120949
2 0.645119 0.701146 0.128063 0.128063
2 0.879735 0.695810 0.239118 0.209881
9 0.093094 0.517298 0.036068 0.043325
2 0.188138 0.655071 0.025345 0.048524