12 0.391297 0.259195 0.009560 0.019424
2 0.362616 0.327181 0.012292 0.016996
2 0.393346 0.311399 0.024584 0.024281
2 0.419872 0.319128 0.019121 0.029137
2 0.392663 0.351462 0.028681 0.041277
2 0.323008 0.324753 0.020487 0.026709
2 0.343495 0.352676 0.025950 0.038849
2 0.297058 0.366030 0.020487 0.046133
2 0.282034 0.369672 0.023218 0.043705
2 0.269742 0.373314 0.031413 0.046133
2 0.247890 0.380598 0.036876 0.055845
2 0.207599 0.390311 0.076484 0.075270
2 0.123603 0.400023 0.113360 0.128687
2 0.054631 0.425517 0.065558 0.140827
2 0.022535 0.543278 0.042339 0.381205
2 0.323008 0.370950 0.047802 0.060574
2 0.430905 0.359960 0.012292 0.038849
2 0.443880 0.351462 0.016389 0.080126
2 0.469830 0.361174 0.060094 0.089838
2 0.526510 0.387883 0.096971 0.104407
2 0.676784 0.462273 0.237448 0.233763