8 0.322942 0.311713 0.013389 0.054408
8 0.426232 0.386524 0.009564 0.040806
8 0.311465 0.313697 0.013389 0.052708
8 0.334897 0.316247 0.014346 0.047607
8 0.435318 0.387658 0.010520 0.040806
8 0.417625 0.385957 0.011477 0.037406
8 0.094364 0.443766 0.030605 0.044207
8 0.229694 0.488823 0.012433 0.022103
8 0.619742 0.449717 0.013389 0.025504
9 0.112786 0.328027 0.014346 0.028904
9 0.094136 0.349280 0.042081 0.020403
9 0.290197 0.514205 0.011477 0.020403
9 0.519663 0.430043 0.021997 0.015302
9 0.631082 0.421541 0.019128 0.066310
2 0.227553 0.546996 0.012433 0.034005
2 0.333713 0.555497 0.023910 0.027204
2 0.362404 0.554647 0.029648 0.028904
2 0.308368 0.556347 0.026779 0.028904
2 0.273460 0.551853 0.033474 0.044207
2 0.593760 0.583187 0.065991 0.159824
12 0.421744 0.500582 0.087400 0.149340
2 0.472139 0.621442 0.200842 0.321348
2 0.769258 0.593388 0.328999 0.377456
2 0.106000 0.679251 0.212000 0.297544