2 0.010800 0.520293 0.020791 0.045277
2 0.138142 0.506895 0.029107 0.018480
2 0.267823 0.525838 0.075366 0.058214
2 0.168288 0.579431 0.141376 0.135832
2 0.065635 0.530920 0.112789 0.083162
2 0.334300 0.517454 0.021310 0.024641
2 0.346515 0.520072 0.013514 0.021253
2 0.433229 0.501592 0.006757 0.010164
2 0.438426 0.504364 0.003638 0.010164
2 0.442844 0.506674 0.005198 0.009240
2 0.453240 0.505288 0.007277 0.012012
2 0.457398 0.513604 0.006237 0.012012
2 0.462855 0.516838 0.009876 0.016632
2 0.532244 0.537166 0.021830 0.055441
2 0.546797 0.542249 0.032225 0.061910
2 0.568367 0.548563 0.035864 0.068378
2 0.608389 0.555955 0.080563 0.101643
2 0.488324 0.528542 0.019231 0.029569
2 0.448562 0.525232 0.014553 0.025100
2 0.421534 0.503594 0.008316 0.009240
2 0.380733 0.515606 0.006757 0.014784
2 0.386190 0.512834 0.007277 0.012936
12 0.473510 0.518840 0.022870 0.041581
6 0.843977 0.559515 0.028067 0.106263
6 0.675314 0.545655 0.016113 0.063758
6 0.943614 0.584018 0.044841 0.138639