8 0.428900 0.401904 0.009807 0.037362
8 0.499653 0.393187 0.008406 0.024908
8 0.487044 0.445493 0.008406 0.019926
8 0.473033 0.451720 0.008406 0.022417
9 0.539584 0.436775 0.012610 0.022417
9 0.550092 0.410622 0.014011 0.009963
2 0.381264 0.475382 0.023818 0.034871
2 0.351841 0.472892 0.037829 0.039852
2 0.302804 0.475382 0.051839 0.044834
2 0.262874 0.482855 0.030823 0.044834
2 0.229949 0.476628 0.046235 0.062269
2 0.187217 0.486591 0.056042 0.062269
2 0.122768 0.487836 0.081262 0.069742
2 0.044571 0.499045 0.089143 0.092159
2 0.482841 0.472892 0.014011 0.019926
2 0.508760 0.479118 0.018214 0.027399
2 0.536081 0.495309 0.019615 0.049816
2 0.552894 0.484100 0.036428 0.077214
2 0.564102 0.500290 0.036428 0.074723
2 0.603332 0.515235 0.078459 0.114576
2 0.800882 0.602412 0.263400 0.278967
2 0.919271 0.664681 0.161122 0.508118
9 0.400879 0.389451 0.018214 0.027399