2 0.493155 0.582112 0.018521 0.032927
2 0.508752 0.584711 0.012673 0.031194
2 0.515576 0.589910 0.010723 0.031194
2 0.524349 0.590777 0.014622 0.036393
2 0.534585 0.593376 0.019496 0.045058
2 0.555056 0.609840 0.029244 0.060655
2 0.608076 0.601175 0.087733 0.133440
2 0.628166 0.641034 0.077985 0.140372
2 0.707126 0.672227 0.154020 0.199294
2 0.871461 0.758431 0.254425 0.466175
2 0.441588 0.594127 0.015597 0.032927
2 0.423554 0.594994 0.024370 0.045058
2 0.410394 0.604525 0.027295 0.043325
2 0.386024 0.607125 0.029244 0.055456
2 0.355317 0.626122 0.055564 0.064830
2 0.270509 0.650450 0.088708 0.145571
2 0.191062 0.679910 0.115027 0.228755
2 0.083459 0.677520 0.165005 0.348491