9 0.334311 0.466495 0.135696 0.078351
9 0.594974 0.493299 0.061469 0.037113
9 0.617590 0.468557 0.016237 0.020619
9 0.636147 0.494330 0.018557 0.026804
9 0.538434 0.494330 0.052191 0.059794
2 0.236018 0.563029 0.031314 0.018841
2 0.519878 0.586598 0.011598 0.028866
2 0.554671 0.587629 0.013918 0.026804
2 0.504220 0.592784 0.015077 0.049485
2 0.544813 0.580412 0.012758 0.024742
2 0.531186 0.595876 0.028995 0.043299
2 0.491448 0.592852 0.035344 0.087766
2 0.576231 0.600037 0.044859 0.085641
2 0.884116 0.603880 0.039559 0.043843
2 0.800880 0.611640 0.102726 0.109709
2 0.940303 0.580928 0.114820 0.125773
2 0.431414 0.602175 0.113020 0.166205
2 0.663942 0.646159 0.187386 0.233555
12 0.111926 0.606814 0.223852 0.364286
9 0.371262 0.546538 0.019802 0.056633
2 0.934296 0.668113 0.128284 0.258674