8 0.263337 0.181998 0.029917 0.101680
8 0.212742 0.179651 0.036077 0.100116
8 0.291495 0.343122 0.008799 0.026593
8 0.827809 0.094339 0.036077 0.108053
8 0.653144 0.198423 0.029917 0.087601
9 0.122550 0.401001 0.072154 0.120452
9 0.241339 0.382230 0.043996 0.067265
2 0.290615 0.425248 0.024638 0.037543
2 0.324492 0.420555 0.021998 0.034415
2 0.357929 0.430723 0.036077 0.042236
2 0.395179 0.428377 0.041941 0.081344
2 0.414245 0.437763 0.053675 0.084473
2 0.473200 0.450277 0.065994 0.090730
2 0.547993 0.459663 0.104711 0.109502
9 0.815050 0.235966 0.017598 0.021900
2 0.273897 0.386922 0.008799 0.010950
2 0.266417 0.395526 0.007919 0.015643
2 0.220221 0.399437 0.017598 0.023465
2 0.209222 0.411951 0.009679 0.017207
2 0.199103 0.413516 0.017598 0.026593
2 0.046316 0.463574 0.092632 0.129838
1 0.046756 0.387705 0.093512 0.137659
2 0.122550 0.475306 0.160146 0.159560
8 0.239463 0.160781 0.030322 0.154687
9 0.238145 0.053203 0.032959 0.053906