2 0.299565 0.276378 0.013155 0.036142
2 0.285214 0.279036 0.027505 0.046772
2 0.281627 0.288602 0.017938 0.040394
2 0.270266 0.292854 0.019134 0.061654
2 0.252328 0.290728 0.038268 0.082913
2 0.237379 0.300295 0.037072 0.097795
2 0.192234 0.301673 0.092677 0.150315
2 0.131545 0.333248 0.141112 0.197717
1 0.394636 0.151476 0.057402 0.042520
12 0.335441 0.142972 0.094473 0.055276
8 0.311523 0.217382 0.010763 0.012756
8 0.324080 0.219508 0.009567 0.017008
2 0.321688 0.235453 0.009567 0.010630
2 0.345007 0.235453 0.010763 0.010630
2 0.346203 0.247146 0.008371 0.017008
2 0.352183 0.255650 0.010763 0.021260
2 0.355770 0.265217 0.010763 0.014882
2 0.316307 0.256713 0.010763 0.019134
2 0.328863 0.255650 0.014350 0.021260
2 0.364739 0.277973 0.014350 0.036142
2 0.371317 0.279036 0.015546 0.046772
2 0.391646 0.288602 0.039464 0.057402
2 0.409584 0.303484 0.041855 0.070157
2 0.430512 0.318366 0.052618 0.087165
2 0.481934 0.333248 0.095669 0.112677
3 0.502264 0.377894 0.050226 0.082913
0 0.916831 0.371339 0.019134 0.131811
0 0.925202 0.373465 0.023917 0.123307
3 0.956295 0.364961 0.043051 0.148819
3 0.980810 0.369921 0.037072 0.148819
9 0.572023 0.145630 0.021526 0.027638
2 0.649014 0.426564 0.306142 0.380551
2 0.066883 0.392852 0.132741 0.316772