6 0.265079 0.533624 0.023389 0.099795
6 0.740541 0.525308 0.014813 0.080390
6 0.719101 0.524615 0.009356 0.073460
6 0.722999 0.525308 0.007796 0.074846
6 0.729237 0.526001 0.007796 0.081776
6 0.777575 0.526694 0.018711 0.088706
6 0.805642 0.526001 0.017152 0.101181
6 0.790049 0.521150 0.010915 0.083162
6 0.885945 0.572433 0.037423 0.033265
0 0.855539 0.556494 0.057694 0.065144
6 0.859827 0.524615 0.016373 0.128901
9 0.220388 0.387397 0.010915 0.059600
9 0.220388 0.442146 0.007796 0.041581
9 0.327589 0.472638 0.013254 0.008316
8 0.330318 0.486499 0.009356 0.016632
2 0.315505 0.569661 0.101354 0.158008
2 0.689734 0.535010 0.026508 0.027721
2 0.645685 0.543326 0.070948 0.091478
2 0.483518 0.665547 0.399958 0.662951
2 0.487027 0.443994 0.067050 0.024949
9 0.210374 0.352154 0.021050 0.042967