9 0.639639 0.445080 0.019802 0.038265
9 0.573344 0.451968 0.011193 0.024490
9 0.290085 0.454264 0.006027 0.016837
9 0.256687 0.447092 0.013776 0.022959
9 0.041445 0.425663 0.012054 0.026020
2 0.012915 0.456888 0.023246 0.026020
2 0.010762 0.486735 0.018941 0.036735
2 0.055963 0.481378 0.068017 0.047449
2 0.141630 0.484439 0.084375 0.041327
2 0.204480 0.481378 0.070600 0.035204
2 0.287564 0.482908 0.057685 0.038265
2 0.374091 0.476021 0.036161 0.039796
2 0.303492 0.464541 0.025829 0.019898
2 0.709009 0.456888 0.039605 0.032143
2 0.810173 0.456123 0.069739 0.048980
2 0.891104 0.461480 0.064573 0.053571
2 0.983227 0.477551 0.031856 0.058163
2 0.883355 0.447704 0.054241 0.044388
2 0.416279 0.466837 0.032717 0.024490
2 0.456170 0.464796 0.024968 0.018367
2 0.517717 0.507211 0.071460 0.104082
2 0.764972 0.479660 0.078348 0.097959
2 0.597513 0.468181 0.036161 0.032143
2 0.670265 0.456701 0.024968 0.024490
2 0.547577 0.463589 0.030995 0.019898
2 0.338792 0.466650 0.030134 0.019898