9 0.286053 0.472750 0.045881 0.033292
9 0.286053 0.497372 0.045881 0.019282
9 0.606469 0.453607 0.016664 0.041615
9 0.557733 0.452983 0.015262 0.030379
9 0.558061 0.476495 0.014045 0.019975
9 0.465831 0.496470 0.007491 0.016646
9 0.464427 0.478992 0.010300 0.011652
9 0.411055 0.464080 0.006554 0.014843
9 0.498603 0.494806 0.005618 0.013317
9 0.479408 0.498135 0.006554 0.013317
8 0.436805 0.468311 0.008427 0.016646
8 0.490176 0.490783 0.008427 0.018311
8 0.481281 0.489673 0.009363 0.016091
8 0.404501 0.464427 0.007491 0.016646
2 0.411055 0.513810 0.018727 0.029963
2 0.384369 0.517139 0.040263 0.056597
2 0.437858 0.532557 0.056181 0.074908