9 0.905629 0.306911 0.029824 0.063218
2 0.960116 0.673980 0.076855 0.369109
2 0.964131 0.473112 0.068826 0.208006
2 0.913659 0.469033 0.100944 0.138671
2 0.852863 0.438444 0.075708 0.118278
2 0.747373 0.416420 0.018353 0.040785
2 0.766874 0.414381 0.020648 0.053021
2 0.776624 0.418459 0.017206 0.053021
2 0.791537 0.418459 0.021795 0.069335
2 0.816468 0.425204 0.043051 0.078747
2 0.798999 0.426333 0.023199 0.064997
2 0.692313 0.414381 0.011471 0.024471
2 0.730167 0.415400 0.013765 0.030589
2 0.716402 0.422538 0.027530 0.036707
2 0.675336 0.419479 0.029824 0.063218
2 0.624864 0.427636 0.080296 0.116239
2 0.583569 0.412195 0.025236 0.037000
2 0.557759 0.437021 0.042442 0.077075
2 0.521052 0.449048 0.063090 0.089728
2 0.470580 0.464343 0.088326 0.116239
2 0.389137 0.488814 0.145681 0.177417
2 0.168321 0.546933 0.332657 0.350755