2 0.214812 0.412959 0.083514 0.058163
2 0.266470 0.416786 0.042188 0.041327
2 0.402073 0.416021 0.012054 0.012245
2 0.393033 0.416786 0.007749 0.010714
2 0.413265 0.416021 0.010332 0.012245
2 0.424028 0.418317 0.006027 0.013776
2 0.438664 0.419082 0.009471 0.009184
2 0.336209 0.415255 0.014636 0.016837
2 0.380118 0.415255 0.014636 0.013776
2 0.480852 0.419847 0.012915 0.013776
2 0.539828 0.413725 0.012054 0.013776
2 0.541550 0.425970 0.012054 0.022959
2 0.626356 0.403776 0.012915 0.012245
2 0.647019 0.405306 0.018080 0.018367
2 0.671556 0.408368 0.024107 0.021429
2 0.698246 0.416021 0.022385 0.021429
2 0.752488 0.434388 0.030995 0.033673
2 0.530357 0.415255 0.010332 0.016837
2 0.548868 0.431327 0.016358 0.024490
9 0.649171 0.350204 0.046492 0.055102
9 0.690498 0.232347 0.075765 0.113265
9 0.779178 0.236174 0.077487 0.111735
9 0.864844 0.238469 0.078348 0.110204
9 0.553604 0.369337 0.020663 0.029082
9 0.261735 0.336429 0.020663 0.027551
9 0.227296 0.331837 0.020663 0.027551
9 0.333626 0.363214 0.014636 0.019898
9 0.378396 0.358623 0.043909 0.038265
9 0.529927 0.367041 0.016358 0.033673