9 0.170591 0.287677 0.033143 0.017330
9 0.731034 0.262336 0.025201 0.014748
9 0.714115 0.235941 0.028405 0.014373
9 0.715996 0.141239 0.028269 0.053723
8 0.355805 0.147304 0.013647 0.062388
8 0.562464 0.389923 0.005849 0.013864
8 0.512749 0.388190 0.005849 0.020796
8 0.184239 0.380392 0.007798 0.025995
8 0.160356 0.377792 0.018521 0.027728
8 0.735980 0.360462 0.015597 0.024262
8 0.721804 0.363062 0.008855 0.029461
6 0.162793 0.484371 0.037043 0.140372
6 0.085296 0.494769 0.028269 0.140372
6 0.486917 0.467908 0.020471 0.107445
6 0.109666 0.483505 0.018521 0.107445
6 0.123313 0.485238 0.020471 0.110911
6 0.234441 0.487837 0.012673 0.098781
6 0.245652 0.488704 0.019496 0.097048
6 0.279282 0.481772 0.014622 0.086650
6 0.289031 0.475706 0.008773 0.071053
6 0.268560 0.484371 0.012673 0.077985
6 0.307552 0.480039 0.012673 0.083184
6 0.319250 0.473973 0.012673 0.081451
6 0.328998 0.470507 0.010723 0.074519
6 0.342645 0.464442 0.010723 0.048524
6 0.352393 0.452311 0.014622 0.031194
6 0.684315 0.443646 0.015597 0.062388
6 0.751577 0.454044 0.017547 0.069320
6 0.696013 0.464442 0.015597 0.062388
6 0.782771 0.442779 0.021446 0.091849
6 0.811040 0.443646 0.019496 0.090116
6 0.561489 0.460109 0.011698 0.057189
6 0.535657 0.454044 0.006824 0.027728
6 0.527371 0.455777 0.005849 0.031194
6 0.520547 0.454044 0.007798 0.027728
6 0.513236 0.453177 0.008773 0.025995
6 0.012673 0.507767 0.025345 0.173299
0 0.409907 0.490437 0.026320 0.051990
0 0.439638 0.486971 0.027295 0.062388
7 0.442563 0.458376 0.019496 0.077985
7 0.407957 0.463575 0.024370 0.084917
0 0.911933 0.460976 0.078959 0.069320
0 0.912420 0.466175 0.064337 0.055456
2 0.483412 0.467658 0.059080 0.082339
2 0.379200 0.481772 0.070186 0.083184
2 0.573674 0.451444 0.018521 0.036393
2 0.587809 0.455777 0.017547 0.038126
2 0.602919 0.454910 0.016572 0.053723
2 0.618028 0.454044 0.031194 0.069320
2 0.648735 0.463676 0.059463 0.085117
2 0.976757 0.445379 0.042892 0.107445