12 0.105452 0.319124 0.210081 0.377022
12 0.231067 0.391325 0.052227 0.083001
12 0.249267 0.375264 0.087837 0.097069
12 0.385573 0.371648 0.037192 0.073350
12 0.408126 0.373857 0.007913 0.046424
12 0.416830 0.361196 0.018992 0.063306
12 0.428700 0.359085 0.007913 0.047831
2 0.363930 0.401176 0.027063 0.033388
1 0.601237 0.362753 0.291999 0.444548
2 0.787239 0.467198 0.089420 0.183165
2 0.904751 0.543165 0.188335 0.327784
12 0.460924 0.358839 0.011873 0.025330
2 0.439552 0.367282 0.009499 0.008443