9 0.217019 0.217062 0.025261 0.057157
9 0.357488 0.288848 0.010717 0.008165
9 0.366291 0.294972 0.008420 0.006804
8 0.445903 0.279322 0.005358 0.021774
8 0.379688 0.275239 0.006124 0.021774
8 0.370884 0.326953 0.011482 0.016331
8 0.451644 0.278642 0.006124 0.023135
8 0.407246 0.332397 0.010717 0.013609
3 0.424469 0.399761 0.013013 0.036744
7 0.423321 0.363017 0.013779 0.039466
2 0.439779 0.360295 0.003827 0.014970
2 0.437100 0.374584 0.012248 0.019052
2 0.417580 0.352810 0.009951 0.010887
2 0.412221 0.365058 0.011482 0.027218
2 0.394232 0.382750 0.047461 0.073488
2 0.357105 0.399761 0.071191 0.104788
2 0.305434 0.426298 0.091860 0.125202
2 0.230032 0.461681 0.172237 0.187802
2 0.479585 0.346006 0.071191 0.040827
2 0.520539 0.349408 0.009186 0.012248
2 0.530108 0.350769 0.006889 0.012248
2 0.540060 0.349408 0.017606 0.028579
2 0.562642 0.354171 0.038275 0.051714
2 0.564556 0.380708 0.032916 0.066683
2 0.595558 0.380708 0.055116 0.077571
2 0.668663 0.394998 0.104873 0.163306
2 0.793722 0.421365 0.223325 0.259589
2 0.109084 0.572593 0.216636 0.355192
2 0.494618 0.462702 0.146976 0.209577
3 0.911508 0.479305 0.173003 0.261290
9 0.921484 0.089263 0.039212 0.042506