9 0.267554 0.368394 0.020981 0.046632
9 0.263617 0.405699 0.013115 0.023316
9 0.447032 0.385881 0.006694 0.020984
9 0.795967 0.265803 0.030165 0.018653
9 0.780884 0.300777 0.036723 0.023316
9 0.774982 0.326425 0.017050 0.023316
8 0.704815 0.396373 0.007869 0.023316
8 0.495102 0.422021 0.003935 0.018653
8 0.548219 0.426684 0.005246 0.018653
8 0.230173 0.057124 0.024919 0.090933
8 0.811180 0.382383 0.017050 0.032642
8 0.794131 0.383549 0.017050 0.030311
8 0.553465 0.423187 0.005246 0.025648
6 0.694323 0.519948 0.031477 0.125907
8 0.491036 0.461658 0.005246 0.018653
2 0.547825 0.494301 0.017050 0.013990
2 0.532743 0.491969 0.013115 0.013990
2 0.522251 0.494301 0.013115 0.018653
2 0.499955 0.494301 0.010492 0.013990
2 0.486373 0.498144 0.014805 0.017014
2 0.456025 0.498532 0.022308 0.036441
2 0.434378 0.500130 0.031477 0.053627
2 0.408350 0.507233 0.044960 0.063170
2 0.678847 0.517617 0.089184 0.102591
2 0.363818 0.527587 0.068199 0.082651
2 0.510709 0.495466 0.010492 0.016321
12 0.637534 0.462824 0.087872 0.142228
12 0.575105 0.476813 0.038034 0.062953
2 0.398913 0.515176 0.038122 0.063045