8 0.490816 0.318870 0.012673 0.034660
8 0.363116 0.279878 0.008773 0.039859
8 0.352393 0.278145 0.012673 0.046791
9 0.450361 0.368064 0.007798 0.018670
9 0.619490 0.327535 0.028269 0.024262
9 0.645183 0.256599 0.023676 0.031426
9 0.496177 0.356996 0.021446 0.013864
8 0.503488 0.372593 0.010723 0.020796
8 0.608386 0.354021 0.018267 0.025243
9 0.368965 0.379525 0.016572 0.017330
8 0.400159 0.366528 0.006824 0.015597
8 0.344107 0.374326 0.007798 0.017330
8 0.360191 0.374326 0.008773 0.017330
2 0.392848 0.384724 0.009748 0.017330
2 0.425504 0.411586 0.014622 0.019063
2 0.376784 0.415262 0.020512 0.033348
2 0.330947 0.395122 0.016572 0.027728
2 0.306533 0.414224 0.016572 0.022529