8 0.434319 0.401844 0.005463 0.021853
8 0.441148 0.400630 0.005463 0.024281
8 0.283400 0.398202 0.004097 0.019424
8 0.290229 0.398202 0.004097 0.019424
8 0.517632 0.447977 0.013658 0.021853
9 0.623480 0.396988 0.015024 0.016996
2 0.426807 0.486826 0.012292 0.021853
2 0.434319 0.492896 0.010926 0.019424
2 0.444563 0.490468 0.015024 0.029137
2 0.459535 0.498522 0.023116 0.027597
2 0.492365 0.497752 0.034145 0.053417
2 0.501925 0.505036 0.025950 0.048561
2 0.523778 0.507464 0.031413 0.053417
2 0.532656 0.514749 0.027316 0.063130
2 0.572946 0.506250 0.080581 0.118975
2 0.648747 0.515963 0.122921 0.143256
2 0.768253 0.543885 0.206233 0.189389
2 0.340626 0.495324 0.008195 0.019424
2 0.326529 0.502829 0.010835 0.022252
2 0.313577 0.506464 0.024051 0.031992
2 0.294873 0.501394 0.020487 0.031565
2 0.221940 0.523724 0.036876 0.042231
2 0.197356 0.526889 0.023218 0.053417
2 0.167831 0.529200 0.051580 0.069507
2 0.137261 0.536601 0.039608 0.072842
2 0.282034 0.509892 0.023218 0.033993
2 0.353380 0.501379 0.019837 0.026679
2 0.396726 0.493630 0.015092 0.020891
2 0.915621 0.567717 0.166626 0.321548
2 0.065558 0.593903 0.131115 0.315648
2 0.333162 0.501606 0.011462 0.019759