9 0.061960 0.383258 0.105451 0.222966
9 0.294078 0.464236 0.018095 0.029951
9 0.330269 0.461462 0.019343 0.031060
9 0.366147 0.458135 0.017471 0.031060
2 0.555523 0.561853 0.043054 0.080978
2 0.495310 0.536894 0.008736 0.013311
2 0.502797 0.539667 0.006240 0.009984
2 0.498429 0.550205 0.008736 0.013311
2 0.489070 0.557970 0.017471 0.028841
2 0.576521 0.595872 0.077182 0.117956
2 0.514465 0.561934 0.033071 0.046590
2 0.442241 0.592479 0.072069 0.115123
12 0.368144 0.549096 0.024335 0.039934
12 0.777158 0.616762 0.350673 0.330567