9 0.891104 0.184072 0.039605 0.030612
9 0.849992 0.163592 0.027121 0.041693
9 0.518304 0.395297 0.024107 0.009184
12 0.693942 0.450399 0.185969 0.318367
2 0.348693 0.453460 0.151531 0.217347
2 0.232892 0.457653 0.018080 0.016837
2 0.256999 0.457653 0.026690 0.022959
2 0.423597 0.466072 0.015497 0.018367
2 0.435651 0.463776 0.008610 0.019898
2 0.476977 0.466072 0.015497 0.021429
2 0.489461 0.464541 0.007749 0.018367
2 0.521317 0.466072 0.012915 0.018367
2 0.455305 0.461210 0.030699 0.048440
2 0.503667 0.465306 0.025829 0.044388
2 0.557478 0.473725 0.037022 0.052041
9 0.546716 0.429337 0.011193 0.015306
8 0.498502 0.391072 0.003444 0.015306