8 0.396248 0.405312 0.015024 0.016996
8 0.423564 0.401670 0.012292 0.019424
2 0.435173 0.419881 0.013658 0.026709
2 0.491170 0.440519 0.019121 0.058273
2 0.508242 0.436877 0.017755 0.070414
2 0.527363 0.446590 0.025950 0.075270
2 0.715841 0.462372 0.162528 0.199101
2 0.377127 0.422309 0.012292 0.021853
2 0.366201 0.432021 0.012292 0.021853
2 0.352543 0.438091 0.015024 0.029137
2 0.338202 0.444161 0.013658 0.021853
2 0.284254 0.458730 0.023218 0.031565
2 0.258304 0.472084 0.031413 0.043705
2 0.201624 0.480582 0.079215 0.080126
2 0.090312 0.498793 0.116092 0.126259
2 0.320447 0.455088 0.024584 0.029137
2 0.452928 0.424279 0.021853 0.032482
2 0.418100 0.429593 0.015024 0.021853
2 0.565605 0.451446 0.069655 0.080126
2 0.873784 0.485554 0.249938 0.396005
9 0.258304 0.391054 0.017755 0.007903
9 0.508925 0.370106 0.013658 0.009712