2 0.024538 0.463122 0.047353 0.104082
2 0.070599 0.458339 0.068878 0.082270
2 0.121397 0.456614 0.056824 0.054331
2 0.158849 0.450695 0.045631 0.057798
2 0.193718 0.445520 0.030995 0.044388
2 0.266470 0.433275 0.009471 0.019898
2 0.282829 0.437867 0.011193 0.019898
2 0.309088 0.440928 0.020663 0.029082
2 0.292299 0.410316 0.011193 0.007653
2 0.330182 0.427918 0.012915 0.012245
2 0.343527 0.421030 0.012054 0.016837
2 0.391311 0.451642 0.071460 0.108674
2 0.519939 0.474362 0.092812 0.113002
1 0.456314 0.421449 0.060268 0.097266
8 0.119880 0.271378 0.044361 0.092075
9 0.740864 0.213632 0.021524 0.048980
6 0.838530 0.406144 0.008581 0.030508
6 0.590553 0.435127 0.006864 0.027458
6 0.554086 0.430551 0.007722 0.012203
8 0.188630 0.261961 0.002943 0.006278