9 0.082630 0.498966 0.012292 0.021853
9 0.082630 0.526889 0.015024 0.024281
9 0.109946 0.532959 0.020487 0.012140
9 0.545301 0.539827 0.010541 0.019063
9 0.466278 0.551170 0.002732 0.019424
9 0.282307 0.552384 0.011746 0.012140
9 0.469010 0.551170 0.013658 0.024281
2 0.303887 0.594875 0.006829 0.019424
2 0.286815 0.600945 0.013658 0.016996
2 0.274522 0.603373 0.010926 0.021853
2 0.356469 0.597303 0.008195 0.019424
2 0.343495 0.591232 0.015024 0.036421
2 0.314130 0.602159 0.010926 0.019424
2 0.366030 0.597303 0.010926 0.014568
2 0.255402 0.602159 0.019121 0.043705
2 0.245158 0.608229 0.017755 0.041277
2 0.227403 0.611871 0.023218 0.038849
2 0.219891 0.621583 0.021853 0.038849
2 0.433636 0.605801 0.012292 0.026709
2 0.445245 0.609443 0.016389 0.029137
2 0.460269 0.605801 0.019121 0.041277
2 0.478024 0.604587 0.027316 0.043705
2 0.180889 0.629076 0.036722 0.051990
2 0.110628 0.643679 0.076484 0.099550
2 0.407620 0.613046 0.036113 0.040726
2 0.545211 0.623352 0.074673 0.102929
2 0.821448 0.771181 0.331435 0.315404
12 0.787330 0.555424 0.259299 0.261682
2 0.206562 0.627343 0.018521 0.041592
12 0.514702 0.589356 0.056143 0.086372
12 0.950248 0.609136 0.096851 0.557301
8 0.376353 0.556014 0.010438 0.016495