2 0.213623 0.567582 0.269757 0.395020
2 0.737934 0.606386 0.385925 0.521150
2 0.412043 0.544019 0.058473 0.101181
2 0.522752 0.546098 0.049118 0.069302
2 0.506867 0.539663 0.025728 0.054055
2 0.495952 0.535505 0.017932 0.056827
2 0.485427 0.536891 0.014034 0.042967
2 0.479579 0.536891 0.016373 0.029107
2 0.469834 0.534812 0.015593 0.024949
2 0.454241 0.533426 0.010915 0.016632
2 0.444495 0.530654 0.008576 0.016632
2 0.370429 0.542435 0.028847 0.048511
2 0.381734 0.523724 0.021830 0.027721
2 0.078062 0.567384 0.014813 0.042967
2 0.058571 0.552138 0.016373 0.031879
8 0.243737 0.383833 0.009356 0.026335
9 0.065588 0.284731 0.042881 0.022177
9 0.142383 0.408089 0.024949 0.013860
9 0.513494 0.366508 0.042101 0.019405
9 0.571188 0.446205 0.018711 0.012474
9 0.574306 0.419870 0.017152 0.012474
9 0.542731 0.480163 0.013254 0.013860
8 0.400835 0.480856 0.005458 0.012474
8 0.434360 0.482935 0.003898 0.013860
8 0.474902 0.354429 0.007017 0.036037
8 0.478800 0.356508 0.005458 0.034651
2 0.924757 0.496201 0.021050 0.088706
2 0.959841 0.690246 0.078744 0.324333