9 0.107211 0.029963 0.047754 0.026634
8 0.990184 0.045845 0.015918 0.084758
8 0.993929 0.139827 0.010300 0.043280
8 0.970521 0.142324 0.023409 0.041615
8 0.124066 0.128175 0.012172 0.039951
8 0.086612 0.124014 0.029027 0.041615
9 0.486899 0.181443 0.007491 0.013317
9 0.552911 0.183107 0.004682 0.013317
2 0.506094 0.253853 0.012172 0.034957
2 0.495326 0.244698 0.009363 0.016646
2 0.486899 0.249692 0.018727 0.026634
2 0.470981 0.251356 0.024345 0.046609
2 0.648418 0.240536 0.034645 0.048274
2 0.665273 0.263841 0.045881 0.078237
2 0.686808 0.262176 0.066480 0.071578
2 0.367515 0.270499 0.017791 0.081566
2 0.338488 0.273829 0.062735 0.101541
2 0.419950 0.282984 0.113298 0.146486
2 0.740180 0.307121 0.171351 0.218064
2 0.279499 0.281319 0.118916 0.149815
2 0.573979 0.339112 0.170415 0.283922
6 0.412460 0.287978 0.021536 0.136498
6 0.349256 0.297133 0.022472 0.134834
6 0.214918 0.316544 0.034387 0.163668
6 0.081462 0.302959 0.035581 0.186437
6 0.967712 0.320218 0.049626 0.181003
8 0.902168 0.159803 0.010300 0.019975