6 0.103970 0.560708 0.034145 0.216097
6 0.209818 0.561922 0.021853 0.169964
7 0.580629 0.581347 0.017755 0.072842
6 0.182503 0.571635 0.024584 0.184533
6 0.146310 0.571635 0.039608 0.203957
6 0.612725 0.571635 0.035510 0.160252
7 0.685971 0.589337 0.034499 0.119990
0 0.691257 0.614126 0.064192 0.080126
6 0.734962 0.593487 0.017755 0.067986
6 0.320447 0.560708 0.016389 0.055845
2 0.960999 0.850861 0.076484 0.291367
2 0.960999 0.588631 0.073752 0.155396
2 0.904319 0.592273 0.121555 0.104407
2 0.859249 0.591059 0.096971 0.087410
8 0.260352 0.493416 0.016389 0.026709
8 0.366884 0.364729 0.008195 0.050989
8 0.351860 0.359873 0.008195 0.050989
8 0.648235 0.427859 0.010926 0.041277
2 0.426978 0.623327 0.163894 0.207407
2 0.379859 0.558280 0.061460 0.094694
2 0.526680 0.570421 0.081947 0.157824
9 0.199575 0.291194 0.047802 0.123831
8 0.097824 0.387102 0.027316 0.043705
8 0.067094 0.379818 0.023218 0.048561
9 0.247378 0.378604 0.020487 0.046133
9 0.246012 0.434449 0.023218 0.016996
9 0.653015 0.389530 0.015024 0.014568
9 0.670087 0.362821 0.024584 0.009712
9 0.913197 0.367678 0.040974 0.024281
9 0.913197 0.401670 0.030047 0.029137
9 0.064363 0.306976 0.050534 0.029137
9 0.062314 0.241418 0.016389 0.033993
9 0.036364 0.220780 0.038242 0.016996
9 0.077337 0.282695 0.021853 0.024281
8 0.943244 0.449711 0.030047 0.036421
9 0.657795 0.486652 0.016389 0.043705
2 0.462488 0.527929 0.046437 0.033993
0 0.580822 0.596842 0.024979 0.063947
6 0.765670 0.589737 0.018984 0.060395