8 0.555361 0.106025 0.019502 0.062841
8 0.476133 0.383392 0.012189 0.028170
8 0.346320 0.377975 0.010970 0.034671
8 0.339006 0.415703 0.010970 0.019889
8 0.493197 0.431065 0.007313 0.019502
8 0.829613 0.370391 0.012189 0.036838
8 0.802188 0.373641 0.010970 0.030337
9 0.815596 0.272879 0.040224 0.028170
9 0.818643 0.165616 0.043880 0.065008
6 0.954551 0.511938 0.054038 0.166854
2 0.704270 0.509410 0.113764 0.111236
2 0.496557 0.461324 0.015757 0.030935
2 0.538412 0.471445 0.017517 0.046616
2 0.551400 0.467696 0.021331 0.042978
2 0.566331 0.474017 0.031285 0.050562
2 0.584834 0.479461 0.028409 0.066507
2 0.638310 0.482778 0.094946 0.097793
2 0.298630 0.446208 0.025597 0.058146
2 0.272323 0.441151 0.055460 0.078371
2 0.319250 0.438623 0.032707 0.063202
2 0.345558 0.447472 0.025597 0.040449
2 0.364756 0.441573 0.018487 0.025281
2 0.217574 0.442512 0.079635 0.094188
6 0.450790 0.452107 0.008532 0.027809
2 0.391064 0.439466 0.014220 0.022753
12 0.413105 0.439887 0.012798 0.035393
2 0.430881 0.447893 0.011376 0.017697
2 0.525164 0.467311 0.023575 0.048897
2 0.510008 0.464816 0.016839 0.041911