2 0.474161 0.389055 0.015546 0.021260
2 0.484326 0.392244 0.011959 0.027638
2 0.504522 0.399685 0.026576 0.038268
2 0.582559 0.411405 0.052164 0.091472
2 0.596937 0.423208 0.052220 0.090916
2 0.633025 0.424488 0.076561 0.108843
2 0.715478 0.423848 0.137825 0.176710
2 0.864226 0.443055 0.271547 0.291956
2 0.432505 0.393307 0.023917 0.029764
2 0.296774 0.408189 0.022721 0.029764
2 0.281228 0.413504 0.022721 0.040394
2 0.260898 0.420945 0.020330 0.038268
2 0.240568 0.432638 0.027505 0.048898
2 0.220837 0.435827 0.028701 0.059528
2 0.199909 0.444331 0.029897 0.055276
2 0.164033 0.436890 0.056206 0.087165
9 0.364056 0.350787 0.016742 0.008504
9 0.365252 0.364606 0.014350 0.027638
9 0.520116 0.356102 0.013155 0.027638
8 0.508756 0.215332 0.009567 0.025512
8 0.590673 0.296119 0.010763 0.017008
8 0.457931 0.338639 0.010763 0.017008
8 0.603827 0.343954 0.015546 0.019134
2 0.319809 0.396041 0.031093 0.034016