2 0.076253 0.644460 0.026294 0.026177
2 0.394062 0.626697 0.012621 0.031787
2 0.433328 0.622957 0.014725 0.028047
2 0.579523 0.628567 0.035760 0.043006
2 0.701528 0.626697 0.035760 0.065443
2 0.828792 0.661725 0.170386 0.129017
2 0.944486 0.623394 0.058899 0.048615
2 0.936598 0.664529 0.043122 0.056094
2 0.275037 0.630873 0.011569 0.026177
2 0.334462 0.622459 0.008414 0.013089
2 0.307642 0.625263 0.009466 0.014958
2 0.267149 0.632743 0.016828 0.022438
2 0.233492 0.630873 0.027346 0.041136
2 0.103599 0.646766 0.032605 0.031787
2 0.407034 0.629938 0.031553 0.043006
2 0.510633 0.653311 0.080986 0.097230
2 0.651043 0.639287 0.090452 0.099100
2 0.035935 0.673754 0.070468 0.086011
2 0.969904 0.679363 0.057847 0.127147
1 0.222449 0.620776 0.080986 0.039266
2 0.366541 0.622646 0.011569 0.018698