2 0.209918 0.551624 0.011471 0.032628
2 0.194432 0.552643 0.019501 0.050982
2 0.189270 0.560801 0.016059 0.050982
2 0.105732 0.585268 0.078401 0.144780
2 0.314877 0.542447 0.012618 0.030589
2 0.336672 0.544486 0.042442 0.046903
2 0.336098 0.561820 0.039001 0.061178
2 0.348142 0.579154 0.049325 0.067296
2 0.471455 0.575075 0.064237 0.104003
12 0.138225 0.505740 0.097503 0.222281
2 0.054730 0.613712 0.109459 0.307711
2 0.722094 0.654845 0.451954 0.548565
2 0.258096 0.613822 0.142239 0.205967
2 0.404924 0.582213 0.089473 0.130514
9 0.411233 0.474131 0.024089 0.012236
9 0.411806 0.494524 0.020648 0.024471
9 0.741021 0.274282 0.050472 0.040785
9 0.743316 0.344637 0.029824 0.091767
9 0.544295 0.435385 0.019501 0.020393
9 0.550604 0.448640 0.027530 0.014275
9 0.536839 0.465974 0.025236 0.020393
8 0.449087 0.280400 0.014912 0.077492
8 0.476617 0.282440 0.010324 0.065257
8 0.464572 0.274282 0.016059 0.077492
8 0.536839 0.385423 0.013765 0.038746
8 0.543148 0.508799 0.014912 0.032628
8 0.526515 0.506760 0.011471 0.028550
6 0.554045 0.563859 0.016059 0.053021
6 0.531104 0.567938 0.013765 0.061178
6 0.522500 0.562840 0.014912 0.063218
6 0.489808 0.588331 0.020648 0.114199
6 0.481205 0.587311 0.017206 0.091767