8 0.473391 0.188062 0.013198 0.061364
8 0.274918 0.182647 0.014213 0.061364
8 0.260705 0.179940 0.016243 0.063168
9 0.504326 0.176210 0.024424 0.030923
9 0.557654 0.178135 0.074110 0.037901
9 0.233295 0.178135 0.030456 0.041511
9 0.171875 0.190769 0.074110 0.034291
9 0.087612 0.166404 0.023350 0.036096
9 0.071369 0.246718 0.029441 0.019853
8 0.083552 0.312594 0.017259 0.032487
8 0.098780 0.310789 0.009137 0.036096
8 0.626180 0.312594 0.012182 0.025267
8 0.665266 0.294546 0.013198 0.025267
2 0.538872 0.386591 0.028426 0.057754
2 0.418062 0.390201 0.030456 0.050535
2 0.447504 0.392908 0.022335 0.045120
2 0.304359 0.410956 0.016243 0.027072
2 0.290654 0.414566 0.013198 0.027072
2 0.274918 0.408249 0.020304 0.028877
2 0.242939 0.402834 0.051776 0.057754
7 0.119591 0.404639 0.026395 0.093850
0 0.122637 0.433516 0.032487 0.068583
2 0.505019 0.411276 0.074422 0.139610
2 0.365272 0.443443 0.117764 0.175067
9 0.790136 0.179038 0.037563 0.054144
8 0.612541 0.312250 0.008802 0.021338