8 0.214710 0.368530 0.012433 0.013602
8 0.400888 0.372922 0.008608 0.020403
2 0.190472 0.584685 0.239326 0.308108
2 0.862500 0.621622 0.273649 0.187387
2 0.694585 0.559809 0.163532 0.156057
2 0.584848 0.553153 0.087060 0.093694
2 0.536357 0.529730 0.068502 0.086486
2 0.499992 0.527516 0.037854 0.062085
2 0.480405 0.514414 0.042568 0.066667
2 0.314175 0.510076 0.044950 0.091814
2 0.111814 0.475341 0.033805 0.054724
2 0.377551 0.510006 0.043546 0.061069
8 0.391816 0.369241 0.009492 0.031875
9 0.159785 0.353973 0.045352 0.054375
6 0.083108 0.469369 0.010135 0.052252
6 0.811318 0.511712 0.021284 0.043243