9 0.321535 0.321513 0.027977 0.046184
9 0.547349 0.345493 0.015987 0.030197
9 0.588815 0.347270 0.028976 0.058618
9 0.625285 0.366809 0.015987 0.023092
9 0.909551 0.350822 0.020983 0.030197
9 0.908552 0.314408 0.020983 0.035526
9 0.597308 0.187401 0.025979 0.037303
9 0.548349 0.380132 0.015987 0.028421
9 0.176655 0.359704 0.023980 0.037303
9 0.468414 0.392566 0.015987 0.039079
9 0.477407 0.288651 0.007993 0.026645
8 0.484401 0.343717 0.015987 0.058618
2 0.068344 0.500592 0.136687 0.089473
3 0.368497 0.506250 0.073939 0.074605
7 0.366998 0.479605 0.032973 0.103026
2 0.859393 0.517535 0.174457 0.146912
2 0.637815 0.560995 0.402748 0.294227