8 0.487473 0.316016 0.007796 0.023563
8 0.464474 0.347202 0.007017 0.011088
8 0.356883 0.316709 0.005458 0.024949
8 0.314782 0.356904 0.005458 0.011088
8 0.267223 0.361062 0.007017 0.008316
8 0.273071 0.368686 0.007796 0.012474
8 0.349866 0.316016 0.007017 0.029107
8 0.280421 0.379774 0.009356 0.016632
8 0.470828 0.379774 0.005458 0.011088
8 0.572961 0.371458 0.005458 0.013860
9 0.565165 0.300770 0.014813 0.030493
9 0.564775 0.352053 0.012474 0.011088
9 0.468489 0.357597 0.011695 0.008316
9 0.463421 0.372151 0.009356 0.018018
9 0.363237 0.343044 0.011695 0.012474
6 0.587931 0.399178 0.016373 0.077618
6 0.578575 0.405416 0.013254 0.076232
6 0.472153 0.401258 0.010915 0.034651
6 0.459679 0.403337 0.010915 0.044353
6 0.373612 0.395965 0.007185 0.024066
6 0.501000 0.397099 0.009356 0.045739
2 0.228241 0.392941 0.011695 0.019405
2 0.237207 0.389476 0.009356 0.015246
2 0.244614 0.388783 0.008576 0.013860
2 0.255919 0.395020 0.012474 0.018018
2 0.320629 0.401951 0.018711 0.023563
2 0.623220 0.418374 0.078142 0.106307