8 0.483658 0.441733 0.012292 0.016996
8 0.394882 0.436877 0.012292 0.016996
8 0.463171 0.452660 0.009560 0.019424
8 0.491170 0.463586 0.010926 0.016996
2 0.464366 0.478935 0.010926 0.014568
2 0.454806 0.481363 0.013658 0.024281
2 0.443880 0.482577 0.016389 0.021853
2 0.430222 0.482577 0.016389 0.026709
2 0.378954 0.477190 0.028579 0.040215
2 0.350323 0.487433 0.039608 0.060701
2 0.213062 0.506857 0.081947 0.118975
2 0.036993 0.537144 0.073986 0.140955
2 0.473927 0.478935 0.010926 0.019424
2 0.481439 0.476507 0.012292 0.019424
2 0.489633 0.476507 0.012292 0.019424
2 0.499194 0.478935 0.012292 0.019424
2 0.510523 0.480069 0.016800 0.019911
2 0.534827 0.481728 0.015480 0.023230
2 0.408953 0.485586 0.031419 0.041441
2 0.284424 0.496538 0.098336 0.133543
9 0.536411 0.449191 0.009560 0.021853
9 0.564410 0.387275 0.016389 0.033993
9 0.496804 0.439479 0.015024 0.016996
9 0.513193 0.455261 0.012292 0.014568
2 0.521411 0.480069 0.012444 0.019911