2 0.460356 0.568106 0.013199 0.020336
2 0.437918 0.565759 0.017598 0.021900
2 0.423840 0.552462 0.014079 0.079780
2 0.377204 0.522740 0.082713 0.161124
2 0.371453 0.578378 0.055743 0.093694
2 0.334087 0.604085 0.091512 0.126709
2 0.052934 0.600901 0.102916 0.210811
2 0.155023 0.633333 0.277176 0.315315
2 0.491799 0.558124 0.028158 0.051622
2 0.511158 0.571420 0.031677 0.046929
2 0.523477 0.574549 0.026398 0.046929
2 0.538435 0.583935 0.028158 0.062572
2 0.566044 0.595481 0.051697 0.091921
2 0.608829 0.616003 0.084473 0.126709
2 0.678343 0.644943 0.144308 0.165817
2 0.857639 0.690090 0.282170 0.432432