9 0.191757 0.042715 0.017446 0.027751
9 0.120135 0.380351 0.019283 0.032648
8 0.192434 0.100626 0.025710 0.083253
8 0.478948 0.321258 0.007346 0.026119
8 0.460583 0.331052 0.005509 0.019589
9 0.548768 0.324359 0.008264 0.021221
9 0.551063 0.352110 0.012855 0.027751
9 0.550604 0.371699 0.010101 0.014692
2 0.326889 0.401572 0.023874 0.024486
2 0.297965 0.389329 0.011937 0.016324
2 0.282814 0.392594 0.018365 0.013059
2 0.254808 0.388513 0.028465 0.017956
2 0.223130 0.395042 0.022037 0.014692
2 0.189155 0.403204 0.027547 0.017956
2 0.161149 0.397491 0.021119 0.013059
2 0.051759 0.518616 0.103519 0.243229
8 0.721057 0.077584 0.040402 0.150181