8 0.696757 0.240236 0.017938 0.051024
8 0.711541 0.239173 0.011959 0.048898
8 0.558470 0.373110 0.009567 0.023386
8 0.483130 0.379488 0.009567 0.014882
8 0.498676 0.400748 0.007175 0.019134
8 0.547109 0.398622 0.005979 0.019134
8 0.068164 0.022323 0.021526 0.044646
8 0.090886 0.026575 0.023917 0.053150
9 0.397626 0.347599 0.010763 0.023386
9 0.330059 0.375236 0.016742 0.010630
9 0.431110 0.395433 0.010763 0.008504
2 0.591954 0.444331 0.040659 0.055276
2 0.508243 0.435827 0.011959 0.025512
2 0.495687 0.432638 0.013155 0.031890
2 0.414966 0.441142 0.028701 0.036142
2 0.435295 0.444331 0.016742 0.025512
2 0.308534 0.465591 0.016742 0.059528
2 0.284018 0.464528 0.041855 0.087165
2 0.246348 0.479410 0.057402 0.074409
2 0.174597 0.490040 0.107628 0.099921
2 0.069360 0.531496 0.138721 0.153071
2 0.486718 0.443268 0.014350 0.040394
2 0.459811 0.454961 0.051422 0.068032
2 0.368925 0.466654 0.111216 0.172205
2 0.536346 0.443268 0.049031 0.070157
2 0.701970 0.453395 0.191331 0.286003
8 0.897412 0.218521 0.009567 0.036142
8 0.894075 0.340158 0.025113 0.029764