8 0.046999 0.409123 0.013196 0.049052
8 0.495665 0.247038 0.017995 0.078910
8 0.463275 0.469905 0.008398 0.034123
8 0.818969 0.290758 0.016795 0.076777
8 0.033203 0.404858 0.014396 0.044787
8 0.570043 0.568009 0.010797 0.017062
8 0.850160 0.288625 0.023993 0.081043
9 0.522057 0.562677 0.020394 0.036256
9 0.559246 0.542417 0.020394 0.017062
9 0.805773 0.241706 0.019194 0.029858
9 0.827967 0.355805 0.032390 0.036256
8 0.853759 0.490166 0.031191 0.049052
8 0.625227 0.433649 0.008398 0.046919
8 0.651019 0.547748 0.033590 0.036256
9 0.639023 0.511493 0.014396 0.023460
9 0.643221 0.482701 0.025193 0.012796
2 0.364304 0.600000 0.019194 0.021327
2 0.336113 0.608530 0.015595 0.021327
2 0.321117 0.612796 0.019194 0.021327
2 0.305522 0.614928 0.014396 0.034123
2 0.288127 0.622393 0.022793 0.044787
2 0.268333 0.631990 0.045586 0.068246
2 0.228745 0.637322 0.050385 0.095972
2 0.200149 0.648483 0.069972 0.101232
2 0.123920 0.659459 0.119053 0.151351
2 0.036995 0.671445 0.073991 0.240995
2 0.400893 0.604265 0.013196 0.017062
2 0.410491 0.606398 0.010797 0.017062
2 0.418288 0.608530 0.011996 0.021327
2 0.427885 0.610663 0.011996 0.025592
2 0.444426 0.618919 0.025338 0.037838
2 0.486608 0.637396 0.038270 0.053170
2 0.608432 0.611729 0.077977 0.049052
2 0.695406 0.620260 0.088774 0.066114
9 0.737993 0.489099 0.017995 0.038389
2 0.464868 0.615270 0.014587 0.028983
2 0.968115 0.571795 0.060064 0.064068