9 0.576467 0.468028 0.014041 0.029122
9 0.575297 0.511711 0.009361 0.033282
9 0.571786 0.388983 0.011701 0.029122
9 0.577637 0.413945 0.014041 0.020801
2 0.589923 0.534592 0.047973 0.049923
2 0.720970 0.514831 0.104136 0.089445
2 0.442494 0.527312 0.008190 0.018721
2 0.435473 0.529392 0.008190 0.022881
2 0.427283 0.535632 0.008190 0.018721
2 0.412657 0.539792 0.011701 0.022881
2 0.356494 0.564754 0.053823 0.106086
2 0.295650 0.562674 0.091265 0.172650
2 0.471160 0.537712 0.011701 0.022881
2 0.451269 0.535632 0.018721 0.027042
2 0.454779 0.541872 0.021061 0.031202
2 0.494562 0.540832 0.049143 0.041602
2 0.399201 0.541872 0.019891 0.027042
2 0.032474 0.549054 0.064948 0.120449
2 0.147636 0.618837 0.289007 0.309939
6 0.601038 0.537712 0.018721 0.085285