9 0.042267 0.118444 0.018626 0.012736
9 0.044416 0.147736 0.025790 0.045849
9 0.230678 0.080236 0.157606 0.155377
9 0.608933 0.350236 0.014328 0.012736
9 0.750779 0.244529 0.042984 0.050943
9 0.747913 0.291651 0.031521 0.017830
8 0.531133 0.182123 0.007164 0.048396
8 0.607644 0.320944 0.004298 0.030566
8 0.222082 0.122264 0.014328 0.091698
8 0.251454 0.143915 0.012895 0.053491
8 0.522680 0.183396 0.008597 0.050943
8 0.542739 0.187217 0.008597 0.053491
8 0.612659 0.388444 0.008597 0.022925
8 0.771698 0.347689 0.017193 0.038208
2 0.512937 0.416463 0.011462 0.017830
2 0.504340 0.413915 0.014328 0.017830
2 0.495027 0.416463 0.012895 0.017830
2 0.486430 0.417736 0.012895 0.020377
2 0.474968 0.419010 0.012895 0.022925
2 0.440581 0.419010 0.012895 0.022925
2 0.429119 0.419010 0.015761 0.022925
2 0.413358 0.415189 0.018626 0.020377
2 0.393299 0.431746 0.021492 0.038208
2 0.366076 0.415189 0.030088 0.020377
2 0.341003 0.429198 0.028656 0.033113
2 0.328108 0.449576 0.020059 0.068774
2 0.528122 0.418864 0.009747 0.018123
2 0.534915 0.424697 0.016221 0.029205
2 0.548615 0.424564 0.027488 0.040007
2 0.773835 0.451081 0.066219 0.056501
2 0.717395 0.445755 0.064475 0.056038
2 0.554952 0.437386 0.017185 0.035432
2 0.363132 0.464040 0.064276 0.080929
2 0.416100 0.445814 0.041264 0.052287
2 0.449616 0.430625 0.025194 0.036312
2 0.460731 0.420864 0.019555 0.036872
2 0.570105 0.445755 0.030088 0.040755
2 0.588982 0.427711 0.021420 0.033711
2 0.488203 0.629873 0.308729 0.336651
1 0.160642 0.415315 0.321284 0.538739
7 0.718685 0.450849 0.014328 0.056038
0 0.720834 0.464859 0.024357 0.033113
1 0.457472 0.399794 0.024888 0.026337