9 0.610202 0.303827 0.024107 0.032143
9 0.525396 0.291582 0.019802 0.016837
9 0.483209 0.304592 0.011193 0.027551
9 0.285185 0.293878 0.011193 0.030612
9 0.563279 0.276276 0.033578 0.019898
8 0.318763 0.307653 0.004305 0.015306
8 0.383767 0.290816 0.008610 0.012245
8 0.371282 0.294643 0.006027 0.013776
8 0.359659 0.309184 0.008610 0.015306
2 0.447250 0.355731 0.021454 0.031870
2 0.390199 0.324490 0.016653 0.015306
2 0.303094 0.315306 0.019802 0.027551
2 0.234216 0.306888 0.016358 0.022959
2 0.218202 0.346684 0.014636 0.019898
2 0.336327 0.314541 0.019802 0.013776
8 0.696955 0.199697 0.037022 0.030612
2 0.365954 0.365153 0.024636 0.036255
2 0.341820 0.358163 0.024107 0.030612
2 0.524171 0.332731 0.029803 0.025432
2 0.209454 0.303061 0.017882 0.025432