6 0.072369 0.450691 0.014636 0.064286
2 0.172468 0.477364 0.061129 0.084184
2 0.279228 0.472772 0.037022 0.053571
2 0.293667 0.463627 0.020253 0.041402
2 0.316831 0.462465 0.020965 0.039079
2 0.676840 0.518167 0.274023 0.401504
2 0.441148 0.630617 0.327839 0.439668
2 0.866005 0.685528 0.266639 0.509694
8 0.286334 0.343185 0.005166 0.026020
8 0.443891 0.385277 0.005166 0.021429
8 0.281168 0.340889 0.005166 0.024490
8 0.293652 0.342420 0.004305 0.027551
8 0.438295 0.385277 0.004305 0.024490
8 0.195612 0.413877 0.018597 0.022041
2 0.227847 0.487812 0.074801 0.090594
8 0.245721 0.420306 0.013431 0.016531
2 0.168230 0.446580 0.042466 0.031359