8 0.550278 0.393368 0.005166 0.021429
8 0.545543 0.394898 0.004305 0.024490
8 0.605380 0.448470 0.010332 0.021429
9 0.677702 0.379592 0.018941 0.036735
9 0.680112 0.410970 0.008610 0.016837
12 0.466502 0.452296 0.012915 0.022959
12 0.450574 0.462245 0.017219 0.036735
2 0.432781 0.454337 0.018941 0.019898
2 0.483148 0.466582 0.007749 0.016837
2 0.476260 0.467347 0.007749 0.021429
2 0.472385 0.469643 0.006888 0.016837
2 0.469372 0.475766 0.009471 0.022959
2 0.433642 0.471174 0.025829 0.032143
2 0.461623 0.479592 0.016358 0.024490
12 0.541120 0.463338 0.011193 0.064286
12 0.515531 0.454686 0.043428 0.084651
2 0.559487 0.482653 0.028412 0.042857
2 0.514416 0.491121 0.044585 0.059195
2 0.676471 0.504225 0.077977 0.080622
2 0.786639 0.517298 0.132589 0.124391
2 0.303635 0.497194 0.060268 0.062755
2 0.212803 0.506633 0.081792 0.088776
2 0.115944 0.515817 0.122258 0.122449
2 0.030421 0.524745 0.060842 0.133163