2 0.377978 0.552874 0.010058 0.025033
2 0.360400 0.556720 0.027173 0.050524
2 0.319534 0.563927 0.044040 0.075749
2 0.278907 0.564497 0.023133 0.033974
2 0.249384 0.583631 0.054610 0.054361
2 0.116974 0.610658 0.121701 0.108415
2 0.040534 0.687874 0.079458 0.270000
2 0.432205 0.564058 0.094374 0.143957
2 0.609898 0.523371 0.051465 0.030397
2 0.670664 0.511748 0.066382 0.050066
12 0.705577 0.499702 0.052881 0.056279
2 0.771746 0.514430 0.093539 0.051854
1 0.906020 0.479563 0.185066 0.128742
9 0.483586 0.518901 0.024139 0.017881