6 0.812502 0.559756 0.063363 0.232221
2 0.290005 0.580552 0.012673 0.013864
2 0.283669 0.565822 0.009748 0.012131
2 0.275383 0.580552 0.012673 0.017330
2 0.270509 0.591817 0.012673 0.022529
2 0.268560 0.600482 0.008773 0.025995
2 0.255887 0.600482 0.020471 0.025995
2 0.253450 0.607414 0.015597 0.029461
2 0.239803 0.607414 0.023395 0.036393
2 0.227618 0.607414 0.016572 0.039859
2 0.208121 0.610880 0.038018 0.043325
2 0.161331 0.607414 0.061413 0.064121
2 0.287568 0.599615 0.017547 0.020796
2 0.311939 0.593550 0.013647 0.019063
2 0.306090 0.582285 0.011698 0.017330
2 0.323149 0.579686 0.010723 0.015597
2 0.332897 0.585751 0.006824 0.020796
2 0.338258 0.587484 0.007798 0.024262
2 0.345082 0.590950 0.007798 0.027728
2 0.351906 0.591817 0.007798 0.032927
2 0.359704 0.590950 0.011698 0.034660
2 0.369940 0.588351 0.012673 0.036393
2 0.388461 0.576220 0.028269 0.057189
2 0.401621 0.577086 0.023395 0.058922
2 0.419655 0.574487 0.022421 0.084917
2 0.439638 0.568421 0.038992 0.107445
2 0.500564 0.564955 0.151095 0.173299
2 0.598532 0.593550 0.183264 0.209692
9 0.475544 0.472818 0.014622 0.022529