9 0.931760 0.148650 0.017880 0.050485
9 0.930708 0.199134 0.019984 0.035526
9 0.935967 0.316932 0.024191 0.031787
9 0.934389 0.359003 0.021035 0.044875
9 0.933338 0.405748 0.021035 0.048615
9 0.929130 0.258033 0.035760 0.018698
9 0.929656 0.287015 0.030501 0.013089
8 0.153558 0.229051 0.010518 0.054224
8 0.140411 0.226247 0.011569 0.056094
8 0.589515 0.193525 0.013673 0.061704
8 0.601610 0.334695 0.010518 0.041136
8 0.180799 0.432860 0.003155 0.020568
9 0.805338 0.431925 0.009466 0.052355
2 0.265045 0.472126 0.004207 0.016828
2 0.269778 0.474931 0.007362 0.018698
2 0.280822 0.479605 0.021035 0.039266
2 0.317108 0.474931 0.013673 0.022438
2 0.298176 0.488955 0.032605 0.043006
2 0.394412 0.484280 0.023139 0.041136
2 0.425440 0.503913 0.055744 0.065443
2 0.711520 0.510457 0.120953 0.160803
2 0.668923 0.529155 0.149351 0.149585
2 0.819747 0.529155 0.073624 0.074792
2 0.918087 0.512327 0.160920 0.134626
6 0.982771 0.499238 0.029449 0.067313
2 0.962629 0.615634 0.073624 0.183241
9 0.495119 0.404346 0.009466 0.011219
2 0.347609 0.508774 0.080986 0.102839
2 0.524306 0.524668 0.177749 0.228116
2 0.235070 0.471378 0.045226 0.087881
6 0.176171 0.485215 0.013673 0.072922
6 0.161446 0.492694 0.015776 0.076662
2 0.180378 0.488955 0.038915 0.065443
2 0.138833 0.476801 0.023139 0.033657
2 0.046804 0.508587 0.057847 0.086011
6 0.017880 0.506718 0.025242 0.097230
8 0.270725 0.405748 0.004207 0.014958
9 0.382843 0.373026 0.025242 0.013089
9 0.382317 0.392659 0.028398 0.018698