12 0.064165 0.692660 0.128330 0.311976
2 0.806938 0.622463 0.386123 0.369251
2 0.100248 0.606356 0.067864 0.101926
2 0.566521 0.603236 0.157959 0.166410
2 0.504507 0.580355 0.108817 0.104006
2 0.491637 0.543953 0.052653 0.031202
2 0.226616 0.569954 0.018721 0.024961
2 0.257623 0.561634 0.015211 0.024961
12 0.233636 0.546033 0.018721 0.039522
2 0.251772 0.540832 0.012871 0.024961
8 0.191514 0.408745 0.004680 0.027042
8 0.106099 0.423305 0.007020 0.022881
8 0.303840 0.523151 0.007020 0.018721
9 0.227786 0.507550 0.009361 0.020801
9 0.297990 0.477389 0.016381 0.018721
9 0.269323 0.532512 0.022231 0.041602
8 0.308521 0.488829 0.014041 0.020801
8 0.023024 0.424345 0.011701 0.033282
8 0.194439 0.443067 0.008190 0.029122
8 0.244752 0.439946 0.008190 0.035362
8 0.209065 0.436826 0.007020 0.037442
8 0.237731 0.454507 0.005850 0.022881
8 0.022439 0.459708 0.008190 0.037442
8 0.009568 0.456587 0.010531 0.035362
8 0.142371 0.539792 0.009361 0.014561