8 0.256967 0.182908 0.025236 0.063897
8 0.572035 0.250204 0.011471 0.051662
8 0.243748 0.183535 0.013765 0.051662
8 0.274719 0.186254 0.017589 0.059819
8 0.560345 0.243353 0.013765 0.046224
8 0.580610 0.244713 0.013000 0.048943
8 0.820090 0.322912 0.042060 0.053021
9 0.802853 0.203021 0.020648 0.027190
9 0.805599 0.223740 0.029060 0.038066
9 0.606174 0.269864 0.018353 0.039426
8 0.622790 0.384770 0.016059 0.027190
2 0.429522 0.443429 0.013765 0.023112
2 0.419453 0.439577 0.015549 0.039879
2 0.488993 0.439668 0.008820 0.024471
2 0.491873 0.441027 0.010706 0.024471
2 0.504109 0.443066 0.018353 0.025831
2 0.515962 0.443066 0.014530 0.023112
2 0.527815 0.442387 0.018353 0.027190
2 0.554963 0.466858 0.049707 0.073414
1 0.390885 0.438833 0.047413 0.069335
2 0.045461 0.562629 0.090922 0.197130
2 0.785887 0.488288 0.078225 0.054054
2 0.497838 0.575755 0.161358 0.256949