2 0.726719 0.628210 0.022421 0.032927
2 0.702836 0.625610 0.013647 0.048524
2 0.678954 0.625610 0.034118 0.051990
2 0.626786 0.620721 0.072104 0.088288
12 0.552292 0.613514 0.076882 0.142342
2 0.411626 0.602945 0.224720 0.231948
2 0.115515 0.545892 0.231029 0.204493
2 0.759032 0.632542 0.028558 0.038126
2 0.826710 0.640249 0.009602 0.025812
2 0.812990 0.633408 0.013647 0.022529
2 0.840062 0.639604 0.022951 0.041852
2 0.855947 0.647505 0.019627 0.057654
2 0.865142 0.651605 0.020471 0.058922
2 0.879448 0.655066 0.035437 0.076242
2 0.909611 0.661234 0.073480 0.095510
2 0.955564 0.690393 0.088238 0.174145