2 0.329394 0.538212 0.111487 0.157064
2 0.601802 0.525124 0.105177 0.130886
2 0.468542 0.491659 0.021203 0.030026
9 0.033848 0.315705 0.046278 0.029917
8 0.018071 0.412935 0.035760 0.056094
9 0.016494 0.268960 0.030501 0.022438
9 0.726436 0.217540 0.034708 0.076662
9 0.729591 0.282984 0.045226 0.024307
9 0.645976 0.105352 0.023139 0.084141
9 0.510298 0.420414 0.008414 0.018698
8 0.530186 0.039453 0.010326 0.078906
8 0.419320 0.421349 0.013673 0.039266
8 0.482952 0.429763 0.014725 0.022438
9 0.397233 0.424154 0.024191 0.014958
2 0.181095 0.570934 0.119901 0.125277
2 0.490123 0.488394 0.010518 0.026177
2 0.552703 0.506157 0.038915 0.076662
2 0.530090 0.496808 0.025242 0.065443
2 0.513262 0.494003 0.016828 0.048615
2 0.499589 0.489328 0.018932 0.031787
8 0.545341 0.042258 0.019984 0.084515
8 0.570583 0.036835 0.026294 0.072922
8 0.764300 0.352166 0.022087 0.046745
2 0.388846 0.499649 0.016931 0.030099
2 0.398440 0.492626 0.014673 0.034113
2 0.410009 0.491121 0.016367 0.027089