2 0.370477 0.563835 0.037252 0.053491
2 0.327494 0.566382 0.063043 0.073868
2 0.247258 0.572750 0.100295 0.132453
2 0.150139 0.577844 0.134061 0.183396
2 0.444880 0.542548 0.012895 0.022925
2 0.433417 0.543821 0.010029 0.020377
2 0.423388 0.546368 0.012895 0.025472
2 0.405478 0.550189 0.028656 0.038208
2 0.481416 0.560378 0.037252 0.058585
2 0.505512 0.553930 0.020059 0.040755
2 0.060763 0.553930 0.121526 0.275095
2 0.580017 0.630345 0.154741 0.219057
2 0.902861 0.743078 0.192927 0.388946
8 0.580734 0.440350 0.012895 0.038208
8 0.617986 0.504260 0.015761 0.033113
8 0.431724 0.449496 0.015761 0.030566
2 0.910741 0.553153 0.177167 0.216216
8 0.465655 0.490840 0.008597 0.022925
9 0.338853 0.462312 0.015761 0.015283
9 0.373343 0.487420 0.014328 0.017830
9 0.668496 0.441570 0.020059 0.028019
8 0.731964 0.312902 0.011804 0.051295
8 0.570908 0.438808 0.003935 0.032642