2 0.504668 0.572143 0.028477 0.052500
2 0.486738 0.573080 0.020039 0.058125
2 0.469863 0.577768 0.026367 0.071250
2 0.448242 0.575893 0.044297 0.108750
2 0.396035 0.593705 0.106523 0.159375
2 0.217884 0.624643 0.319389 0.371786
2 0.540000 0.561830 0.016875 0.031875
2 0.555293 0.562098 0.011602 0.016875
2 0.565303 0.564071 0.012637 0.035821
2 0.576616 0.563061 0.018389 0.045050
2 0.585903 0.565727 0.020087 0.054132
2 0.603400 0.573908 0.027660 0.062995
2 0.619629 0.572411 0.032695 0.056250
2 0.656543 0.591161 0.066445 0.101250
2 0.710106 0.615536 0.084375 0.135000
2 0.783934 0.631473 0.151875 0.185625
2 0.897121 0.702723 0.203939 0.298125
9 0.369140 0.416518 0.014766 0.026250
9 0.583920 0.519911 0.013711 0.011250
8 0.495176 0.509866 0.009492 0.013125
8 0.596200 0.515491 0.008437 0.016875
2 0.082095 0.758559 0.164189 0.248649