2 0.658811 0.478830 0.099534 0.144915
2 0.545205 0.446034 0.006864 0.033559
2 0.563653 0.440695 0.033464 0.047288
2 0.534480 0.441458 0.021451 0.039661
2 0.525041 0.445271 0.016303 0.035085
2 0.501016 0.447559 0.031748 0.045763
2 0.428081 0.465864 0.057489 0.064068
2 0.705146 0.432305 0.022309 0.042712
2 0.733033 0.441458 0.050625 0.082373
2 0.794383 0.474254 0.094386 0.138814
2 0.872526 0.508489 0.155255 0.198131
2 0.218821 0.508108 0.196817 0.129730
3 0.465063 0.462966 0.034322 0.038136
2 0.600121 0.445424 0.025742 0.024407
9 0.303407 0.457627 0.005148 0.018305
9 0.363470 0.422542 0.010297 0.024407
9 0.362612 0.397373 0.010297 0.019831
2 0.930521 0.591054 0.137607 0.396610