2 0.500730 0.542498 0.030047 0.043705
2 0.477888 0.536601 0.017755 0.024281
2 0.453986 0.541457 0.024584 0.043705
2 0.705973 0.512321 0.042339 0.019424
2 0.749679 0.546313 0.080581 0.111691
2 0.168717 0.581665 0.213917 0.234867
2 0.558264 0.545099 0.110628 0.206385
2 0.671624 0.548741 0.096971 0.140827
2 0.863517 0.585586 0.270425 0.320721
2 0.343907 0.631056 0.244618 0.305456
8 0.466757 0.454047 0.012292 0.031565
8 0.474610 0.504429 0.009560 0.019424
8 0.467098 0.500787 0.010926 0.021853
8 0.490999 0.511714 0.009560 0.019424