8 0.544663 0.405937 0.007910 0.023437
8 0.507749 0.434062 0.007910 0.028125
8 0.465562 0.444609 0.007910 0.025781
8 0.450401 0.407109 0.009229 0.030469
8 0.606626 0.446953 0.010547 0.021094
9 0.420078 0.438750 0.011865 0.014062
9 0.600034 0.369609 0.013184 0.016406
8 0.332408 0.452812 0.005273 0.018750
8 0.327793 0.453984 0.006592 0.021094
2 0.460288 0.486797 0.015820 0.030469
2 0.502476 0.483281 0.018457 0.037500
2 0.522910 0.484453 0.038232 0.058594
2 0.580259 0.475078 0.026367 0.035156
2 0.807676 0.511406 0.112060 0.140625
2 0.595420 0.486797 0.019775 0.044531
12 0.063386 0.524340 0.118499 0.100869
2 0.442491 0.489140 0.027686 0.044531
2 0.478086 0.484453 0.022412 0.035156
2 0.551255 0.506718 0.055371 0.084375
2 0.621787 0.491484 0.046143 0.053906
2 0.922373 0.523125 0.154248 0.182812