6 0.396893 0.448912 0.017446 0.068561
6 0.334912 0.445647 0.016528 0.062031
6 0.323894 0.444831 0.012855 0.057134
6 0.316089 0.444831 0.015610 0.060399
6 0.299561 0.434220 0.010101 0.048972
6 0.294051 0.444831 0.013773 0.060399
6 0.267882 0.454625 0.012855 0.063664
6 0.282114 0.448912 0.015610 0.068561
6 0.015369 0.450544 0.020201 0.045707
9 0.645274 0.361578 0.011019 0.014692
9 0.651242 0.375453 0.015610 0.013059
6 0.416176 0.430955 0.008264 0.022854
2 0.545777 0.517473 0.240203 0.388513
2 0.081602 0.529716 0.163204 0.190992
12 0.735168 0.371372 0.162526 0.373821
12 0.851324 0.314414 0.295670 0.628829