6 0.804838 0.420196 0.032772 0.143157
6 0.774875 0.413537 0.034645 0.123181
9 0.663784 0.199635 0.044945 0.078237
9 0.092614 0.013198 0.037454 0.024969
2 0.154923 0.277039 0.309846 0.545993
2 0.308057 0.345407 0.013109 0.024969
8 0.328189 0.271332 0.006554 0.029963
2 0.504690 0.367879 0.016854 0.036621
2 0.537930 0.347072 0.014045 0.028298
2 0.537930 0.365382 0.015918 0.041615
12 0.551039 0.325432 0.019663 0.121517
12 0.314612 0.330425 0.013109 0.021640
12 0.429314 0.346239 0.010300 0.046609
12 0.376837 0.324599 0.104018 0.239704