2 0.586847 0.506442 0.019099 0.032010
2 0.651090 0.507120 0.017383 0.022970
2 0.371402 0.531162 0.042892 0.039859
2 0.666984 0.505160 0.015846 0.019208
2 0.640449 0.504301 0.005849 0.017330
2 0.624364 0.499968 0.010723 0.019063
2 0.612667 0.496502 0.010723 0.015597
2 0.025345 0.530295 0.046791 0.041592
2 0.059951 0.525096 0.022421 0.027728
2 0.089682 0.526829 0.019496 0.020796
2 0.140372 0.528562 0.058488 0.024262
2 0.279770 0.525096 0.017547 0.020796
2 0.480580 0.511233 0.009748 0.013864
2 0.558077 0.502568 0.008773 0.013864
8 0.618516 0.458376 0.004874 0.015597
2 0.685351 0.501959 0.025210 0.017927