9 0.711780 0.360218 0.083559 0.071826
9 0.675510 0.418168 0.020201 0.047340
9 0.836659 0.298458 0.028465 0.070193
9 0.832986 0.367836 0.028465 0.055502
9 0.651636 0.344166 0.012855 0.024486
2 0.659135 0.466324 0.017446 0.026119
2 0.647657 0.471221 0.022037 0.042443
2 0.576035 0.462243 0.018365 0.057134
2 0.540224 0.435853 0.014692 0.016324
2 0.513137 0.434220 0.022956 0.022854
2 0.488345 0.413815 0.011937 0.021221
2 0.477785 0.413815 0.009182 0.017956
2 0.489722 0.435853 0.022037 0.019589
2 0.513137 0.543863 0.138653 0.200786
2 0.820437 0.537334 0.254349 0.269347
2 0.605113 0.459522 0.056930 0.093047