8 0.301857 0.195395 0.016828 0.056094
8 0.498011 0.249619 0.013673 0.059834
8 0.102547 0.280471 0.013673 0.046745
8 0.539030 0.256164 0.007362 0.024307
8 0.327625 0.362743 0.009466 0.020568
8 0.340772 0.363677 0.008414 0.014958
8 0.435431 0.336565 0.010518 0.013089
8 0.391257 0.343110 0.008414 0.018698
8 0.429121 0.356198 0.006311 0.014958
8 0.530616 0.152389 0.017880 0.071053
8 0.288184 0.197265 0.014725 0.048615
8 0.569006 0.304779 0.025242 0.035526
8 0.093081 0.370222 0.011569 0.024307
2 0.433223 0.389855 0.026294 0.035526
2 0.420601 0.381441 0.015776 0.022438
2 0.384841 0.386115 0.022087 0.020568
2 0.406403 0.387050 0.016828 0.018698
2 0.367487 0.461842 0.147247 0.142105
2 0.159868 0.472397 0.172490 0.180830
2 0.346347 0.386115 0.015776 0.013089
6 0.039967 0.453428 0.023139 0.069183
6 0.025242 0.468387 0.027346 0.125277
6 0.329729 0.450623 0.036812 0.123407
6 0.285555 0.399204 0.024191 0.031787
6 0.597614 0.395464 0.021035 0.061704
6 0.623908 0.409488 0.029449 0.119668
6 0.474557 0.387050 0.008414 0.033657
6 0.480868 0.383310 0.012621 0.041136
6 0.487178 0.390790 0.008414 0.048615
6 0.494015 0.389855 0.011569 0.039266
6 0.500851 0.376766 0.008414 0.028047
6 0.510843 0.378636 0.015776 0.050485
6 0.529249 0.391725 0.012621 0.043006
6 0.521361 0.384245 0.011569 0.039266
6 0.741390 0.405748 0.030501 0.119668
6 0.856033 0.427251 0.036812 0.218767
6 0.801972 0.413851 0.049433 0.190720
6 0.883659 0.426939 0.041019 0.220637
9 0.095185 0.237154 0.019984 0.046745
9 0.099918 0.306337 0.029449 0.020568
9 0.563922 0.228740 0.038915 0.022438
9 0.501868 0.291067 0.022087 0.014958