9 0.715022 0.334467 0.030219 0.065854
8 0.472782 0.409853 0.005849 0.022529
8 0.577086 0.400321 0.009748 0.020796
8 0.467420 0.408986 0.004874 0.020796
8 0.569775 0.400321 0.004874 0.020796
2 0.088241 0.592136 0.176481 0.263886
2 0.207634 0.556290 0.113078 0.162901
2 0.288405 0.536361 0.086060 0.126508
2 0.360679 0.520764 0.064337 0.088383
2 0.399184 0.512099 0.028269 0.060655
2 0.827975 0.520261 0.291219 0.305668
2 0.686746 0.510227 0.069223 0.167822
2 0.648247 0.499102 0.062388 0.131707
2 0.599725 0.484560 0.033581 0.047168
2 0.537607 0.496237 0.082859 0.151300
1 0.461572 0.484371 0.075060 0.057189
9 0.862663 0.215924 0.038242 0.046133