2 0.452860 0.662905 0.010073 0.009311
2 0.439270 0.659045 0.005463 0.019424
2 0.473415 0.650547 0.013658 0.026709
2 0.489121 0.654189 0.009560 0.029137
6 0.481609 0.656617 0.008195 0.038849
6 0.491853 0.656617 0.006829 0.038849
2 0.468634 0.659045 0.020487 0.029137
2 0.246225 0.687465 0.028256 0.074275
2 0.193429 0.674827 0.046437 0.031565
2 0.137432 0.666329 0.076484 0.043705
2 0.022552 0.700860 0.043705 0.060701
2 0.213233 0.701536 0.080581 0.094694
2 0.088745 0.746256 0.175783 0.164709
12 0.347080 0.579532 0.189844 0.462558
2 0.703069 0.788244 0.419090 0.423513
9 0.901467 0.352598 0.036059 0.064152
2 0.666508 0.748126 0.005014 0.006367
2 0.501409 0.642312 0.011684 0.016116
2 0.513496 0.653593 0.025786 0.043692
2 0.519943 0.658965 0.028606 0.042260
2 0.520748 0.665233 0.011281 0.036888
2 0.525684 0.665412 0.016317 0.042260
2 0.530619 0.667382 0.014504 0.043334
2 0.498387 0.656638 0.010073 0.034739