8 0.403971 0.321594 0.010723 0.020796
9 0.441571 0.291885 0.014622 0.031194
2 0.400629 0.343875 0.012673 0.024262
2 0.406477 0.355140 0.010723 0.039859
2 0.415251 0.362938 0.018521 0.051990
2 0.451319 0.367270 0.061413 0.091849
2 0.457655 0.384600 0.033143 0.071053
2 0.488361 0.389799 0.059463 0.109178
2 0.578531 0.389799 0.165717 0.206226
2 0.346388 0.326545 0.035093 0.031194
2 0.322992 0.356873 0.031194 0.067587
2 0.360923 0.402054 0.103330 0.150770
2 0.711239 0.464318 0.245765 0.256950
3 0.922015 0.567003 0.155969 0.200673
6 0.135133 0.352540 0.029244 0.072786
2 0.302922 0.345732 0.018521 0.027728
9 0.737127 0.291143 0.032169 0.055456