2 0.625454 0.450000 0.011353 0.017940
2 0.608425 0.451121 0.015137 0.011213
2 0.627977 0.460091 0.016398 0.015698
2 0.601487 0.462334 0.013876 0.020183
2 0.577520 0.455606 0.021444 0.033638
2 0.557968 0.461212 0.017660 0.031395
2 0.489851 0.465697 0.025228 0.022425
2 0.463695 0.480396 0.043556 0.051822
2 0.647529 0.453363 0.020183 0.024668
2 0.694201 0.464202 0.047934 0.049336
2 0.665188 0.460839 0.025228 0.047093
2 0.750334 0.469809 0.119835 0.069518
9 0.785023 0.317691 0.012614 0.031395
9 0.785023 0.343106 0.012614 0.031395
9 0.692309 0.372259 0.026490 0.031395
9 0.441287 0.374501 0.008830 0.022425
9 0.399029 0.426079 0.017660 0.044850
9 0.305053 0.442151 0.036581 0.029153
9 0.246397 0.445515 0.035320 0.026910
2 0.033217 0.559883 0.065594 0.148007
8 0.641852 0.399543 0.008830 0.029153
2 0.501689 0.475676 0.036486 0.046847
2 0.527027 0.464865 0.020270 0.032432
2 0.537669 0.461261 0.013176 0.025225
2 0.545777 0.460360 0.013176 0.023423