8 0.130793 0.312211 0.022925 0.071321
9 0.751905 0.317851 0.015761 0.048396
9 0.769098 0.386624 0.035820 0.022925
9 0.514779 0.475775 0.011462 0.043302
9 0.759069 0.471955 0.015761 0.061132
8 0.744024 0.523080 0.017193 0.033113
2 0.900941 0.653153 0.156226 0.102703
2 0.944932 0.657860 0.110135 0.114910
2 0.417350 0.555102 0.017193 0.017830
2 0.408753 0.565290 0.014328 0.028019
2 0.394425 0.576753 0.017193 0.035660
2 0.380097 0.585668 0.017193 0.053491
2 0.351181 0.609035 0.035476 0.068416
2 0.329899 0.615315 0.055743 0.070270
2 0.442423 0.552372 0.012895 0.025472
2 0.457468 0.563835 0.022925 0.043302
2 0.473945 0.577844 0.024357 0.040755
2 0.495101 0.604505 0.027365 0.052252
2 0.521959 0.618018 0.058784 0.075676
2 0.058277 0.587387 0.116554 0.100901
2 0.366385 0.603604 0.023311 0.054054
2 0.490541 0.597297 0.026351 0.045045