2 0.891462 0.682799 0.209584 0.162901
2 0.747678 0.645539 0.124775 0.126508
2 0.663357 0.644673 0.065312 0.076252
2 0.613642 0.638607 0.039967 0.060655
2 0.583910 0.629076 0.021446 0.045058
2 0.560515 0.629076 0.019496 0.038126
2 0.035960 0.659073 0.069971 0.082111
2 0.319250 0.624744 0.024370 0.019063
2 0.338258 0.616945 0.013647 0.013864
2 0.295367 0.624744 0.023395 0.022529
2 0.270997 0.627343 0.025345 0.024262
2 0.242240 0.627343 0.028269 0.027728
2 0.214458 0.627343 0.023395 0.038126
2 0.540044 0.625610 0.023395 0.038126
8 0.402108 0.589217 0.008773 0.013864
8 0.464009 0.588351 0.003899 0.019063
2 0.444025 0.615212 0.010723 0.017330
2 0.430865 0.612613 0.011698 0.019063
9 0.731106 0.460976 0.023395 0.013864
9 0.181314 0.538960 0.017547 0.010398
9 0.040942 0.525096 0.023395 0.013864
9 0.763762 0.486971 0.014622 0.038126
2 0.513724 0.620411 0.023395 0.031194
2 0.496177 0.616079 0.013647 0.032927
2 0.475219 0.610880 0.018521 0.032927
2 0.362629 0.616079 0.019496 0.022529
2 0.393335 0.613479 0.010723 0.024262