9 0.627615 0.329184 0.059253 0.062372
9 0.637360 0.381853 0.044440 0.037423
9 0.733646 0.401951 0.014034 0.036037
9 0.774188 0.397099 0.007796 0.012474
9 0.643987 0.209985 0.024949 0.018018
9 0.635021 0.176027 0.014813 0.030493
9 0.636581 0.276514 0.011695 0.018018
9 0.489617 0.403337 0.020271 0.016632
9 0.489617 0.433829 0.007796 0.038809
9 0.599937 0.429671 0.013254 0.008316
9 0.596039 0.404723 0.005458 0.011088
9 0.109540 0.469866 0.019491 0.019405
9 0.175420 0.481648 0.015593 0.023563
9 0.457652 0.420662 0.015593 0.012474
9 0.111879 0.512140 0.011695 0.009702
8 0.105642 0.424127 0.008576 0.036037
8 0.336417 0.383239 0.008576 0.034651
8 0.643597 0.264733 0.016373 0.060986
8 0.620598 0.267505 0.009356 0.052669
8 0.567582 0.386704 0.006237 0.027721
8 0.763663 0.347895 0.010135 0.036037
8 0.761324 0.423434 0.010135 0.015246
8 0.576938 0.388783 0.006237 0.031879
8 0.342264 0.383932 0.006237 0.036037
8 0.109150 0.492043 0.015593 0.019405
8 0.421009 0.404030 0.004678 0.012474
2 0.117337 0.614014 0.198810 0.271663
2 0.389043 0.568275 0.190233 0.327105
2 0.767171 0.656288 0.431924 0.367300
2 0.932846 0.526694 0.070948 0.088706
2 0.564463 0.550949 0.154370 0.206519
2 0.003119 0.580056 0.004678 0.040195
2 0.004678 0.559959 0.007796 0.024949
2 0.027288 0.575205 0.037423 0.038809
2 0.239741 0.532238 0.031965 0.044353
2 0.182047 0.537089 0.055355 0.048511
2 0.205047 0.533624 0.020271 0.030493
2 0.223368 0.535010 0.014813 0.036037
2 0.259622 0.535010 0.015593 0.033265
2 0.272096 0.527387 0.015593 0.026335
6 0.827594 0.469173 0.011695 0.020791
8 0.006627 0.197510 0.011695 0.084548