2 0.018909 0.466689 0.036209 0.021457
2 0.140610 0.478451 0.078452 0.055710
2 0.221074 0.472947 0.054313 0.037550
2 0.580142 0.451490 0.064371 0.051854
2 0.637976 0.455960 0.103597 0.057219
2 0.739561 0.436291 0.049284 0.035762
2 0.789348 0.435397 0.056325 0.044702
2 0.883389 0.430927 0.059342 0.046490
2 0.829077 0.426457 0.039226 0.044702
2 0.851707 0.415728 0.016093 0.019669
2 0.911552 0.413940 0.033191 0.026821
2 0.953795 0.425563 0.077446 0.053642
2 0.990004 0.421093 0.017099 0.044702
2 0.525829 0.448808 0.052301 0.046490
2 0.497667 0.442550 0.014081 0.026821
2 0.343781 0.470265 0.088510 0.050066
2 0.461961 0.480993 0.067388 0.110861
2 0.403122 0.464007 0.054313 0.048278
8 0.277398 0.179702 0.014081 0.066159
8 0.475540 0.126954 0.016093 0.078675
8 0.532367 0.304868 0.007041 0.030397
8 0.414186 0.308444 0.010058 0.044702
8 0.636467 0.371026 0.014081 0.026821
8 0.587183 0.402318 0.008046 0.021457
8 0.510743 0.404106 0.006035 0.017881
8 0.350318 0.413940 0.007041 0.016093
8 0.165252 0.399636 0.015087 0.023245
9 0.550974 0.408576 0.012070 0.019669
8 0.576901 0.231556 0.012517 0.048278
8 0.725983 0.119801 0.030174 0.114437
8 0.761688 0.321854 0.043249 0.060795
8 0.456430 0.131424 0.022127 0.080464
9 0.811475 0.299503 0.012070 0.023245
8 0.606796 0.373709 0.013075 0.028609
9 0.973408 0.223510 0.026151 0.039338
9 0.974917 0.264636 0.047272 0.025033
9 0.350821 0.367450 0.016093 0.008940