2 0.148573 0.437666 0.079670 0.084216
12 0.322726 0.411763 0.033734 0.062524
2 0.357895 0.400279 0.017944 0.016588
2 0.371173 0.407935 0.020097 0.037004
2 0.425004 0.395813 0.020097 0.028072
2 0.502162 0.393261 0.013637 0.033176
2 0.476323 0.402831 0.020815 0.034452
2 0.392706 0.410487 0.043065 0.059972
2 0.452996 0.409849 0.045936 0.063800
12 0.164821 0.496616 0.329445 0.257751
9 0.313754 0.330737 0.030145 0.028072
9 0.348205 0.324995 0.030145 0.031900
9 0.537690 0.360085 0.011484 0.020416
8 0.750861 0.214622 0.011484 0.015312