8 0.487412 0.380108 0.005046 0.024668
8 0.549853 0.389078 0.003784 0.020183
8 0.480222 0.380108 0.006307 0.024668
8 0.555277 0.390199 0.005046 0.031395
8 0.648370 0.403654 0.005046 0.022425
8 0.654677 0.402533 0.005046 0.029153
9 0.143171 0.403654 0.023967 0.013455
9 0.224407 0.346470 0.016398 0.015698
9 0.434433 0.310589 0.020183 0.047093
9 0.485142 0.421594 0.012614 0.013455
9 0.618095 0.383471 0.017660 0.022425
9 0.616203 0.404775 0.013876 0.011213
9 0.621249 0.403654 0.016398 0.013455
9 0.677382 0.391320 0.012614 0.015698
9 0.675490 0.410382 0.011353 0.017940
9 0.983529 0.346470 0.016398 0.024668
2 0.076947 0.470930 0.045411 0.031395
2 0.369344 0.456353 0.012614 0.020183
2 0.339070 0.458596 0.012614 0.015698
2 0.306903 0.456353 0.016398 0.020183
2 0.274737 0.455232 0.027751 0.026910
2 0.240679 0.467566 0.032797 0.029153
2 0.491575 0.449626 0.018921 0.015698
2 0.513019 0.463081 0.011353 0.020183
2 0.500405 0.473172 0.023967 0.035880
2 0.535725 0.457475 0.016398 0.031395
2 0.547708 0.458596 0.017660 0.033638
2 0.458021 0.472051 0.064332 0.096429
2 0.027751 0.479900 0.055502 0.062791
12 0.021444 0.437292 0.042888 0.062791
12 0.157677 0.452990 0.093345 0.076246
12 0.576973 0.442898 0.050457 0.087458
12 0.755338 0.449626 0.143802 0.159219
9 0.699456 0.408671 0.021678 0.037406