9 0.302034 0.481424 0.010297 0.015254
9 0.302892 0.512085 0.008581 0.041186
2 0.547436 0.600254 0.006864 0.010678
2 0.541430 0.608644 0.008581 0.009153
2 0.537569 0.623135 0.009439 0.013729
2 0.531133 0.617796 0.012013 0.012203
2 0.526414 0.626949 0.012871 0.024407
2 0.510969 0.630000 0.016303 0.033559
2 0.500244 0.634576 0.015445 0.033559
2 0.486515 0.635339 0.017161 0.041186
2 0.470641 0.627102 0.018019 0.045458
2 0.460344 0.639305 0.028316 0.054610
2 0.568888 0.598729 0.013729 0.010678
9 0.557304 0.594915 0.006006 0.012203
2 0.575323 0.607119 0.011155 0.018305
2 0.583045 0.617796 0.012871 0.015254
2 0.587336 0.626949 0.014587 0.015254
2 0.592913 0.626186 0.017161 0.044237
2 0.604926 0.630000 0.018877 0.048814
2 0.627235 0.633813 0.041186 0.056441
2 0.804423 0.662339 0.222235 0.265424
2 0.405858 0.628017 0.080657 0.123559