8 0.660761 0.318750 0.015820 0.045000
8 0.642832 0.357187 0.009492 0.028125
2 0.461953 0.527812 0.265781 0.185625
2 0.955547 0.512812 0.086484 0.099375
2 0.375996 0.483437 0.011602 0.016875
2 0.366504 0.482500 0.011602 0.018750
2 0.357012 0.483437 0.015820 0.020625
2 0.346992 0.482500 0.008437 0.022500
12 0.313769 0.470312 0.041133 0.073125
2 0.338027 0.481562 0.015820 0.024375
2 0.282129 0.493750 0.030586 0.033750
2 0.255234 0.500312 0.031641 0.039375
2 0.224121 0.505000 0.041133 0.041250
2 0.197226 0.505000 0.029531 0.041250
2 0.156094 0.510625 0.059062 0.045000
9 0.647051 0.236250 0.060117 0.037500
9 0.040078 0.258750 0.033750 0.041250
9 0.037441 0.223125 0.066445 0.041250