9 0.325669 0.509977 0.017551 0.012481
9 0.287935 0.525231 0.011116 0.008320
9 0.284717 0.541352 0.005850 0.009361
9 0.354824 0.544472 0.011116 0.009361
9 0.545447 0.527831 0.009361 0.013521
9 0.690146 0.461267 0.010531 0.017681
9 0.692486 0.491949 0.018721 0.035362
6 0.903202 0.585035 0.027497 0.115447
6 0.621118 0.580874 0.014041 0.040562
6 0.648907 0.582955 0.011116 0.061364
6 0.578118 0.586075 0.006435 0.038482
6 0.015607 0.621437 0.026912 0.132088
6 0.033347 0.603929 0.017551 0.093606
6 0.050605 0.602889 0.016966 0.099846
6 0.546130 0.583128 0.007605 0.043683
6 0.735389 0.582608 0.015211 0.071764
6 0.856198 0.580528 0.006435 0.030162
6 0.989099 0.594049 0.019891 0.113367
6 0.551590 0.576888 0.006435 0.033282
6 0.556270 0.571167 0.002925 0.026002
6 0.560073 0.576367 0.005850 0.040562
6 0.563876 0.578968 0.006435 0.045763
6 0.568849 0.575847 0.004680 0.035362
6 0.584060 0.582088 0.004680 0.029122
6 0.589910 0.577928 0.004680 0.039522
2 0.385440 0.582955 0.005265 0.011441
2 0.364964 0.580354 0.005265 0.010401
2 0.358236 0.579834 0.007020 0.013521
2 0.347998 0.576714 0.015796 0.021841
2 0.346243 0.583995 0.012286 0.019761
2 0.333080 0.587635 0.014041 0.014561
2 0.281889 0.581394 0.027497 0.049923
2 0.265801 0.582434 0.019891 0.056163
2 0.241814 0.583995 0.044463 0.065524
2 0.207297 0.594395 0.065524 0.073844
2 0.119640 0.603236 0.123442 0.137288
2 0.408549 0.579314 0.029252 0.043683
1 0.375105 0.578621 0.013456 0.024961
1 0.391876 0.579661 0.007605 0.018721
1 0.515884 0.555913 0.057333 0.107126
12 0.458316 0.547696 0.064354 0.139368