2 0.470515 0.588971 0.008934 0.021176
2 0.460092 0.591618 0.017868 0.021176
2 0.419890 0.600883 0.047647 0.050294
2 0.370754 0.608824 0.038713 0.071471
2 0.334274 0.622059 0.078915 0.103235
2 0.796600 0.591618 0.077427 0.052941
2 0.839035 0.595589 0.087849 0.066177
2 0.250892 0.628677 0.129541 0.169412
2 0.976765 0.682942 0.041691 0.140294
9 0.511462 0.563824 0.016379 0.018529
9 0.544964 0.553236 0.008934 0.023824
9 0.582188 0.541324 0.008934 0.021176
8 0.533052 0.546618 0.008934 0.031765
8 0.467537 0.547942 0.008934 0.023824
9 0.061950 0.570567 0.032954 0.066226