9 0.342158 0.384724 0.017547 0.034660
9 0.340208 0.340533 0.017547 0.046791
9 0.155482 0.424583 0.022421 0.045058
9 0.158406 0.376059 0.020471 0.051990
9 0.139885 0.318870 0.026320 0.048524
9 0.107229 0.303274 0.031194 0.065854
9 0.871478 0.333601 0.029244 0.060655
9 0.854906 0.428915 0.019496 0.036393
9 0.973833 0.371727 0.033143 0.074519
9 0.967984 0.300674 0.017547 0.053723
9 0.929967 0.311939 0.046791 0.031194
8 0.783746 0.184564 0.013647 0.067587
8 0.851982 0.360462 0.013647 0.062388
2 0.814939 0.532028 0.068237 0.093582
6 0.874890 0.531162 0.028269 0.109178
6 0.901210 0.527696 0.020471 0.102247
2 0.746264 0.540243 0.024584 0.031565
2 0.765385 0.543643 0.010926 0.021853
2 0.776994 0.542428 0.009560 0.024281
9 0.780104 0.189389 0.047802 0.077698
9 0.841564 0.174820 0.050534 0.077698
8 0.949461 0.074056 0.020487 0.080126
9 0.885270 0.401844 0.020487 0.031565
8 0.361492 0.423696 0.008195 0.050989