8 0.085193 0.246628 0.014725 0.054224
8 0.698899 0.282154 0.022087 0.076662
8 0.075201 0.243542 0.009466 0.048615
8 0.716253 0.288418 0.010518 0.071053
8 0.099918 0.251956 0.012621 0.057964
8 0.681545 0.283743 0.016828 0.072922
2 0.960964 0.690894 0.075727 0.095360
6 0.608973 0.624827 0.010518 0.057964
6 0.616861 0.626697 0.011569 0.057964
6 0.642629 0.647265 0.014725 0.084141
6 0.923626 0.719252 0.036812 0.153324
6 0.656127 0.652874 0.015776 0.084141
6 0.625801 0.640721 0.018932 0.086011
6 0.895754 0.726732 0.025242 0.134626
2 0.857891 0.695568 0.103073 0.074792
2 0.196680 0.525416 0.096763 0.076039
2 0.398970 0.646953 0.396165 0.564682
2 0.737964 0.674733 0.137781 0.097230
9 0.175645 0.443144 0.010518 0.031787
9 0.983067 0.695510 0.024191 0.031787