2 0.316917 0.530066 0.237305 0.179637
7 0.502295 0.537550 0.022199 0.073488
0 0.502550 0.562999 0.017606 0.050353
8 0.324189 0.243191 0.016075 0.074849
8 0.538529 0.121391 0.014544 0.097984
8 0.644295 0.446144 0.013779 0.034022
8 0.162669 0.373337 0.013013 0.021774
8 0.443530 0.479985 0.006124 0.014970
8 0.441999 0.505842 0.004593 0.012248
8 0.388797 0.497676 0.006889 0.012248
8 0.524877 0.139491 0.021434 0.077571
8 0.613803 0.396925 0.014544 0.048992
8 0.961212 0.325706 0.038275 0.057157
6 0.667898 0.521900 0.017606 0.091179
9 0.897548 0.142213 0.029089 0.038105
9 0.916685 0.176915 0.059709 0.034022
9 0.746744 0.408947 0.035213 0.059879
9 0.795354 0.313685 0.028323 0.032661
9 0.818319 0.281704 0.062005 0.020413