8 0.562124 0.424820 0.010915 0.018018
8 0.543023 0.426206 0.011695 0.026335
9 0.714155 0.388783 0.012474 0.042967
9 0.204657 0.440760 0.016373 0.074846
2 0.553548 0.454620 0.020271 0.019405
2 0.522516 0.464619 0.026508 0.026335
2 0.489381 0.480559 0.041321 0.041581
2 0.434806 0.504814 0.030406 0.056827
2 0.387637 0.512635 0.073287 0.091478
2 0.291351 0.560454 0.130201 0.139990
2 0.566023 0.447921 0.006237 0.012474
2 0.572650 0.452079 0.007017 0.018018
2 0.577717 0.453465 0.006237 0.020791
2 0.583565 0.456237 0.007017 0.023563
2 0.590581 0.456930 0.013254 0.027721
2 0.608513 0.461088 0.027288 0.041581
2 0.644377 0.477721 0.025728 0.069302
2 0.658021 0.477721 0.017152 0.077618
2 0.676732 0.484651 0.024949 0.105339
2 0.707138 0.490195 0.042101 0.113655
2 0.762883 0.502669 0.097456 0.144148
2 0.886197 0.552567 0.226097 0.205133
9 0.924530 0.270903 0.038203 0.160780