2 0.629151 0.578234 0.013867 0.027613
2 0.609879 0.583632 0.023481 0.030937
2 0.578705 0.584338 0.017487 0.037445
2 0.560700 0.591860 0.033135 0.045249
2 0.525559 0.595356 0.037240 0.065407
2 0.692908 0.573673 0.018597 0.022041
2 0.705823 0.579184 0.011365 0.025714
2 0.716048 0.578153 0.017351 0.038796
2 0.736887 0.581391 0.036300 0.058035
2 0.764375 0.595634 0.039617 0.066283
2 0.838729 0.583895 0.122202 0.137516
2 0.475457 0.609960 0.066177 0.077829
2 0.667547 0.570451 0.020222 0.024811
9 0.668801 0.491020 0.028929 0.018367