2 0.491063 0.415062 0.009516 0.015751
2 0.486454 0.424013 0.011683 0.020820
2 0.473473 0.428654 0.022067 0.025385
2 0.452160 0.431117 0.015787 0.030310
2 0.441739 0.433437 0.020878 0.035003
2 0.423958 0.455314 0.018376 0.040252
2 0.410504 0.459689 0.029533 0.039669
2 0.387751 0.477579 0.029756 0.049390
2 0.507538 0.429924 0.018841 0.018694
2 0.525765 0.425613 0.022804 0.033150
2 0.559410 0.428340 0.023487 0.029473
2 0.595587 0.504835 0.054059 0.068131
2 0.256370 0.600000 0.351779 0.290769
3 0.571154 0.455308 0.025962 0.030000
9 0.202611 0.428559 0.026097 0.052112
9 0.566846 0.398397 0.009481 0.018590
2 0.961300 0.599902 0.077400 0.099927
9 0.058917 0.391457 0.034517 0.016928
9 0.059512 0.414733 0.026185 0.012696
9 0.673677 0.411559 0.016663 0.027508
2 0.434459 0.445105 0.016407 0.035002