9 0.208653 0.625597 0.021830 0.037423
9 0.291295 0.628370 0.012474 0.048511
9 0.403174 0.615202 0.019491 0.008316
9 0.410191 0.634607 0.008576 0.008316
9 0.582882 0.532733 0.021830 0.037423
9 0.403397 0.654704 0.005458 0.015246
8 0.304549 0.617974 0.004678 0.019405
8 0.334565 0.606886 0.003898 0.019405
9 0.324430 0.661832 0.005458 0.015246
2 0.297142 0.690246 0.042881 0.038809
2 0.356395 0.684702 0.010135 0.016632
2 0.325824 0.696807 0.030736 0.046388
2 0.367089 0.686870 0.018848 0.024949
2 0.889110 0.800426 0.095505 0.173252
2 0.775012 0.741757 0.228542 0.199135
2 0.641575 0.706292 0.127990 0.155927
12 0.538053 0.668367 0.099015 0.162166
2 0.487829 0.696913 0.017025 0.074320
2 0.476461 0.695790 0.019491 0.060986
2 0.463207 0.693018 0.028847 0.055441
2 0.449953 0.688167 0.025728 0.045739
2 0.398594 0.683143 0.014813 0.030839
12 0.417248 0.677310 0.027288 0.049897
6 0.380077 0.682623 0.003898 0.020791
2 0.382416 0.681237 0.008576 0.012474
2 0.388653 0.683316 0.007017 0.016632
2 0.340705 0.685395 0.010915 0.020791
8 0.385145 0.615400 0.004678 0.016632
9 0.445372 0.636884 0.006237 0.005544
9 0.291003 0.591838 0.009356 0.023563