2 0.440077 0.648040 0.150171 0.166170
2 0.372059 0.611748 0.086419 0.121313
2 0.324662 0.592367 0.048639 0.089484
2 0.297797 0.588693 0.032579 0.064254
2 0.283493 0.572082 0.033496 0.055846
2 0.252976 0.561598 0.022447 0.027945
2 0.239803 0.551091 0.007798 0.017330
2 0.232979 0.549358 0.009748 0.010398
12 0.024370 0.654204 0.048740 0.175032
2 0.016063 0.575238 0.029244 0.012131
2 0.064402 0.579467 0.031065 0.042887
2 0.093094 0.571021 0.024370 0.039859
2 0.122826 0.565430 0.023395 0.026778
2 0.138361 0.559281 0.015474 0.021720
2 0.149550 0.557940 0.008939 0.017162
2 0.157431 0.554557 0.006824 0.017330
2 0.164255 0.553691 0.008773 0.008665
2 0.175953 0.551091 0.012673 0.013864