8 0.516659 0.451777 0.007198 0.023460
8 0.679211 0.436848 0.008398 0.023460
8 0.570043 0.461374 0.008398 0.017062
8 0.484269 0.482701 0.007198 0.017062
9 0.455477 0.444312 0.011996 0.017062
9 0.405092 0.394194 0.014396 0.010664
2 0.520843 0.502991 0.015625 0.027666
2 0.491467 0.509863 0.021594 0.030985
2 0.455374 0.509452 0.018988 0.027910
2 0.429461 0.514020 0.024746 0.045577
2 0.400728 0.517447 0.054316 0.067001
2 0.599512 0.521546 0.033923 0.042438
2 0.638382 0.529845 0.022876 0.030307
2 0.656593 0.530577 0.022443 0.032209
2 0.703803 0.541484 0.043187 0.057315
2 0.757787 0.552014 0.071979 0.083175
2 0.905344 0.586137 0.151155 0.147156
2 0.444347 0.514100 0.012564 0.037971