6 0.291413 0.708155 0.012433 0.035705
6 0.270850 0.703905 0.015302 0.057809
6 0.210598 0.707305 0.017215 0.071411
6 0.197686 0.709856 0.018171 0.076511
6 0.172342 0.698804 0.011477 0.057809
6 0.155127 0.711556 0.017215 0.066310
6 0.100421 0.716657 0.026779 0.096914
6 0.081772 0.720907 0.020084 0.095214
6 0.043168 0.717528 0.022693 0.095258
2 0.519321 0.689027 0.017215 0.027204
2 0.529841 0.695828 0.015302 0.034005
2 0.496022 0.695398 0.027794 0.075672
2 0.782807 0.728983 0.090857 0.154723
1 0.408858 0.653407 0.171194 0.331549
2 0.640783 0.732809 0.257269 0.358753
12 0.970830 0.637595 0.058340 0.387658
9 0.726858 0.564909 0.013389 0.023804
9 0.734031 0.592963 0.010520 0.028904
9 0.724945 0.591263 0.009564 0.018703