8 0.412218 0.434184 0.009064 0.019695
8 0.523002 0.431499 0.005036 0.017905
8 0.517966 0.427918 0.005036 0.017905
9 0.575373 0.452089 0.019135 0.012533
9 0.306973 0.471784 0.010071 0.012533
9 0.566309 0.483422 0.005036 0.014324
9 0.541130 0.494165 0.003021 0.014324
8 0.304959 0.498641 0.008057 0.012533
2 0.475642 0.522666 0.009013 0.017613
2 0.463340 0.524692 0.014624 0.021664
2 0.445234 0.530989 0.022726 0.030679
2 0.419036 0.531571 0.022700 0.032614
2 0.380781 0.543839 0.051795 0.070702
2 0.295866 0.561953 0.098642 0.118941
2 0.065412 0.618430 0.130823 0.198398
2 0.484228 0.518336 0.010071 0.012533
2 0.501336 0.521755 0.013844 0.016733
2 0.523263 0.525394 0.015574 0.021610
2 0.562280 0.526393 0.023164 0.028647
2 0.602565 0.538031 0.029207 0.048342
2 0.625226 0.539821 0.040285 0.055504
2 0.653366 0.537212 0.051662 0.083064
2 0.687554 0.557472 0.060778 0.074960
2 0.734354 0.569114 0.067769 0.085442
12 0.862404 0.568709 0.218547 0.194679
2 0.963814 0.631809 0.072372 0.162931
2 0.518704 0.520329 0.009497 0.019584
2 0.513956 0.518303 0.006078 0.018233
2 0.552892 0.524381 0.009497 0.024987