9 0.734279 0.198927 0.021853 0.046133
9 0.736328 0.238990 0.058729 0.038849
9 0.734962 0.298478 0.050534 0.080126
9 0.818275 0.323972 0.020487 0.038849
9 0.663259 0.266913 0.019121 0.075270
9 0.383273 0.286338 0.030047 0.036421
9 0.379859 0.395600 0.012292 0.016996
9 0.379176 0.415025 0.013658 0.021853
9 0.134700 0.156436 0.057363 0.038849
9 0.139481 0.195285 0.055997 0.033993
9 0.135214 0.247427 0.052926 0.075146
9 0.256255 0.260843 0.032779 0.019424
9 0.797105 0.164935 0.019121 0.026709
9 0.813495 0.151580 0.046437 0.024281
6 0.202990 0.489081 0.043705 0.359353
6 0.962365 0.481796 0.051900 0.252518
6 0.973291 0.474512 0.051900 0.271943
6 0.922075 0.509719 0.047802 0.182104
6 0.166796 0.531572 0.061460 0.347213
6 0.470000 0.398028 0.012292 0.026709
6 0.454977 0.395600 0.009560 0.026709
6 0.457025 0.401670 0.008195 0.019424
6 0.561508 0.429593 0.017755 0.099550
6 0.575166 0.423523 0.015024 0.072842
2 0.793691 0.468442 0.148870 0.104407
2 0.132481 0.451443 0.264962 0.424910
9 0.544546 0.408183 0.020876 0.068041