9 0.145969 0.199052 0.038389 0.021327
9 0.159165 0.244905 0.062381 0.078910
9 0.267133 0.241706 0.050385 0.029858
9 0.406573 0.309168 0.030628 0.024023
9 0.443950 0.311019 0.029991 0.027725
9 0.468673 0.308886 0.016795 0.010663
2 0.364304 0.363270 0.019194 0.034123
2 0.412890 0.370734 0.020394 0.027725
2 0.482125 0.369166 0.028863 0.040860
2 0.224737 0.365326 0.077551 0.086549
12 0.321117 0.327014 0.071979 0.115166
2 0.383988 0.362211 0.027371 0.049068
2 0.437254 0.374100 0.052327 0.089907
2 0.560430 0.377243 0.050778 0.057014