8 0.169590 0.323906 0.009229 0.042187
8 0.390415 0.367265 0.007910 0.035156
8 0.180796 0.325078 0.010547 0.039844
8 0.160362 0.323906 0.006592 0.037500
8 0.383824 0.364922 0.007910 0.035156
8 0.399644 0.370781 0.007910 0.037500
8 0.010069 0.327422 0.011865 0.044531
9 0.567075 0.239531 0.029004 0.056250
9 0.577622 0.302812 0.021094 0.051562
9 0.553892 0.300469 0.015820 0.037500
2 0.261735 0.513157 0.039601 0.075901
2 0.689851 0.535325 0.097894 0.074036
0 0.631016 0.588750 0.077783 0.145312
6 0.798447 0.531328 0.040869 0.091406
2 0.320048 0.519082 0.090638 0.127852
2 0.201890 0.502031 0.081738 0.060937
2 0.476109 0.603984 0.247851 0.377343
0 0.666769 0.620411 0.074085 0.204493