1 0.071901 0.363663 0.143802 0.145764
9 0.432036 0.330398 0.031535 0.053821
9 0.530637 0.300124 0.030274 0.024668
9 0.482703 0.384593 0.012614 0.042608
9 0.374852 0.333015 0.016398 0.038123
2 0.948462 0.438167 0.102006 0.061040
2 0.563929 0.403268 0.032757 0.024642
2 0.761897 0.429069 0.063071 0.067276
8 0.032797 0.050831 0.035320 0.101661
8 0.065594 0.038870 0.027751 0.077741
8 0.308417 0.121096 0.039104 0.112126
2 0.828222 0.431471 0.034246 0.037059
2 0.712827 0.418236 0.014890 0.021176
2 0.727716 0.419559 0.014890 0.023824
2 0.689003 0.414265 0.014890 0.013235
2 0.582542 0.426177 0.069982 0.052941