8 0.403856 0.397099 0.006237 0.026335
8 0.507159 0.404030 0.005458 0.023563
8 0.398009 0.397792 0.007017 0.022177
8 0.501702 0.406109 0.007017 0.022177
8 0.582005 0.444918 0.008576 0.016632
8 0.590581 0.443532 0.010135 0.016632
8 0.299384 0.482341 0.012474 0.016632
2 0.032355 0.574512 0.064711 0.103953
2 0.058473 0.568275 0.088880 0.097023
2 0.089659 0.560652 0.110710 0.079004
2 0.129421 0.557187 0.096676 0.074846
2 0.160217 0.552336 0.086541 0.065144
2 0.189844 0.546098 0.089659 0.060986
2 0.214403 0.545405 0.068609 0.059600
2 0.247148 0.544019 0.037423 0.045739
2 0.413212 0.524615 0.021830 0.054055
2 0.270147 0.541940 0.017932 0.036037
12 0.638140 0.494122 0.052236 0.034651
2 0.709088 0.483034 0.058473 0.076232
2 0.677902 0.494122 0.045999 0.081776
2 0.722342 0.485806 0.088100 0.101181
2 0.750799 0.483727 0.110710 0.116427
2 0.786662 0.487192 0.088880 0.123357
2 0.817458 0.478183 0.081863 0.130287
2 0.861898 0.476797 0.125523 0.152464
2 0.951557 0.413732 0.091219 0.056827
2 0.900101 0.543326 0.197250 0.207905
2 0.524701 0.526694 0.081083 0.130287
2 0.599158 0.505210 0.024169 0.034651
2 0.479092 0.526001 0.013254 0.040195
2 0.447517 0.520457 0.023389 0.026335
2 0.377738 0.529466 0.060033 0.074846
2 0.466618 0.511447 0.014813 0.022177
8 0.571870 0.473331 0.010135 0.018018
9 0.381247 0.452541 0.012474 0.012474
9 0.572260 0.433829 0.010915 0.011088
9 0.566802 0.454620 0.010915 0.008316
9 0.297825 0.428978 0.017152 0.009702
9 0.308740 0.389476 0.015593 0.044353