8 0.718242 0.515625 0.008437 0.048750
8 0.711914 0.519375 0.008437 0.037500
8 0.714023 0.550312 0.014766 0.016875
9 0.495703 0.502500 0.018984 0.045000
9 0.579551 0.489375 0.013711 0.030000
9 0.514687 0.409687 0.044297 0.076875
8 0.370195 0.550312 0.012656 0.020625
9 0.892793 0.534375 0.017930 0.033750
9 0.992461 0.521250 0.012656 0.030000
2 0.412383 0.622500 0.014766 0.026250
2 0.527344 0.618750 0.046406 0.048750
2 0.829511 0.613125 0.133945 0.078750
12 0.734062 0.600937 0.054844 0.058125
12 0.638086 0.577500 0.126562 0.142500
9 0.203555 0.567187 0.025312 0.016875