9 0.170547 0.631340 0.019491 0.016632
9 0.306596 0.724204 0.015593 0.013860
9 0.294121 0.738064 0.037423 0.038809
9 0.266054 0.695097 0.015593 0.013860
9 0.250851 0.722125 0.041321 0.067916
9 0.196276 0.707572 0.036643 0.033265
9 0.157683 0.694404 0.029627 0.029107
9 0.185361 0.684702 0.014813 0.015246
9 0.126497 0.687474 0.032745 0.031879
9 0.532303 0.822613 0.019491 0.016632
9 0.677707 0.812217 0.018711 0.020791
9 0.678097 0.836473 0.032745 0.030493
9 0.403661 0.833008 0.007017 0.006930
9 0.419254 0.836473 0.008576 0.008316
2 0.340120 0.874589 0.046779 0.073460
2 0.232919 0.833008 0.056914 0.084548
2 0.474219 0.918942 0.045219 0.067916
2 0.388458 0.877361 0.032745 0.056827
2 0.264885 0.836473 0.022610 0.060986
2 0.282427 0.837859 0.017152 0.038809
2 0.274630 0.802515 0.004678 0.012474
2 0.282816 0.804594 0.007017 0.011088
2 0.294901 0.811524 0.009356 0.013860
2 0.287104 0.819148 0.012474 0.023563
2 0.339341 0.835780 0.018711 0.020791
2 0.357273 0.841324 0.015593 0.020791
2 0.369747 0.857957 0.021830 0.026335
2 0.406390 0.878747 0.015593 0.031879
2 0.419254 0.883598 0.025728 0.038809
2 0.437186 0.891221 0.030406 0.042967
2 0.450050 0.905082 0.028067 0.051283
2 0.027872 0.754004 0.014813 0.020791
2 0.184581 0.781725 0.011695 0.012474
2 0.613386 0.936268 0.013254 0.022177
2 0.827789 0.993095 0.062372 0.008316
2 0.745146 0.972998 0.038982 0.051283
2 0.666792 0.948049 0.033525 0.040195
9 0.893474 0.803901 0.035864 0.044353