9 0.122658 0.196477 0.042060 0.023112
9 0.124952 0.085676 0.051237 0.076133
9 0.800590 0.201915 0.019883 0.017674
8 0.775736 0.199196 0.014530 0.069335
8 0.178483 0.032294 0.022177 0.052941
8 0.206778 0.031282 0.020648 0.062564
9 0.784148 0.250178 0.034413 0.021752
9 0.518787 0.338546 0.013000 0.021752
8 0.365077 0.314075 0.003824 0.016314
6 0.241191 0.367096 0.017589 0.032628
6 0.217102 0.377292 0.015295 0.028550
6 0.870562 0.418758 0.014530 0.040785
6 0.845709 0.427595 0.018353 0.044864
6 0.832326 0.387489 0.020648 0.046224
6 0.813208 0.397005 0.020648 0.043505
6 0.794089 0.377292 0.023707 0.042145
2 0.322635 0.432812 0.287538 0.204847
2 0.469462 0.390208 0.022942 0.040785
2 0.925240 0.451386 0.145298 0.111480
2 0.643820 0.608410 0.596488 0.482628
2 0.113481 0.590736 0.224065 0.643051