8 0.290565 0.090299 0.013689 0.052514
8 0.613336 0.167789 0.013689 0.046110
8 0.030116 0.222225 0.014409 0.032021
8 0.514632 0.384891 0.010807 0.016651
8 0.297770 0.110792 0.022335 0.073008
8 0.006052 0.294592 0.012104 0.035863
8 0.019669 0.297154 0.019453 0.035863
8 0.873274 0.400663 0.017997 0.035387
9 0.209001 0.273969 0.029515 0.077109
9 0.787121 0.242078 0.033862 0.043548
9 0.867453 0.293311 0.033142 0.020493
9 0.880422 0.328534 0.018732 0.014089
2 0.465964 0.450214 0.033862 0.040987
2 0.481814 0.459179 0.020894 0.046110
2 0.525680 0.449517 0.082688 0.147409
2 0.577997 0.461101 0.025937 0.083254
2 0.591686 0.491200 0.020173 0.058918
2 0.739382 0.498885 0.256487 0.171632
3 0.906891 0.534749 0.057638 0.074288
6 0.083665 0.392027 0.016571 0.034583
6 0.169040 0.431105 0.017291 0.079386
6 0.154991 0.428531 0.020894 0.081973
6 0.103477 0.397150 0.012968 0.039706
6 0.113924 0.417003 0.016571 0.079412
6 0.122210 0.425329 0.021614 0.090939
9 0.039626 0.144054 0.038905 0.023055
9 0.045750 0.192726 0.023776 0.023055
12 0.350560 0.361957 0.059757 0.053360