2 0.440200 0.313516 0.036650 0.050781
2 0.628594 0.333125 0.065391 0.063750
2 0.470654 0.305156 0.013711 0.018750
2 0.489608 0.311202 0.018173 0.025656
2 0.523125 0.315469 0.025312 0.031875
2 0.734458 0.321141 0.062490 0.054281
2 0.810263 0.324844 0.037969 0.045000
2 0.783896 0.322969 0.035859 0.037500
2 0.693984 0.315469 0.047461 0.041250
2 0.573750 0.307969 0.013711 0.015000
2 0.589043 0.310781 0.012656 0.020625
2 0.604863 0.308906 0.018984 0.016875
2 0.505459 0.305156 0.012656 0.016875
2 0.459053 0.304219 0.012656 0.018750
2 0.391816 0.305156 0.020039 0.028125
2 0.372305 0.305156 0.006328 0.016875
2 0.365449 0.305156 0.009492 0.016875
2 0.352793 0.308906 0.013711 0.024375
2 0.338818 0.308906 0.012129 0.024375
2 0.271055 0.312656 0.014766 0.028125
2 0.257827 0.309776 0.022060 0.034208
2 0.231331 0.311363 0.036568 0.040538
2 0.310281 0.310727 0.037950 0.051313
2 0.284766 0.317344 0.011602 0.022500
9 0.126035 0.226562 0.015820 0.009375
9 0.329062 0.218437 0.016875 0.028125
9 0.348047 0.240937 0.012656 0.028125
9 0.593789 0.264844 0.011602 0.007500
9 0.597480 0.249844 0.012656 0.007500
9 0.382957 0.251250 0.017930 0.026250
9 0.387703 0.268125 0.016875 0.011250
9 0.389812 0.281250 0.012656 0.018750
9 0.365555 0.255000 0.004219 0.018750
9 0.680062 0.258750 0.014766 0.037500
8 0.454988 0.184219 0.007164 0.030000
8 0.518379 0.216094 0.007383 0.033750
8 0.481465 0.258281 0.005273 0.016875
8 0.506777 0.255937 0.007383 0.015000
8 0.649336 0.267187 0.008437 0.024375
8 0.031889 0.112457 0.019604 0.073460
8 0.262942 0.149585 0.008414 0.039266
8 0.459622 0.188851 0.006311 0.024307
2 0.971306 0.319737 0.037864 0.046745
2 0.891898 0.304779 0.045226 0.031787
2 0.545627 0.313983 0.022659 0.031497
2 0.415448 0.313193 0.021035 0.029917
8 0.332884 0.243075 0.015776 0.024307