8 0.126029 0.183509 0.016804 0.076818
8 0.147234 0.187777 0.019204 0.068282
8 0.110826 0.185643 0.015204 0.072550
8 0.650550 0.385511 0.017604 0.028451
8 0.003938 0.423797 0.007875 0.034388
9 0.308871 0.468730 0.009602 0.018493
6 0.124029 0.517097 0.011203 0.064015
2 0.082527 0.530567 0.015423 0.039085
2 0.139248 0.517820 0.049644 0.054080
2 0.368318 0.501419 0.017137 0.025046
2 0.231999 0.513424 0.047902 0.065204
2 0.345102 0.501102 0.010048 0.029179
2 0.332702 0.505533 0.009253 0.023817
2 0.322891 0.503149 0.013126 0.029751
2 0.316816 0.508851 0.011786 0.033923
2 0.200846 0.524921 0.062414 0.071128
2 0.287556 0.516334 0.066636 0.074831
2 0.424098 0.495048 0.009602 0.025606
2 0.444103 0.488646 0.033608 0.061170
2 0.449304 0.497893 0.015204 0.042677
2 0.473476 0.502160 0.039543 0.071128
3 0.493314 0.503583 0.063215 0.065437
6 0.557329 0.485090 0.016804 0.068282
2 0.956282 0.449485 0.087436 0.106759
12 0.399692 0.476554 0.039209 0.085353
2 0.339134 0.503149 0.010829 0.026251