2 0.837944 0.456612 0.246787 0.213055
2 0.617587 0.366937 0.084686 0.116126
2 0.274878 0.338502 0.037314 0.040182
6 0.465381 0.347656 0.018457 0.079687
8 0.482299 0.211271 0.014502 0.039661
8 0.511391 0.275390 0.009229 0.025781
8 0.556875 0.230339 0.013184 0.032034
8 0.690688 0.240234 0.014502 0.039844
2 0.502954 0.320502 0.019775 0.029309
9 0.678295 0.346406 0.011865 0.023437
9 0.589306 0.236250 0.034277 0.018750
8 0.365185 0.250312 0.013184 0.028125
8 0.372436 0.223828 0.014502 0.025781
1 0.403069 0.308136 0.074650 0.163220
2 0.479007 0.334068 0.016303 0.028983
2 0.561380 0.333305 0.018019 0.021356
2 0.518906 0.319576 0.008581 0.021356