8 0.203098 0.435908 0.024169 0.034651
8 0.482601 0.346509 0.006237 0.030493
8 0.866186 0.427592 0.017152 0.023563
8 0.217911 0.392941 0.008576 0.012474
8 0.353569 0.433136 0.008576 0.015246
8 0.475194 0.341658 0.005458 0.037423
8 0.573819 0.365221 0.006237 0.026335
8 0.458432 0.471945 0.006237 0.015246
2 0.111879 0.537782 0.081863 0.080390
9 0.696223 0.354825 0.021830 0.038809
9 0.697003 0.391555 0.018711 0.012474
9 0.879830 0.393634 0.022610 0.013860
8 0.704020 0.453234 0.007796 0.024949
8 0.567192 0.444918 0.007017 0.016632
8 0.531718 0.445611 0.003119 0.018018
2 0.554718 0.499435 0.010135 0.016632
2 0.524961 0.499666 0.015073 0.019867
2 0.604615 0.507751 0.022610 0.033265
2 0.541594 0.505672 0.021830 0.031879
2 0.630863 0.516761 0.028847 0.042967
12 0.579536 0.494584 0.035864 0.045739
2 0.501442 0.503362 0.028847 0.040195
2 0.489747 0.513064 0.028847 0.040195
2 0.933504 0.518259 0.107591 0.087095
6 0.741321 0.511447 0.016373 0.060986
6 0.756524 0.509368 0.014034 0.076232
6 0.771727 0.514220 0.011695 0.063758
9 0.880090 0.375717 0.011695 0.020791