9 0.078472 0.299232 0.027530 0.055060
9 0.235623 0.285467 0.022942 0.060159
9 0.224734 0.198999 0.016633 0.058119
9 0.372901 0.269184 0.015486 0.024471
9 0.417637 0.328833 0.017780 0.019373
9 0.418211 0.342088 0.016633 0.009177
9 0.562649 0.294706 0.014912 0.022493
9 0.485220 0.328833 0.018353 0.009177
9 0.686535 0.302800 0.016059 0.013255
9 0.603657 0.391509 0.021221 0.033648
9 0.827627 0.278839 0.013765 0.040785
2 0.826767 0.316056 0.008603 0.027530
2 0.317936 0.346167 0.012618 0.017334
2 0.306465 0.342598 0.010324 0.012236
2 0.295281 0.348206 0.031545 0.019373
2 0.247963 0.352285 0.049325 0.056080
2 0.557009 0.364011 0.018927 0.014275
2 0.578517 0.369619 0.013765 0.013255
2 0.562171 0.368089 0.015486 0.018353
2 0.479838 0.390841 0.079207 0.118897
2 0.442296 0.369268 0.036161 0.075000
9 0.915652 0.277278 0.024357 0.030566