8 0.561802 0.364453 0.005273 0.044531
8 0.476109 0.324609 0.007910 0.039844
8 0.555869 0.365625 0.006592 0.042187
8 0.466880 0.324609 0.007910 0.053906
8 0.461607 0.468750 0.007910 0.032812
8 0.395689 0.469922 0.005273 0.025781
9 0.290879 0.378972 0.025049 0.067055
9 0.288842 0.444140 0.013303 0.053906
9 0.822837 0.413672 0.023730 0.030469
8 0.640244 0.499218 0.006592 0.023437
6 0.256602 0.554296 0.022412 0.096094
6 0.137291 0.556640 0.042187 0.185156
2 0.439854 0.529687 0.019775 0.023437
2 0.411509 0.532031 0.036914 0.042187
2 0.522251 0.553125 0.026367 0.075000
2 0.464243 0.528515 0.026367 0.025781
2 0.475449 0.567187 0.088330 0.112500
2 0.824155 0.693750 0.350683 0.478125
9 0.730618 0.252150 0.047766 0.143838