2 0.531363 0.525473 0.009567 0.014882
2 0.511034 0.532914 0.031093 0.034016
2 0.486518 0.529725 0.017938 0.027638
2 0.463797 0.529725 0.027505 0.031890
2 0.429715 0.527599 0.023917 0.023386
2 0.408787 0.530788 0.020330 0.029764
2 0.341221 0.559007 0.138721 0.158485
2 0.101051 0.541417 0.058597 0.051024
8 0.508722 0.487701 0.007175 0.017008
2 0.541608 0.531284 0.010763 0.019134
9 0.549979 0.496205 0.008371 0.017008
2 0.565368 0.521291 0.037386 0.068882
9 0.688699 0.378213 0.034680 0.027638
2 0.722662 0.528732 0.041855 0.053150
2 0.751363 0.522354 0.017938 0.027638
2 0.842249 0.517040 0.053814 0.059528
2 0.948083 0.514914 0.100453 0.097795
9 0.679013 0.481961 0.007175 0.023386