2 0.170245 0.632358 0.015211 0.020801
2 0.191306 0.631318 0.017551 0.018721
2 0.205347 0.629238 0.008190 0.018721
2 0.217048 0.626118 0.019891 0.020801
2 0.195987 0.617797 0.017551 0.012481
2 0.253320 0.681241 0.026912 0.031202
2 0.228164 0.686441 0.042123 0.020801
2 0.201837 0.712443 0.069034 0.035362
2 0.336980 0.610517 0.016381 0.018721
2 0.312951 0.640996 0.017466 0.025596
9 0.443457 0.399800 0.028082 0.011649
9 0.470368 0.399384 0.016381 0.016641
9 0.730124 0.199692 0.030422 0.049923
9 0.766396 0.192412 0.039782 0.047843
9 0.800913 0.182011 0.029252 0.022881
9 0.834845 0.251695 0.038612 0.066564
9 0.299538 0.567042 0.007020 0.016641
9 0.232259 0.602404 0.012871 0.016641
9 0.256245 0.623205 0.011701 0.008320
12 0.255835 0.651197 0.023910 0.042506