8 0.403154 0.448508 0.007050 0.016114
8 0.468113 0.444032 0.004029 0.021485
2 0.453510 0.486108 0.019135 0.023276
2 0.383515 0.487003 0.016114 0.035809
2 0.354308 0.487898 0.042299 0.055504
2 0.294887 0.509383 0.084599 0.116379
2 0.422793 0.491479 0.058413 0.094894
2 0.224866 0.503117 0.067426 0.075199
2 0.146336 0.521021 0.095677 0.093103
2 0.062241 0.538926 0.094670 0.089523
2 0.008047 0.577421 0.015731 0.084151
2 0.475667 0.482527 0.017121 0.023276
2 0.493795 0.488793 0.019135 0.025066
2 0.534080 0.498641 0.071506 0.105637
2 0.612636 0.491479 0.079563 0.102056
2 0.703278 0.479841 0.095677 0.089523
2 0.817084 0.488793 0.129920 0.089523
2 0.936932 0.577421 0.123877 0.216645