2 0.374691 0.515593 0.013729 0.030508
2 0.356672 0.506441 0.030890 0.051864
2 0.334363 0.517881 0.020593 0.028983
2 0.302615 0.503390 0.049767 0.061017
2 0.269580 0.509491 0.026600 0.042712
2 0.213807 0.507966 0.093528 0.094576
2 0.081238 0.494237 0.080657 0.085424
2 0.128860 0.501102 0.098676 0.083898
2 0.443376 0.499169 0.039552 0.080033
2 0.561317 0.506441 0.023167 0.036610
2 0.567323 0.527797 0.031748 0.061017
12 0.613658 0.521695 0.084947 0.103729
12 0.821878 0.546864 0.321769 0.419491
2 0.660851 0.555254 0.038612 0.106780
6 0.981905 0.628474 0.034322 0.323390
2 0.504500 0.511973 0.094225 0.177989
2 0.404437 0.515318 0.060562 0.087052
2 0.017933 0.492712 0.035867 0.109830