8 0.132483 0.557847 0.010297 0.022881
8 0.273203 0.563186 0.008581 0.012203
8 0.340131 0.620390 0.008581 0.013729
8 0.002488 0.659288 0.004290 0.015254
9 0.010640 0.647237 0.013729 0.007627
9 0.297149 0.570230 0.029334 0.010908
9 0.339273 0.591864 0.012013 0.009153
9 0.332409 0.601780 0.015445 0.007627
9 0.553786 0.327203 0.041186 0.151017
8 0.257758 0.615051 0.006864 0.012203
8 0.292939 0.613525 0.006864 0.009153
2 0.351286 0.690559 0.077225 0.114407
2 0.287361 0.647085 0.014587 0.018305
2 0.233733 0.651661 0.018877 0.015254
2 0.263765 0.640983 0.010297 0.015254
2 0.182054 0.669703 0.021917 0.024932
2 0.130338 0.680644 0.028316 0.027458
2 0.217430 0.653186 0.012013 0.015254
2 0.308812 0.629542 0.012871 0.013729
2 0.292080 0.631068 0.020593 0.016780
2 0.247033 0.643271 0.016303 0.016780
2 0.275348 0.628780 0.011155 0.012203
8 0.278352 0.614288 0.006864 0.010678
8 0.325973 0.619627 0.007722 0.009153
8 0.304522 0.618102 0.006006 0.012203
9 0.619856 0.716491 0.025742 0.093051