2 0.513007 0.582135 0.155929 0.224538
2 0.679851 0.537219 0.113828 0.141743
2 0.268978 0.503824 0.051457 0.042967
2 0.344684 0.506824 0.046939 0.018475
2 0.378128 0.503131 0.017152 0.022177
2 0.423737 0.501745 0.016373 0.013860
2 0.444788 0.503131 0.011695 0.011088
2 0.750799 0.517685 0.010915 0.029107
2 0.748849 0.517685 0.013254 0.015246
2 0.797188 0.537782 0.109930 0.121971
2 0.347722 0.487885 0.018711 0.013860
2 0.046592 0.531042 0.093185 0.055450
2 0.895670 0.616786 0.208660 0.285523
12 0.601107 0.478314 0.059253 0.119461
2 0.620598 0.522536 0.048338 0.083162
9 0.670105 0.433829 0.011695 0.008316
9 0.658021 0.452541 0.043660 0.034651
2 0.079989 0.507583 0.136759 0.085308