8 0.451878 0.187322 0.011996 0.057583
8 0.182558 0.254502 0.013196 0.046919
8 0.937734 0.110648 0.019194 0.087234
8 0.919739 0.385663 0.016795 0.023460
8 0.675012 0.343009 0.011996 0.023460
8 0.760187 0.360192 0.009597 0.023703
8 0.628826 0.359004 0.010797 0.021327
8 0.444680 0.344076 0.011996 0.021327
8 0.393096 0.333412 0.009597 0.025592
8 0.478870 0.387796 0.008398 0.023460
8 0.168931 0.298848 0.029004 0.033241
9 0.188557 0.211848 0.029991 0.021327
9 0.417757 0.335760 0.020531 0.009593
9 0.536624 0.390663 0.013537 0.020662
9 0.728089 0.369193 0.011411 0.024643
9 0.675684 0.389369 0.020250 0.009545
9 0.652219 0.344815 0.019194 0.008682
9 0.631825 0.340877 0.009597 0.019194
8 0.917340 0.114810 0.016795 0.087441
2 0.670213 0.422985 0.021594 0.034123
9 0.609370 0.401099 0.005476 0.013915
9 0.182115 0.231094 0.031641 0.009375