6 0.439047 0.565512 0.038268 0.187087
2 0.722468 0.598465 0.227215 0.252992
2 0.851621 0.571890 0.088494 0.136063
2 0.825404 0.506592 0.044247 0.051024
2 0.877994 0.539545 0.072891 0.108425
9 0.944336 0.465591 0.007175 0.018425
8 0.925202 0.426969 0.007175 0.023386
8 0.851058 0.341575 0.009567 0.038268
8 0.827141 0.385512 0.011959 0.051024
8 0.815182 0.438662 0.019134 0.025512
8 0.868996 0.425906 0.009567 0.029764
6 0.958053 0.532347 0.031093 0.093543
6 0.980775 0.540000 0.033484 0.085039
6 0.976589 0.508110 0.044247 0.076535