8 0.656989 0.180878 0.042101 0.170482
8 0.660498 0.343044 0.033525 0.056827
2 0.032104 0.522998 0.063151 0.077618
2 0.081611 0.507058 0.037423 0.042967
2 0.096034 0.500128 0.017932 0.040195
2 0.152559 0.501514 0.040542 0.040195
2 0.193880 0.493198 0.010915 0.023563
2 0.211422 0.485575 0.027288 0.041581
2 0.265997 0.484882 0.016373 0.023563
2 0.332267 0.472407 0.016373 0.020791
2 0.365012 0.468942 0.010135 0.019405
12 0.373978 0.457392 0.009356 0.016632
2 0.375148 0.473331 0.007017 0.018018
2 0.387622 0.460857 0.007017 0.009702
2 0.315505 0.479569 0.020271 0.027721
2 0.391130 0.493429 0.031186 0.044353
2 0.351368 0.474717 0.020271 0.031879
2 0.243387 0.501052 0.050677 0.062372
9 0.432451 0.392248 0.010915 0.041581