8 0.234190 0.278203 0.011865 0.058594
8 0.559824 0.296953 0.011865 0.044531
8 0.510386 0.418828 0.007910 0.021094
8 0.479405 0.416484 0.006592 0.021094
8 0.545982 0.294609 0.010547 0.044531
8 0.220347 0.279375 0.013184 0.051562
9 0.739121 0.335625 0.017139 0.014062
9 0.610581 0.411797 0.010547 0.021094
9 0.554551 0.418828 0.017139 0.016406
8 0.845249 0.362578 0.015820 0.035156
2 0.441831 0.469218 0.015820 0.023437
2 0.427329 0.472734 0.021094 0.025781
2 0.408872 0.473906 0.021094 0.037500
2 0.395030 0.477422 0.017139 0.030469
2 0.379209 0.483281 0.017139 0.032812
2 0.322520 0.490312 0.035596 0.051562
2 0.530161 0.462187 0.018457 0.046875
2 0.602671 0.482109 0.063281 0.096094
2 0.745713 0.470390 0.075146 0.082031
6 0.787900 0.458672 0.014502 0.044531
2 0.290220 0.500859 0.060644 0.053906
2 0.355479 0.486797 0.038232 0.044531
2 0.551255 0.469218 0.034277 0.046875
2 0.499839 0.499687 0.071191 0.112500
2 0.681113 0.551250 0.188525 0.192187
2 0.848545 0.513750 0.164795 0.150000
2 0.038323 0.533672 0.076646 0.067969