6 0.272945 0.576934 0.018626 0.078962
12 0.560140 0.569293 0.025060 0.053491
12 0.846776 0.489734 0.305183 0.503147
8 0.376822 0.481925 0.008597 0.020377
8 0.419806 0.515038 0.008597 0.020377
8 0.525832 0.457727 0.008597 0.022925
8 0.647619 0.466642 0.011462 0.025472
9 0.378828 0.444482 0.020059 0.012736
9 0.469094 0.477595 0.028656 0.012736
9 0.370948 0.461038 0.024357 0.010189
9 0.674125 0.485236 0.030088 0.017830
9 0.499898 0.532359 0.012895 0.010189
9 0.585866 0.537453 0.012895 0.010189
0 0.654496 0.599859 0.017193 0.017830
0 0.644753 0.596038 0.017193 0.020377
0 0.635440 0.593491 0.015761 0.020377