9 0.230055 0.654204 0.021446 0.012131
9 0.423067 0.649872 0.021446 0.010398
9 0.461084 0.616945 0.011698 0.017330
9 0.442075 0.654204 0.010723 0.015597
9 0.562952 0.662869 0.012673 0.046791
9 0.489354 0.657670 0.015597 0.008665
9 0.307064 0.678466 0.013647 0.005199
9 0.255400 0.686265 0.007798 0.010398
9 0.217382 0.694063 0.007798 0.022529
9 0.468395 0.666335 0.010723 0.008665
9 0.462546 0.644673 0.008773 0.010398
9 0.392360 0.679333 0.014622 0.006932
9 0.403570 0.675867 0.007798 0.013864
9 0.408932 0.682799 0.008773 0.013864
9 0.325098 0.687131 0.008773 0.008665
8 0.331922 0.681066 0.006824 0.017330
8 0.252963 0.646406 0.004874 0.020796
8 0.397234 0.646406 0.006824 0.017330
8 0.256862 0.649005 0.004874 0.025995
8 0.468883 0.693197 0.007798 0.010398
6 0.428428 0.715726 0.008773 0.024262
2 0.365066 0.713126 0.008773 0.008665
2 0.378225 0.711393 0.011698 0.012131
2 0.383587 0.719192 0.010723 0.020796
2 0.394797 0.720058 0.017547 0.025995
2 0.406495 0.718325 0.007798 0.015597
2 0.354343 0.713993 0.012673 0.013864
1 0.344107 0.707061 0.013647 0.017330
2 0.327535 0.710527 0.011698 0.017330
2 0.331922 0.715726 0.012673 0.010398
2 0.298779 0.737388 0.020471 0.029461
2 0.417705 0.721791 0.012673 0.022529
2 0.369940 0.737388 0.028269 0.039859
2 0.334359 0.732189 0.027295 0.036393
2 0.282694 0.738254 0.033143 0.048524
2 0.250038 0.743453 0.022421 0.048524
2 0.233466 0.746919 0.028269 0.083184
2 0.544430 0.752343 0.053614 0.083632
2 0.602431 0.758693 0.083833 0.109875
2 0.652146 0.775987 0.087733 0.130920
1 0.843895 0.687030 0.311362 0.459041
2 0.120876 0.798043 0.239803 0.362195
2 0.974320 0.910687 0.049715 0.175032
7 0.438176 0.725257 0.008773 0.043325
7 0.464234 0.722788 0.012148 0.034398
0 0.438664 0.735655 0.007798 0.022529
0 0.464983 0.741720 0.005849 0.024262
9 0.507387 0.718325 0.008773 0.036393
2 0.511774 0.745186 0.025345 0.027728