6 0.686788 0.165937 0.022148 0.076875
6 0.646183 0.170625 0.012656 0.056250
6 0.631944 0.171797 0.009492 0.051094
2 0.605050 0.168750 0.021094 0.033750
9 0.553898 0.090000 0.011602 0.011250
8 0.543351 0.054375 0.009492 0.033750
8 0.555480 0.115312 0.012656 0.020625
9 0.480069 0.079687 0.013711 0.020625
9 0.277042 0.073125 0.027422 0.018750
8 0.445792 0.066562 0.008437 0.024375
2 0.541241 0.150937 0.015820 0.028125
2 0.569190 0.169687 0.059062 0.069375
2 0.486925 0.151875 0.012656 0.022500
2 0.475323 0.165000 0.018984 0.052500
1 0.404659 0.146865 0.025312 0.076229
2 0.513292 0.177187 0.059062 0.073125
2 0.438937 0.155625 0.058008 0.101250
2 0.367788 0.169761 0.023290 0.027978
9 0.347179 0.151875 0.007383 0.018750
8 0.225362 0.105000 0.008437 0.026250
8 0.173155 0.089062 0.007383 0.020625
8 0.167355 0.107812 0.014766 0.016875
6 0.272823 0.158437 0.010547 0.050625
2 0.326612 0.164062 0.033750 0.035625
2 0.299718 0.165937 0.022148 0.024375
2 0.223253 0.171085 0.046406 0.083421
2 0.192140 0.170703 0.058008 0.116093
2 0.095109 0.165937 0.167695 0.223125
9 0.654087 0.026250 0.015820 0.023437
9 0.660679 0.048516 0.013184 0.030469
6 0.654746 0.157500 0.014502 0.060937