9 0.679089 0.459567 0.025186 0.054311
2 0.618821 0.535575 0.031513 0.042982
2 0.571699 0.529631 0.017957 0.023631
12 0.546163 0.509317 0.024253 0.053481
2 0.530259 0.528974 0.029010 0.038213
2 0.453104 0.532378 0.024232 0.029953
2 0.421658 0.536465 0.033064 0.036496
2 0.157236 0.552210 0.088776 0.082554
2 0.236451 0.552996 0.077850 0.085838
2 0.583942 0.523620 0.006996 0.011608
2 0.511415 0.526315 0.009328 0.021144
2 0.485024 0.540070 0.045071 0.058273
2 0.070184 0.561761 0.140369 0.148641
2 0.339107 0.561667 0.143850 0.176199
2 0.269061 0.526745 0.011905 0.019578
2 0.439705 0.527144 0.012826 0.021973
2 0.516896 0.516365 0.006763 0.016998
2 0.506402 0.530460 0.010961 0.026119
2 0.559339 0.524656 0.006296 0.020315
2 0.707656 0.525900 0.031482 0.024460
2 0.801637 0.527973 0.042676 0.032752