8 0.099918 0.163768 0.014622 0.025995
8 0.357267 0.239216 0.010723 0.041466
8 0.323149 0.332734 0.004874 0.017330
8 0.390411 0.337933 0.004874 0.013864
8 0.355805 0.355263 0.003899 0.013864
8 0.089195 0.350064 0.004874 0.017330
9 0.496275 0.241232 0.016572 0.020796
9 0.496762 0.294089 0.015597 0.012131
9 0.561587 0.212638 0.026320 0.012131
8 0.581595 0.299684 0.011698 0.022529
8 0.513358 0.331744 0.009748 0.020796
2 0.356632 0.380743 0.007894 0.012139
2 0.372669 0.375539 0.010723 0.015597
2 0.405494 0.381486 0.021784 0.034422
2 0.418972 0.381605 0.007798 0.017330
2 0.426268 0.384389 0.010755 0.022897
2 0.441220 0.389689 0.023049 0.028889
2 0.292247 0.391136 0.013647 0.019063
2 0.279741 0.391969 0.010723 0.024262
2 0.270883 0.392047 0.009585 0.013775
2 0.259029 0.389623 0.011549 0.036833
2 0.240551 0.392189 0.031131 0.045430
2 0.207927 0.399801 0.045816 0.046791
2 0.151473 0.405371 0.061631 0.061396
2 0.088220 0.417998 0.057514 0.065854
2 0.031194 0.415398 0.062388 0.084917
2 0.525477 0.411308 0.093205 0.118997
2 0.625769 0.461336 0.134175 0.230734
2 0.816317 0.510228 0.367365 0.439340