6 0.304889 0.516531 0.014975 0.127568
6 0.287105 0.513203 0.023087 0.129786
6 0.319240 0.514867 0.022463 0.144207
9 0.679985 0.358299 0.036190 0.024404
9 0.595125 0.414318 0.013727 0.027732
9 0.585142 0.437058 0.011232 0.022186
9 0.508705 0.439831 0.008112 0.018858
9 0.479378 0.405998 0.015599 0.031060
2 0.567607 0.477177 0.026207 0.043262
2 0.551696 0.486052 0.015599 0.025514
6 0.449572 0.478102 0.010608 0.057683
6 0.463924 0.481984 0.010608 0.052136
9 0.196177 0.225739 0.043678 0.025514
2 0.589245 0.513969 0.059901 0.086524
2 0.114086 0.613250 0.228173 0.369392