6 0.655891 0.482050 0.030302 0.132225
6 0.688029 0.482050 0.026629 0.128960
2 0.403255 0.450816 0.015610 0.024486
2 0.452381 0.439389 0.011019 0.017956
2 0.476255 0.437757 0.014692 0.017956
2 0.490946 0.445919 0.014692 0.017956
2 0.492783 0.433676 0.009182 0.016324
2 0.464624 0.451360 0.017752 0.028839
2 0.380300 0.463875 0.021119 0.050605
2 0.364690 0.469589 0.035811 0.058767
2 0.750849 0.468086 0.078968 0.112507
2 0.795146 0.464886 0.046356 0.115901
2 0.154848 0.518289 0.083559 0.122430
6 0.139238 0.471765 0.011937 0.032648
2 0.061325 0.545844 0.122649 0.198994
1 0.421992 0.431189 0.018365 0.029383
2 0.258481 0.469045 0.138653 0.231802
2 0.439678 0.440478 0.017446 0.027751
2 0.466307 0.455169 0.019283 0.024486
2 0.351009 0.482650 0.049026 0.064049
2 0.421533 0.446930 0.017446 0.024486
9 0.574658 0.362122 0.013773 0.034281