9 0.176440 0.113511 0.017547 0.032927
8 0.395772 0.012131 0.023395 0.024262
8 0.174003 0.175899 0.014622 0.084917
8 0.191062 0.180231 0.019496 0.090116
6 0.168154 0.343999 0.026320 0.150770
6 0.691139 0.443646 0.023395 0.131707
6 0.715996 0.453177 0.024370 0.136906
6 0.770098 0.462709 0.029244 0.145571
6 0.753039 0.450578 0.020471 0.142105
6 0.801292 0.453177 0.037043 0.147304
6 0.861243 0.473107 0.030219 0.138639
7 0.816402 0.458376 0.063363 0.157702
0 0.811528 0.495636 0.098456 0.124775
8 0.981798 0.322619 0.030861 0.066418
6 0.033794 0.314763 0.033793 0.150320
6 0.066482 0.314477 0.031584 0.150648
7 0.250038 0.353530 0.045816 0.131707
3 0.246626 0.372593 0.048740 0.086650
6 0.142322 0.324936 0.023395 0.102247
6 0.532245 0.386457 0.015597 0.038126
2 0.306577 0.362859 0.080909 0.108774
2 0.471320 0.419384 0.110153 0.159435
2 0.431840 0.365661 0.025345 0.041592
2 0.515771 0.369238 0.016093 0.041126