2 0.543272 0.477245 0.038227 0.053265
6 0.830225 0.433469 0.039448 0.062449
6 0.694974 0.465918 0.018597 0.084490
6 0.621275 0.470816 0.012398 0.047755
6 0.579949 0.469898 0.008265 0.045918
6 0.567551 0.469898 0.010332 0.053265
6 0.605261 0.466224 0.011365 0.059388
2 0.346225 0.505102 0.066581 0.091837
2 0.428590 0.470257 0.027895 0.044187
2 0.397596 0.488019 0.040293 0.052533
12 0.516754 0.461020 0.036161 0.069796
2 0.130523 0.584694 0.208699 0.161633
2 0.817036 0.618160 0.344780 0.313055
2 0.028756 0.666278 0.054758 0.208474
2 0.959981 0.784286 0.077487 0.422449
7 0.175466 0.565102 0.075421 0.290204
7 0.172366 0.656326 0.058890 0.202041
8 0.482215 0.424583 0.007798 0.017330
8 0.436887 0.417651 0.004874 0.017330
2 0.451647 0.471148 0.018721 0.022881