8 0.448769 0.296250 0.009492 0.048750
8 0.764648 0.233437 0.012656 0.061875
8 0.783633 0.465000 0.023203 0.030000
8 0.780996 0.236250 0.015820 0.067500
8 0.751465 0.237187 0.013711 0.061875
8 0.463535 0.302812 0.009492 0.046875
8 0.440332 0.300000 0.009492 0.037500
8 0.322207 0.455625 0.020039 0.030000
8 0.985078 0.387187 0.027422 0.058125
9 0.009492 0.315000 0.016875 0.026250
9 0.009492 0.170625 0.018984 0.015000
9 0.011074 0.193125 0.022148 0.026250
9 0.018984 0.228750 0.029531 0.045000
9 0.821601 0.387187 0.035859 0.024375
9 0.795761 0.403125 0.007383 0.018750
6 0.778359 0.549375 0.027422 0.127500
6 0.718769 0.528750 0.026367 0.071250
2 0.082266 0.528750 0.099141 0.060000
12 0.802090 0.543750 0.108633 0.086250
2 0.557402 0.596250 0.336445 0.540000
2 0.038496 0.510937 0.074883 0.076875
2 0.056426 0.730366 0.110742 0.294483
2 0.986660 0.568125 0.024258 0.090000