9 0.193012 0.157702 0.074085 0.093582
9 0.818839 0.028594 0.101380 0.046791
8 0.046791 0.177632 0.015597 0.032927
8 0.115027 0.183697 0.015597 0.027728
8 0.363603 0.162035 0.025345 0.053723
8 0.514699 0.123042 0.019496 0.065854
8 0.537607 0.298941 0.028269 0.046791
8 0.510799 0.305873 0.019496 0.039859
6 0.247601 0.405520 0.021446 0.083184
6 0.485454 0.434114 0.031194 0.154236
2 0.640936 0.457510 0.153045 0.110911
2 0.561489 0.440180 0.027295 0.076252
2 0.334359 0.417651 0.038992 0.051990
2 0.404612 0.434981 0.132708 0.117843
2 0.233954 0.396855 0.027295 0.048524
2 0.167667 0.425449 0.105279 0.147304
1 0.045816 0.350931 0.091632 0.306740