9 0.481196 0.238776 0.011193 0.012245
9 0.448049 0.340561 0.006888 0.007653
9 0.568154 0.348214 0.007749 0.013776
9 0.727864 0.402551 0.010332 0.015306
8 0.447274 0.356633 0.004305 0.021429
8 0.481713 0.269388 0.009471 0.042857
8 0.568240 0.377296 0.007749 0.038265
9 0.864844 0.200663 0.049075 0.123980
2 0.147226 0.440817 0.046492 0.045918
2 0.208355 0.443112 0.072321 0.050510
2 0.415418 0.449847 0.035300 0.050510
2 0.594414 0.472806 0.080931 0.111735
2 0.498706 0.513368 0.169611 0.235714
3 0.025716 0.469898 0.051432 0.165306
0 0.877882 0.499308 0.055963 0.114796
0 0.870563 0.503637 0.101594 0.138761
3 0.381121 0.464859 0.014328 0.040755
7 0.382553 0.438114 0.017193 0.043302