2 0.019950 0.616839 0.039899 0.195591
2 0.011991 0.522497 0.022958 0.090890
2 0.080038 0.501581 0.149483 0.150945
2 0.329376 0.593453 0.397028 0.476221
2 0.508158 0.484573 0.037072 0.070157
2 0.599044 0.481839 0.017938 0.070157
2 0.634322 0.477861 0.052618 0.070704
2 0.706074 0.492469 0.090886 0.142441
12 0.782609 0.401052 0.074144 0.053150
2 0.557786 0.478650 0.076535 0.127559
12 0.559580 0.401356 0.051422 0.040394
8 0.587683 0.343650 0.007175 0.031890
9 0.603827 0.349269 0.020330 0.017008
2 0.830747 0.568150 0.240369 0.268428
2 0.943158 0.516690 0.108824 0.243394