9 0.722333 0.483505 0.017547 0.024262
9 0.699912 0.473973 0.019496 0.043325
9 0.655071 0.521631 0.021446 0.031194
9 0.654096 0.480039 0.029244 0.051990
9 0.618516 0.556290 0.014622 0.027728
9 0.597557 0.551958 0.011698 0.012131
8 0.650197 0.551958 0.009748 0.015597
2 0.534682 0.592683 0.012673 0.013864
2 0.558782 0.595283 0.012131 0.012131
8 0.572700 0.488704 0.010723 0.027728
8 0.598532 0.578819 0.007798 0.017330
8 0.554178 0.504301 0.006824 0.020796
2 0.240290 0.601348 0.026320 0.020796
2 0.109666 0.598749 0.024370 0.057189
12 0.022503 0.532265 0.045005 0.213281
8 0.471494 0.442265 0.011865 0.030469