6 0.368327 0.594000 0.014350 0.029764
6 0.327667 0.591874 0.011959 0.051024
6 0.316905 0.594000 0.007175 0.038268
6 0.272658 0.583370 0.009567 0.029764
6 0.264884 0.588685 0.008371 0.036142
0 0.251730 0.612071 0.027505 0.044646
0 0.281627 0.606756 0.015546 0.038268
0 0.296575 0.607819 0.011959 0.040394
6 0.311523 0.606756 0.013155 0.034016
0 0.123772 0.642619 0.070556 0.097238
2 0.463996 0.587835 0.019134 0.027638
2 0.473563 0.579331 0.011959 0.023386
2 0.446058 0.589961 0.023917 0.061654
2 0.413172 0.594213 0.060989 0.091417
2 0.490305 0.589961 0.035876 0.061654
2 0.509439 0.583583 0.011959 0.019134
1 0.550099 0.571093 0.071752 0.116398
2 0.635975 0.613878 0.053070 0.112677
6 0.064577 0.599528 0.031093 0.153071
2 0.766750 0.626260 0.257111 0.392993
6 0.909058 0.619370 0.017938 0.055276
9 0.329461 0.487914 0.020330 0.040394
9 0.385667 0.541063 0.008371 0.023386
8 0.401811 0.535748 0.007175 0.025512
8 0.416759 0.543189 0.008371 0.027638
8 0.612882 0.524055 0.008371 0.019134
9 0.326554 0.523417 0.012123 0.025512
6 0.190143 0.587622 0.016742 0.063780
6 0.251443 0.590905 0.015137 0.082973