2 0.057990 0.476189 0.115979 0.324395
2 0.846153 0.473785 0.303866 0.389691
2 0.174476 0.444250 0.175274 0.193090
2 0.274871 0.419146 0.090464 0.119588
2 0.327642 0.401574 0.056830 0.112013
2 0.409407 0.386804 0.009278 0.028866
2 0.367655 0.390928 0.018557 0.065979
2 0.398389 0.391959 0.012758 0.030928
2 0.382732 0.386804 0.016237 0.049485
2 0.417526 0.383711 0.009278 0.026804
2 0.659343 0.457116 0.117139 0.160407
2 0.579897 0.436076 0.046392 0.090296
2 0.516688 0.417629 0.081186 0.140412
2 0.471166 0.397938 0.016237 0.039175
2 0.460148 0.389691 0.017397 0.026804
2 0.440476 0.389643 0.021947 0.031024