2 0.817381 0.637577 0.364248 0.357597
2 0.188674 0.478876 0.081083 0.090092
2 0.415161 0.520795 0.097456 0.157298
2 0.628394 0.528506 0.169963 0.244795
2 0.536396 0.541571 0.057694 0.099056
2 0.364094 0.496201 0.015593 0.030493
2 0.352400 0.494815 0.014034 0.027721
2 0.337586 0.491350 0.021830 0.029107
6 0.134489 0.467787 0.019491 0.084548
6 0.061592 0.466401 0.024949 0.106725
6 0.021440 0.470559 0.017932 0.117813
6 0.274825 0.488578 0.016373 0.045739
6 0.288859 0.485113 0.007017 0.041581
6 0.299384 0.485806 0.007796 0.042967
6 0.240521 0.475410 0.016373 0.055441
6 0.101354 0.464322 0.014034 0.080390
6 0.080303 0.462243 0.012474 0.081776
6 0.011305 0.461550 0.016373 0.105339
6 0.038203 0.451155 0.012474 0.076232
6 0.112269 0.462243 0.010915 0.065144
6 0.157878 0.464322 0.019491 0.063758
6 0.254164 0.479569 0.010915 0.049897
6 0.315756 0.488578 0.010915 0.040195
6 0.876711 0.488578 0.041321 0.076232
6 0.985472 0.554415 0.026508 0.110883
6 0.937134 0.536396 0.024949 0.052669
12 0.464279 0.491350 0.021050 0.067916
2 0.462720 0.504517 0.011695 0.047125
9 0.323163 0.409574 0.025728 0.015246
9 0.451025 0.413732 0.031965 0.018018
9 0.468567 0.435215 0.010915 0.041581
8 0.346552 0.409574 0.003898 0.026335
8 0.413992 0.414425 0.003119 0.019405
8 0.350451 0.408881 0.003898 0.022177
8 0.418280 0.414425 0.003898 0.019405
8 0.409314 0.413732 0.004678 0.020791
8 0.342264 0.409574 0.004678 0.026335