9 0.444580 0.492216 0.052774 0.055363
9 0.445921 0.457192 0.020363 0.007568
9 0.494228 0.493036 0.038992 0.046791
9 0.502162 0.466563 0.023667 0.009621
9 0.540044 0.505167 0.017547 0.025995
9 0.541018 0.535494 0.013647 0.031194
2 0.450361 0.606886 0.085783 0.134495
2 0.530506 0.602758 0.060859 0.087296
2 0.494248 0.592277 0.017588 0.047712
2 0.211817 0.566785 0.055156 0.076444
2 0.272351 0.584148 0.067477 0.083443
2 0.333872 0.582285 0.043866 0.048524
2 0.363603 0.583152 0.011698 0.019063
2 0.391385 0.581857 0.024370 0.040736
2 0.071648 0.569472 0.139398 0.254382
9 0.409907 0.499968 0.018521 0.036393
9 0.259786 0.495636 0.012673 0.038126