2 0.152557 0.403787 0.149146 0.135173
2 0.798971 0.437975 0.262455 0.272868
2 0.258324 0.385591 0.062388 0.102247
2 0.309989 0.378659 0.052640 0.088383
2 0.651686 0.398470 0.095445 0.171071
2 0.598547 0.389605 0.046821 0.127605
2 0.561002 0.372593 0.034118 0.097048
2 0.537119 0.372593 0.019496 0.051990
2 0.517136 0.361329 0.022421 0.050257
2 0.506413 0.361329 0.018521 0.036393
2 0.392360 0.367394 0.016572 0.038126
2 0.410882 0.366528 0.014622 0.032927
2 0.427941 0.368174 0.017547 0.025822
2 0.446462 0.361329 0.015597 0.029461
2 0.363760 0.369498 0.040629 0.054713
2 0.472294 0.361329 0.014622 0.019063
8 0.464983 0.327535 0.005849 0.017330
8 0.483017 0.329268 0.012673 0.013864
8 0.484967 0.342266 0.006824 0.015597
8 0.468883 0.342266 0.005849 0.015597