9 0.110618 0.319748 0.015546 0.029764
9 0.171607 0.330591 0.013155 0.014882
9 0.393440 0.342284 0.014350 0.008504
2 0.240967 0.349725 0.015546 0.019134
2 0.199710 0.353976 0.011959 0.014882
2 0.182370 0.355039 0.017938 0.017008
2 0.144700 0.355039 0.023917 0.017008
2 0.084907 0.351850 0.050226 0.031890
2 0.359956 0.359291 0.009567 0.012756
2 0.374306 0.373110 0.031093 0.040394
2 0.336636 0.359291 0.017938 0.012756
2 0.218844 0.366732 0.047835 0.057402
2 0.281627 0.374173 0.080123 0.106299
2 0.410182 0.385866 0.059793 0.074409
2 0.503460 0.346536 0.021526 0.029764
2 0.526779 0.345473 0.032288 0.031890
2 0.536944 0.348662 0.035876 0.034016
2 0.561459 0.340158 0.027505 0.034016
2 0.578799 0.341221 0.055010 0.048898
2 0.588964 0.342284 0.058597 0.046772
2 0.594944 0.342284 0.046639 0.046772
2 0.629624 0.345473 0.077731 0.057402
2 0.727087 0.338032 0.119587 0.080787
2 0.820962 0.340158 0.135133 0.085039
2 0.899172 0.341221 0.025113 0.023386
2 0.936202 0.351850 0.094390 0.057402
2 0.985274 0.355266 0.027505 0.059982