8 0.464243 0.488672 0.005273 0.030469
8 0.423374 0.487500 0.007910 0.028125
8 0.495884 0.491015 0.005273 0.021094
8 0.464243 0.505078 0.005273 0.021094
8 0.420078 0.509765 0.003955 0.021094
2 0.488633 0.543750 0.009229 0.018750
2 0.472813 0.546093 0.011865 0.018750
2 0.458311 0.548437 0.017139 0.018750
2 0.433023 0.566064 0.022688 0.033380
2 0.403845 0.560663 0.021586 0.036486
2 0.298789 0.557812 0.011865 0.037500
2 0.258333 0.576266 0.089648 0.110156
2 0.137950 0.596484 0.172705 0.171094
2 0.344273 0.564745 0.087012 0.164260
2 0.470213 0.583341 0.059400 0.107309
2 0.534777 0.570644 0.038235 0.063163
2 0.511045 0.580078 0.014502 0.044531
2 0.562781 0.596709 0.057330 0.077793
6 0.772739 0.606585 0.031641 0.122767