2 0.553153 0.472500 0.013401 0.021176
2 0.558364 0.481765 0.014890 0.023824
2 0.568043 0.479118 0.010423 0.034412
2 0.572510 0.483089 0.013401 0.031765
2 0.580699 0.487059 0.014890 0.050294
2 0.602289 0.491030 0.049136 0.074118
2 0.628346 0.512206 0.047647 0.100588
2 0.664081 0.510883 0.068493 0.177353
2 0.734807 0.527627 0.141452 0.274371
2 0.506250 0.495000 0.008934 0.029118
2 0.498061 0.492353 0.013401 0.039706
2 0.481682 0.497647 0.025313 0.045000
2 0.480193 0.505589 0.025313 0.050294
2 0.448873 0.500294 0.040306 0.066177
2 0.413516 0.519215 0.061701 0.075982
2 0.529605 0.493126 0.040754 0.062427
2 0.069628 0.675243 0.139256 0.304590
2 0.859463 0.596719 0.276297 0.486673
2 0.161553 0.540334 0.323105 0.382476