8 0.224961 0.425859 0.009229 0.035156
8 0.319224 0.472734 0.005273 0.021094
8 0.412168 0.410625 0.009229 0.032812
8 0.451060 0.428203 0.010547 0.035156
8 0.337681 0.479765 0.007910 0.025781
8 0.406236 0.491484 0.010547 0.021094
9 0.484678 0.408281 0.022412 0.018750
9 0.737144 0.306328 0.034277 0.114844
8 0.141905 0.400078 0.017139 0.039844
9 0.420738 0.461015 0.010547 0.030469
2 0.308677 0.517265 0.015820 0.021094
2 0.391734 0.512578 0.013184 0.021094
2 0.403063 0.523590 0.020022 0.031881
2 0.135313 0.551250 0.064600 0.070312
2 0.287583 0.523125 0.031641 0.037500
2 0.254624 0.530156 0.029004 0.037500
2 0.343614 0.516093 0.017139 0.014062
2 0.325178 0.526436 0.022454 0.034749
2 0.685728 0.591093 0.208301 0.206250