8 0.503463 0.260900 0.014396 0.068246
8 0.126775 0.105213 0.023993 0.098104
8 0.163364 0.121208 0.017995 0.087441
8 0.520258 0.269431 0.009597 0.068246
8 0.637223 0.462440 0.015595 0.023460
8 0.104581 0.469905 0.015595 0.034123
8 0.119577 0.475237 0.009597 0.027725
8 0.622228 0.463507 0.007198 0.029858
9 0.630625 0.397393 0.026392 0.017062
9 0.824368 0.354739 0.037189 0.017062
2 0.438708 0.549881 0.014447 0.023460
2 0.404492 0.557346 0.020394 0.029858
2 0.365663 0.560501 0.042869 0.041725
2 0.316846 0.573621 0.037552 0.048493
2 0.279729 0.572323 0.041988 0.076495
2 0.223346 0.580668 0.077977 0.090403
2 0.481270 0.554147 0.017995 0.031991
2 0.501664 0.559478 0.022793 0.034123
2 0.526256 0.565369 0.035989 0.054242
2 0.975269 0.579602 0.049461 0.113307