8 0.009219 0.195190 0.013000 0.046224
8 0.316258 0.061277 0.012236 0.069335
8 0.332699 0.063317 0.017589 0.067976
9 0.684049 0.320846 0.012236 0.032628
9 0.687873 0.341918 0.009177 0.012236
9 0.632048 0.350076 0.013765 0.017674
8 0.618665 0.339879 0.009941 0.029909
8 0.525368 0.309290 0.009941 0.023112
8 0.490955 0.317447 0.009941 0.023112
9 0.238074 0.161740 0.019118 0.017674
9 0.245339 0.247390 0.007647 0.020393
9 0.238074 0.269822 0.008412 0.019033
8 0.755551 0.332402 0.014530 0.025831
8 0.733374 0.335121 0.008412 0.023112
2 0.575330 0.382704 0.012236 0.023112
2 0.597890 0.383384 0.006883 0.016314
2 0.618155 0.384063 0.022942 0.025831
2 0.622744 0.390861 0.026001 0.025831
2 0.634930 0.401947 0.035078 0.044506
2 0.483337 0.373187 0.019118 0.028550
2 0.463631 0.379719 0.024060 0.038894
2 0.392178 0.356420 0.025236 0.023112
2 0.358530 0.359139 0.042060 0.061178
2 0.326794 0.366616 0.024471 0.054381
2 0.290852 0.367943 0.050472 0.057165
2 0.238850 0.363724 0.056590 0.073761
2 0.157789 0.363218 0.117768 0.093807
2 0.054539 0.370982 0.107827 0.096526
8 0.256810 0.275136 0.006118 0.024471
2 0.427547 0.387164 0.072757 0.093543
2 0.522935 0.430123 0.104003 0.152271
6 0.751388 0.409314 0.013765 0.077492
8 0.631936 0.012689 0.022942 0.021752
8 0.609377 0.010650 0.023707 0.020393
2 0.584405 0.379694 0.015647 0.019471