8 0.564579 0.031482 0.009004 0.040909
8 0.570082 0.116858 0.006003 0.019565
1 0.540748 0.193081 0.030551 0.077878
1 0.496045 0.200819 0.056028 0.086425
1 0.397997 0.211127 0.132065 0.204546
0 0.557986 0.259799 0.023011 0.092191
7 0.559576 0.218241 0.029014 0.108498
1 0.591939 0.190275 0.077732 0.127269
6 0.793692 0.217352 0.031015 0.096047
6 0.845218 0.211821 0.032016 0.188148
0 0.920275 0.249349 0.076079 0.155045
6 0.890740 0.174664 0.033016 0.113834
6 0.945767 0.158656 0.031015 0.088933
6 0.778913 0.181808 0.017956 0.082184
6 0.654746 0.188906 0.011865 0.046875
6 0.666611 0.202969 0.022412 0.089062