8 0.353501 0.449297 0.010547 0.016406
9 0.159043 0.444609 0.017139 0.021094
9 0.158384 0.418828 0.015820 0.025781
9 0.601353 0.259453 0.026367 0.021094
9 0.820200 0.299297 0.021094 0.082031
2 0.357456 0.487968 0.010547 0.028125
2 0.347569 0.482109 0.014502 0.035156
2 0.335704 0.482109 0.011865 0.030469
2 0.321202 0.486797 0.030322 0.035156
2 0.418101 0.480937 0.013184 0.023437
2 0.427329 0.477422 0.015820 0.030469
2 0.439854 0.478593 0.017139 0.037500
2 0.453037 0.478593 0.025049 0.046875
2 0.469596 0.475824 0.029162 0.075851
2 0.290220 0.490312 0.042187 0.056250
2 0.512579 0.462817 0.075577 0.115928
2 0.396348 0.483281 0.019775 0.028125
2 0.168931 0.499687 0.100195 0.098437
2 0.934238 0.450468 0.130517 0.145312