2 0.039663 0.535040 0.077731 0.178583
2 0.411425 0.471338 0.046944 0.063623
2 0.466587 0.473386 0.025113 0.034016
12 0.497680 0.469134 0.015546 0.034016
2 0.513226 0.468071 0.010763 0.019134
2 0.532360 0.462402 0.013155 0.014882
2 0.523989 0.464528 0.010763 0.023386
2 0.544916 0.471969 0.014350 0.025512
2 0.558669 0.474095 0.015546 0.021260
2 0.742234 0.502795 0.090886 0.087165
8 0.598930 0.369474 0.011559 0.034911
8 0.504257 0.376299 0.011959 0.017008
8 0.500669 0.432992 0.009567 0.021260
8 0.513824 0.450000 0.011959 0.012756
8 0.544916 0.432992 0.007175 0.017008
2 0.698585 0.474449 0.032288 0.031890
9 0.642460 0.372628 0.013316 0.019586
9 0.680988 0.350340 0.016065 0.021783
9 0.426629 0.414085 0.012164 0.008051
9 0.642380 0.413394 0.013155 0.009433
2 0.562257 0.467008 0.020330 0.021260
2 0.619450 0.462756 0.015287 0.017008
2 0.525783 0.430866 0.011959 0.017008
2 0.481536 0.474095 0.014350 0.021260
2 0.354739 0.466441 0.053814 0.055276