2 0.138423 0.785912 0.276845 0.303274
2 0.033631 0.675000 0.067262 0.129974
2 0.896336 0.680199 0.172541 0.185430
2 0.773023 0.684532 0.148171 0.107445
6 0.982119 0.717459 0.034118 0.457510
9 0.511634 0.543803 0.020471 0.017851
8 0.522309 0.594416 0.019873 0.027728
8 0.593172 0.460968 0.026318 0.065869
8 0.620953 0.473973 0.029244 0.067587
9 0.554025 0.460767 0.030526 0.042009
9 0.476781 0.642506 0.016320 0.030326
8 0.436227 0.648139 0.002924 0.013864
8 0.383099 0.652471 0.005849 0.019063
8 0.379859 0.425449 0.016229 0.060655
8 0.394963 0.425716 0.013980 0.057723
8 0.431840 0.650738 0.005849 0.019063
8 0.079934 0.628209 0.015597 0.025995
8 0.105279 0.629076 0.017547 0.031194
2 0.450011 0.707482 0.053888 0.082342
2 0.334846 0.720058 0.049715 0.064121
2 0.402596 0.714859 0.040942 0.071053
2 0.366091 0.724595 0.021256 0.041178
2 0.285131 0.727857 0.043866 0.051990
2 0.257837 0.703595 0.020471 0.031194
2 0.380662 0.720925 0.008773 0.031194