2 0.496421 0.532895 0.023395 0.024262
2 0.480824 0.548492 0.013647 0.020796
2 0.458023 0.549976 0.018521 0.029461
2 0.439650 0.553530 0.022932 0.036570
2 0.411874 0.562968 0.014170 0.039473
2 0.396488 0.563865 0.020441 0.037679
2 0.368234 0.572754 0.043866 0.058922
2 0.328267 0.587889 0.049715 0.064930
2 0.286350 0.590084 0.053614 0.083184
2 0.590002 0.549358 0.015597 0.022529
2 0.615347 0.557157 0.023395 0.034660
2 0.641180 0.565822 0.022421 0.041592
2 0.659701 0.572754 0.028269 0.041592
2 0.705030 0.584885 0.072136 0.090116
8 0.561733 0.510366 0.009748 0.024262
8 0.580742 0.511233 0.010723 0.025995
2 0.218879 0.602206 0.083382 0.097941
2 0.142197 0.604853 0.084871 0.119118
2 0.055092 0.640589 0.110184 0.180000
2 0.422596 0.561607 0.014930 0.034029
2 0.471023 0.552079 0.015313 0.028584