2 0.368845 0.396603 0.018618 0.039783
2 0.351997 0.397938 0.024356 0.045361
2 0.327062 0.398845 0.041753 0.060041
2 0.221327 0.414944 0.043685 0.048462
2 0.455953 0.397905 0.025823 0.053542
2 0.496972 0.393814 0.022036 0.028866
2 0.278351 0.400946 0.074227 0.097076
2 0.009858 0.426804 0.019716 0.074227
2 0.110180 0.466965 0.206443 0.261947
2 0.411720 0.427269 0.092798 0.130929
8 0.328163 0.324742 0.009395 0.022680
8 0.487693 0.319588 0.008119 0.020619
9 0.128157 0.318557 0.010438 0.018557
12 0.525967 0.372165 0.040593 0.084536
2 0.530606 0.380412 0.028995 0.080412
2 0.546263 0.382474 0.025515 0.068041
2 0.575258 0.389691 0.055670 0.086598
2 0.635335 0.408247 0.099742 0.119588
2 0.835400 0.503093 0.325902 0.362887
6 0.713041 0.370103 0.027835 0.088660