9 0.270175 0.291451 0.010492 0.058290
9 0.343620 0.282124 0.020984 0.058290
9 0.380343 0.314767 0.052461 0.020984
9 0.461000 0.297909 0.038038 0.015249
9 0.620049 0.411550 0.029461 0.013946
8 0.418378 0.297280 0.018361 0.041969
8 0.492479 0.293782 0.019673 0.039637
2 0.309606 0.490887 0.042140 0.046465
2 0.420345 0.477979 0.017050 0.020984
2 0.064265 0.556088 0.128530 0.163212
8 0.462314 0.357902 0.006558 0.027979
8 0.430029 0.353238 0.008173 0.032642
2 0.451166 0.479145 0.020984 0.013990
8 0.760432 0.226698 0.017193 0.066226
8 0.778342 0.224151 0.018626 0.061132
8 0.855713 0.221604 0.032954 0.127359