2 0.220180 0.507897 0.073714 0.081125
2 0.190344 0.495070 0.021061 0.029122
2 0.268738 0.500270 0.023401 0.027042
2 0.440154 0.494030 0.019891 0.043683
2 0.468820 0.500270 0.018721 0.031202
2 0.519718 0.505470 0.017551 0.045763
2 0.537854 0.512751 0.032762 0.060324
2 0.573371 0.520612 0.039242 0.080207
2 0.595588 0.522764 0.043661 0.088671
2 0.640236 0.534592 0.090095 0.112327
2 0.723896 0.549153 0.138068 0.158089
2 0.876912 0.588359 0.242848 0.262728
6 0.812821 0.473228 0.023401 0.043683
2 0.492807 0.509477 0.040952 0.054391
2 0.395691 0.551233 0.118177 0.178891
2 0.456327 0.501830 0.015211 0.024961
2 0.558111 0.516026 0.027190 0.071138