2 0.086792 0.655239 0.172000 0.224653
2 0.861379 0.563714 0.274966 0.470108
2 0.722726 0.555393 0.173170 0.228814
2 0.563011 0.515871 0.052653 0.066564
2 0.222521 0.570994 0.118177 0.151849
2 0.299160 0.551233 0.063184 0.091525
2 0.372875 0.530432 0.039782 0.054083
2 0.399201 0.527312 0.022231 0.039522
2 0.416752 0.513791 0.024571 0.029122
2 0.437228 0.508591 0.018721 0.031202
2 0.530249 0.504430 0.033932 0.056163
2 0.509773 0.509631 0.023401 0.037442
2 0.491052 0.510671 0.018721 0.022881
2 0.479351 0.507550 0.014041 0.024961
2 0.449514 0.504430 0.015211 0.027042
9 0.640236 0.357781 0.031592 0.049923
9 0.294480 0.454507 0.009361 0.031202
8 0.466480 0.489869 0.009361 0.018721
8 0.303926 0.485709 0.012871 0.020801