6 0.013943 0.422265 0.027523 0.104006
6 0.009172 0.331780 0.018343 0.156009
6 0.400956 0.355701 0.109987 0.328660
6 0.697354 0.336801 0.017980 0.058602
8 0.206152 0.059455 0.012871 0.066564
8 0.572372 0.245455 0.017551 0.033282
8 0.422017 0.257935 0.007020 0.024961
8 0.375215 0.244415 0.009361 0.022881
8 0.168112 0.234014 0.014041 0.027042
8 0.132387 0.231764 0.028378 0.029490
9 0.219576 0.060679 0.014080 0.054794
9 0.193269 0.059284 0.012871 0.072804
9 0.488073 0.257288 0.010638 0.027827
2 0.432548 0.341140 0.243375 0.128968
2 0.264058 0.323459 0.060844 0.072804
2 0.297990 0.315139 0.030422 0.060324
2 0.317296 0.314099 0.022231 0.054083
2 0.343623 0.309939 0.051483 0.054083
9 0.134554 0.153149 0.016020 0.014736
9 0.155748 0.143437 0.013184 0.023437
9 0.290220 0.262969 0.013184 0.028125