9 0.689077 0.140616 0.021754 0.060209
9 0.695138 0.201888 0.030971 0.024471
9 0.699153 0.243693 0.013765 0.018353
2 0.444211 0.373697 0.013765 0.034668
2 0.432740 0.381854 0.020648 0.050982
2 0.408652 0.383893 0.032119 0.059139
2 0.392019 0.404286 0.026383 0.055060
2 0.568671 0.358403 0.014912 0.044864
2 0.585877 0.368599 0.026383 0.061178
2 0.627173 0.374717 0.079149 0.097885
2 0.516077 0.466586 0.166328 0.248792
2 0.354243 0.415948 0.068826 0.083610
6 0.733641 0.336967 0.022458 0.078604
9 0.971560 0.069962 0.054742 0.135998
9 0.698199 0.104273 0.011931 0.037431