2 0.404545 0.424063 0.007798 0.015597
2 0.414781 0.434461 0.010723 0.039859
2 0.394310 0.428396 0.010723 0.017330
2 0.383587 0.415398 0.014622 0.022529
2 0.336796 0.433595 0.012673 0.020796
2 0.145246 0.440526 0.103330 0.107445
2 0.357267 0.439660 0.028269 0.039859
2 0.386511 0.437061 0.020471 0.031194
2 0.437201 0.443992 0.041917 0.062388
2 0.491303 0.441393 0.042892 0.046791
2 0.550279 0.456123 0.073111 0.079718
2 0.279770 0.446592 0.050690 0.067587
2 0.079447 0.517645 0.158894 0.265148
2 0.669693 0.405867 0.017547 0.055456
2 0.639474 0.389403 0.058488 0.019063
2 0.745728 0.401534 0.037043 0.060655
2 0.718433 0.411066 0.033143 0.045058
2 0.801292 0.389403 0.095531 0.088383
2 0.839310 0.408466 0.046791 0.064121
12 0.733055 0.385937 0.113078 0.102247
12 0.923630 0.353010 0.151095 0.175032