2 0.468593 0.249670 0.017802 0.035165
2 0.479967 0.247033 0.018791 0.050989
2 0.495791 0.249670 0.030659 0.059780
2 0.499252 0.254945 0.021758 0.052747
2 0.518538 0.259341 0.034615 0.072088
2 0.552165 0.259341 0.066264 0.110769
2 0.584176 0.275458 0.071209 0.123077
2 0.654890 0.297729 0.139450 0.161758
2 0.838333 0.342283 0.322346 0.348132
2 0.057206 0.400305 0.114413 0.281319
2 0.237402 0.270277 0.141116 0.177413
2 0.403022 0.278260 0.138461 0.229415
2 0.305604 0.241758 0.015824 0.026374
2 0.348626 0.244395 0.016813 0.024615
9 0.311736 0.113407 0.023736 0.047473
9 0.438626 0.207472 0.012857 0.021099
9 0.535055 0.175824 0.029670 0.035165
9 0.571154 0.149011 0.020769 0.029890
1 0.024169 0.092171 0.046779 0.070688
2 0.061592 0.126129 0.031186 0.024949
2 0.094337 0.134446 0.038982 0.022177
1 0.192183 0.158701 0.049118 0.023563
2 0.603056 0.126822 0.017932 0.012474
2 0.632682 0.110883 0.019491 0.013860
2 0.665038 0.095637 0.029627 0.019405
2 0.697003 0.079004 0.028067 0.022177
2 0.724291 0.063758 0.023389 0.019405
2 0.778476 0.026335 0.050677 0.033265
2 0.455313 0.248101 0.009356 0.019405
1 0.139946 0.139297 0.044440 0.042967