2 0.294123 0.436765 0.086966 0.137647
2 0.028095 0.448677 0.056190 0.124412
2 0.178286 0.481765 0.202500 0.296471
2 0.423966 0.450000 0.184632 0.317647
6 0.986797 0.362647 0.020846 0.121765
6 0.962974 0.401030 0.068493 0.246177
6 0.799187 0.358677 0.029779 0.108529
6 0.772385 0.345441 0.029779 0.076765
6 0.732183 0.402353 0.074449 0.280588
6 0.658479 0.422206 0.052114 0.230294
6 0.621255 0.397059 0.037224 0.169412
6 0.595942 0.397059 0.028290 0.148235
6 0.601154 0.382500 0.020846 0.124412
6 0.568396 0.363971 0.035735 0.082059
6 0.540850 0.411618 0.040202 0.172059
6 0.508837 0.378530 0.029779 0.100588
6 0.484269 0.378530 0.028290 0.079412
6 0.361429 0.387794 0.029779 0.082059
6 0.338350 0.406324 0.016379 0.119118
6 0.074058 0.424853 0.020846 0.082059
8 0.105326 0.311030 0.020846 0.050294
8 0.146273 0.270000 0.028290 0.021176
8 0.225188 0.267353 0.025313 0.026471
8 0.307082 0.299118 0.010423 0.047647
9 0.278047 0.325588 0.026801 0.052941
9 0.037578 0.348088 0.034246 0.066177
9 0.740373 0.293824 0.019357 0.037059
8 0.666668 0.263383 0.011912 0.045000
9 0.514793 0.246177 0.023824 0.079412