9 0.198534 0.196572 0.070204 0.222573
9 0.828617 0.355701 0.022231 0.079045
9 0.597702 0.441970 0.034755 0.040129
9 0.540780 0.448006 0.031592 0.039001
9 0.654276 0.476349 0.010531 0.029122
9 0.613324 0.483629 0.008190 0.022881
9 0.337772 0.501310 0.018721 0.029122
2 0.531358 0.518843 0.010531 0.016641
2 0.513807 0.519883 0.012871 0.018721
2 0.495086 0.526123 0.015211 0.022881
2 0.481630 0.528017 0.014041 0.018350
2 0.461154 0.535484 0.024571 0.033282
2 0.435412 0.538604 0.033932 0.035362
2 0.379249 0.553165 0.033932 0.052003
2 0.330691 0.568178 0.077225 0.101021
2 0.553589 0.520391 0.015211 0.021864
2 0.568800 0.531323 0.017551 0.024962
2 0.641930 0.555245 0.093606 0.135208
2 0.720711 0.519183 0.016057 0.035275
2 0.739041 0.522144 0.028091 0.030840
2 0.767127 0.526123 0.039782 0.031202
2 0.790577 0.519883 0.032665 0.047843
2 0.822121 0.530283 0.044463 0.043683
2 0.867168 0.533403 0.064354 0.054083
2 0.897012 0.691939 0.203606 0.554205
8 0.502838 0.401984 0.005850 0.033282
8 0.509272 0.401840 0.007695 0.031009
9 0.600589 0.416433 0.025138 0.016417
2 0.707553 0.519948 0.016417 0.033745