2 0.496166 0.504656 0.009356 0.031879
2 0.488760 0.508121 0.007017 0.019405
2 0.511759 0.509322 0.031186 0.047495
2 0.570623 0.486637 0.014813 0.018018
2 0.595181 0.508121 0.043660 0.066530
2 0.703552 0.510893 0.038982 0.047125
2 0.878922 0.502760 0.060712 0.036404
2 0.456404 0.524338 0.063931 0.090092
2 0.546843 0.520179 0.059253 0.070688
2 0.656773 0.512523 0.059253 0.069234
1 0.550040 0.478876 0.025728 0.012474
9 0.408924 0.439374 0.013254 0.052669
9 0.440812 0.466401 0.015593 0.012474
2 0.079914 0.603757 0.021050 0.027721
2 0.109150 0.632171 0.029627 0.037423
2 0.297435 0.558711 0.021050 0.020791
2 0.318485 0.551088 0.011695 0.011088
8 0.467008 0.432998 0.003119 0.019405
8 0.534057 0.442007 0.004678 0.018018
8 0.460770 0.432790 0.006237 0.022177
2 0.931598 0.499666 0.017932 0.020791
2 0.153093 0.624055 0.051031 0.041237
2 0.732990 0.518900 0.032474 0.020619