2 0.375009 0.594263 0.012474 0.018018
2 0.541074 0.560305 0.057694 0.047125
2 0.320044 0.603619 0.016373 0.034651
2 0.300943 0.605698 0.021830 0.052669
2 0.279893 0.606391 0.032745 0.073460
2 0.250266 0.616786 0.049897 0.077618
2 0.227267 0.632726 0.058473 0.084548
2 0.160997 0.659753 0.083422 0.121971
2 0.059351 0.685049 0.118701 0.223845
12 0.413602 0.583106 0.016373 0.026335
8 0.343044 0.487746 0.009356 0.023563
8 0.411263 0.487053 0.007017 0.024949
8 0.336027 0.486499 0.006237 0.022177
8 0.403077 0.485806 0.007796 0.023563
9 0.455703 0.479984 0.011695 0.023563
9 0.458821 0.509091 0.010135 0.015246
9 0.491956 0.464738 0.012474 0.015246
9 0.700901 0.226848 0.085761 0.202361
6 0.796286 0.483034 0.042101 0.090092
8 0.273656 0.546791 0.009356 0.012474