9 0.583422 0.367394 0.006824 0.034660
9 0.551741 0.353530 0.015597 0.020796
9 0.521522 0.403787 0.031194 0.017330
9 0.575624 0.381258 0.012673 0.034660
9 0.130624 0.382125 0.046791 0.022529
9 0.263198 0.379525 0.013647 0.024262
8 0.469857 0.388190 0.007798 0.024262
8 0.292930 0.389057 0.010723 0.032927
8 0.461084 0.389923 0.005849 0.027728
8 0.282694 0.390790 0.007798 0.029461
8 0.201785 0.374326 0.011698 0.034660
9 0.009748 0.311939 0.017547 0.076252
9 0.007798 0.421983 0.013647 0.022529
9 0.015110 0.440180 0.026320 0.013864
6 0.050203 0.551958 0.020471 0.067587
0 0.020958 0.597016 0.038018 0.074519
7 0.019009 0.572754 0.028269 0.095315
2 0.049715 0.534628 0.054589 0.053723
12 0.315838 0.469641 0.097481 0.128241
2 0.241752 0.428049 0.050690 0.048524
2 0.499589 0.521631 0.032169 0.058922
2 0.448899 0.491303 0.073111 0.112644
2 0.189459 0.557214 0.236209 0.280745
2 0.383587 0.588351 0.232979 0.393389
12 0.773023 0.450578 0.452311 0.894224