6 0.107385 0.555852 0.040974 0.143256
6 0.060748 0.521416 0.015990 0.090726
6 0.883150 0.597129 0.051900 0.216097
6 0.321130 0.513361 0.017755 0.092266
2 0.482975 0.719746 0.322325 0.461331
2 0.663941 0.542448 0.080581 0.077798
2 0.178405 0.527929 0.111994 0.092266
2 0.612725 0.542498 0.024584 0.038849
2 0.957585 0.546140 0.080581 0.089838
6 0.377127 0.520645 0.023218 0.053417
6 0.295863 0.515789 0.019121 0.087410
8 0.293131 0.397161 0.013658 0.038849
8 0.777984 0.403231 0.016389 0.046133
8 0.289717 0.444508 0.012292 0.021853
9 0.366201 0.434449 0.023218 0.036421
9 0.773887 0.316688 0.035510 0.019424
9 0.773204 0.344611 0.020487 0.021853
9 0.497999 0.461158 0.010926 0.026709
9 0.139481 0.429593 0.009560 0.026709
9 0.139481 0.401670 0.012292 0.029137
9 0.844908 0.526715 0.030047 0.026709