2 0.158406 0.736521 0.310964 0.523364
2 0.209096 0.698396 0.344107 0.370860
2 0.289518 0.665469 0.419167 0.339666
2 0.469857 0.653338 0.173516 0.169833
2 0.386511 0.597882 0.049715 0.058922
2 0.600482 0.645539 0.120876 0.129974
2 0.967984 0.730456 0.058488 0.119576
2 0.943127 0.669801 0.106254 0.129974
2 0.930941 0.660270 0.130624 0.138639
2 0.887075 0.661136 0.116977 0.098781
2 0.858318 0.650738 0.098456 0.109178
2 0.820301 0.644673 0.092607 0.093582
2 0.777897 0.634275 0.066287 0.069320
2 0.739879 0.623877 0.044841 0.048524
2 0.715022 0.620411 0.039967 0.041592
9 0.466933 0.452311 0.033143 0.055456
9 0.406495 0.388190 0.070186 0.103980
9 0.430378 0.303274 0.036068 0.045058
2 0.677491 0.619545 0.019496 0.032927