2 0.037021 0.461716 0.072540 0.173035
2 0.858006 0.610117 0.281238 0.342805
9 0.452813 0.460665 0.009182 0.016324
2 0.464291 0.485967 0.013773 0.027751
2 0.450976 0.490865 0.020201 0.040810
2 0.447304 0.494129 0.016528 0.040810
2 0.426643 0.494946 0.035811 0.055502
2 0.388537 0.501475 0.056930 0.101209
2 0.512957 0.493313 0.010101 0.029383
2 0.519385 0.494946 0.015610 0.032648
2 0.527649 0.495762 0.021119 0.037545
2 0.530862 0.501475 0.014692 0.035913
2 0.547850 0.503108 0.033974 0.058767
2 0.553818 0.511270 0.029383 0.062031
2 0.573347 0.510007 0.036937 0.083907
2 0.613962 0.519022 0.079886 0.118353
2 0.664465 0.546366 0.112942 0.125695
2 0.211870 0.461481 0.049584 0.066929
2 0.358786 0.512902 0.086313 0.104474
2 0.486420 0.486784 0.011019 0.013059