2 0.253072 0.495168 0.043297 0.059135
12 0.107992 0.448410 0.214664 0.407067
9 0.328556 0.205654 0.025044 0.025442
9 0.330792 0.231890 0.020572 0.017491
9 0.329003 0.251767 0.020572 0.019081
9 0.331686 0.273996 0.018783 0.023852
9 0.362991 0.270848 0.036672 0.054064
9 0.364812 0.326664 0.042810 0.055449
9 0.270294 0.403092 0.009191 0.020671
9 0.270865 0.422968 0.004472 0.012721
8 0.246268 0.322791 0.010733 0.028622
8 0.312456 0.358569 0.010733 0.020671
8 0.236429 0.429594 0.005367 0.017491
8 0.249845 0.439929 0.007155 0.012721
8 0.220329 0.440724 0.008944 0.011131