8 0.125743 0.088764 0.019343 0.077650
8 0.856324 0.050687 0.032003 0.099111
8 0.912572 0.262368 0.011855 0.041044
8 0.710717 0.345564 0.007488 0.014421
8 0.730372 0.293427 0.005616 0.029951
8 0.603082 0.287326 0.010608 0.042153
9 0.553164 0.292758 0.023087 0.041923
8 0.383131 0.087655 0.014975 0.079869
8 0.174276 0.068776 0.016847 0.084306
8 0.264128 0.089852 0.018095 0.082087
8 0.338380 0.339996 0.006864 0.025514
9 0.729046 0.340833 0.019710 0.038281
9 0.710558 0.388675 0.011437 0.023037
9 0.783772 0.392132 0.006864 0.012202
9 0.847979 0.262346 0.047422 0.065448
2 0.443208 0.415107 0.043054 0.043903
2 0.532186 0.412260 0.036814 0.040221
2 0.570604 0.418331 0.030038 0.046329
2 0.633894 0.410435 0.020591 0.026623
2 0.669148 0.411545 0.012479 0.019967
2 0.729986 0.408771 0.008112 0.012202
2 0.742777 0.417091 0.014975 0.011093
2 0.657605 0.426674 0.055534 0.043570
2 0.887788 0.417646 0.009984 0.014421
2 0.876869 0.413209 0.010608 0.012202
2 0.617234 0.396569 0.022463 0.016639
8 0.886228 0.393241 0.004368 0.016639
8 0.873749 0.387140 0.004368 0.011093
8 0.731371 0.241322 0.015445 0.057966
9 0.846365 0.367012 0.047510 0.114628