2 0.339519 0.412736 0.015302 0.032305
2 0.283092 0.422938 0.034430 0.052708
2 0.315131 0.425827 0.048776 0.080934
2 0.213275 0.449292 0.143459 0.176826
2 0.128635 0.437390 0.027735 0.047607
2 0.554070 0.463913 0.118593 0.142201
2 0.091814 0.513476 0.183627 0.324182
2 0.410452 0.501008 0.176933 0.244836
6 0.478196 0.411745 0.009564 0.032305
6 0.488238 0.424496 0.008608 0.051008
6 0.503540 0.413445 0.008608 0.032305
6 0.495411 0.420246 0.009564 0.045907
6 0.515017 0.407494 0.008608 0.030605
6 0.647796 0.442349 0.024866 0.090113
6 0.663099 0.432148 0.019128 0.096914
6 0.677445 0.425347 0.013389 0.086713
6 0.692269 0.421096 0.014346 0.091814
6 0.765911 0.376039 0.010520 0.018703
6 0.761129 0.386241 0.031561 0.045907
6 0.742957 0.390491 0.014346 0.037406
6 0.802732 0.427897 0.019128 0.132620
6 0.598064 0.390491 0.005738 0.023804
6 0.628668 0.455668 0.032517 0.153023
6 0.702789 0.429314 0.021997 0.120718
6 0.825048 0.430164 0.038256 0.173426
6 0.979027 0.378306 0.024866 0.079912
8 0.446635 0.351669 0.007651 0.022103
8 0.298394 0.355920 0.005738 0.020403
8 0.250575 0.354219 0.007651 0.017003
8 0.258226 0.356770 0.007651 0.018703
9 0.306524 0.082746 0.021997 0.034005
9 0.687646 0.285359 0.017215 0.059509
9 0.569713 0.331444 0.012880 0.037406
9 0.460343 0.319081 0.011477 0.030605
8 0.829324 0.231574 0.030605 0.061209