8 0.257920 0.020156 0.017139 0.040312
8 0.284947 0.021328 0.026367 0.042656
8 0.099464 0.271656 0.024542 0.034188
8 0.910508 0.292265 0.019775 0.035156
8 0.884800 0.289922 0.015820 0.035156
9 0.135313 0.243047 0.019775 0.025781
9 0.099065 0.204491 0.039538 0.023206
9 0.894687 0.236015 0.022412 0.021094
9 0.892710 0.212578 0.039551 0.021094
8 0.453697 0.305156 0.005273 0.018750
8 0.507749 0.318047 0.005273 0.021094
8 0.383394 0.352031 0.012325 0.018750
8 0.575645 0.352031 0.014502 0.018750
6 0.978403 0.416484 0.021094 0.072656
7 0.526025 0.385547 0.010547 0.028125
0 0.525366 0.399609 0.009229 0.023437
2 0.454834 0.379520 0.010547 0.021094
2 0.448901 0.387723 0.017139 0.023437
2 0.489770 0.385379 0.014502 0.018750
2 0.583374 0.384207 0.027686 0.030469
2 0.433740 0.391239 0.018457 0.049219
2 0.421216 0.394754 0.025049 0.060937
2 0.419238 0.402957 0.018457 0.058594
2 0.408691 0.402957 0.026367 0.072656
2 0.377891 0.415312 0.061963 0.089062
2 0.505772 0.393047 0.025049 0.030469