8 0.589238 0.504384 0.005998 0.023460
8 0.568244 0.505450 0.004799 0.017062
8 0.551449 0.504384 0.004799 0.019194
8 0.594636 0.505450 0.004799 0.021327
9 0.197554 0.493720 0.011996 0.023460
2 0.240141 0.569431 0.056383 0.046919
2 0.292941 0.575829 0.042019 0.051185
2 0.399694 0.556635 0.029991 0.046919
2 0.558647 0.542772 0.014396 0.031990
2 0.509461 0.543839 0.016795 0.038389
2 0.594636 0.536374 0.014396 0.031990
2 0.574842 0.535308 0.005998 0.021327
2 0.608432 0.539573 0.010797 0.021327
2 0.621628 0.548104 0.015595 0.029858
2 0.643221 0.558767 0.025193 0.051185
2 0.691207 0.560900 0.077977 0.115166
2 0.740393 0.590758 0.116365 0.123697
2 0.582896 0.541706 0.010547 0.025592
2 0.893038 0.682464 0.212918 0.375355
2 0.823768 0.576336 0.043187 0.050172
8 0.498065 0.515047 0.008398 0.019194
2 0.535435 0.545390 0.036914 0.053906
2 0.458970 0.584062 0.113379 0.145312
2 0.343614 0.560625 0.056689 0.075000