2 0.455015 0.544218 0.013184 0.028125
2 0.446446 0.539531 0.019775 0.042187
2 0.433921 0.546562 0.034277 0.070312
2 0.422715 0.557109 0.027686 0.072656
2 0.400303 0.554765 0.038232 0.133594
2 0.359434 0.570000 0.101514 0.159375
2 0.281651 0.615703 0.204346 0.232031
2 0.491929 0.548906 0.018457 0.018750
2 0.503135 0.551250 0.017139 0.023437
2 0.515000 0.552421 0.022412 0.030469
2 0.533457 0.550078 0.025049 0.049219
2 0.545322 0.558281 0.027686 0.042187
2 0.561802 0.568828 0.026367 0.053906
2 0.584873 0.568828 0.038232 0.077344
2 0.619151 0.573515 0.064600 0.086719
2 0.655405 0.585234 0.071191 0.086719
2 0.698911 0.597370 0.079102 0.115679
2 0.743076 0.586406 0.067236 0.168750
2 0.105650 0.695390 0.210937 0.555468
2 0.872935 0.682500 0.253125 0.585937