9 0.107475 0.256788 0.038174 0.026076
9 0.459989 0.247875 0.021094 0.018750
9 0.458407 0.265687 0.036914 0.024375
9 0.569149 0.259125 0.022148 0.015000
9 0.524852 0.270375 0.009492 0.015000
9 0.524852 0.287250 0.009492 0.011250
9 0.556492 0.281625 0.053789 0.045000
9 0.237450 0.292875 0.018984 0.022500
9 0.630887 0.324917 0.010468 0.026584
9 0.580223 0.326625 0.010547 0.015000
9 0.294403 0.331312 0.008437 0.020625
9 0.336063 0.126000 0.028477 0.033750
2 0.062548 0.358570 0.125096 0.138610
2 0.322352 0.364650 0.032695 0.042421
2 0.367703 0.353812 0.022148 0.028125
2 0.480766 0.359437 0.011602 0.020625
2 0.483403 0.369750 0.014766 0.037500
2 0.502387 0.370687 0.027422 0.061875
2 0.551430 0.375375 0.026367 0.037500
2 0.586762 0.362250 0.012656 0.018750
2 0.400399 0.365062 0.013711 0.020625
2 0.384578 0.358500 0.013711 0.022500
2 0.432567 0.395062 0.067500 0.099375
2 0.518244 0.385588 0.044791 0.065426
2 0.648778 0.402562 0.103359 0.110625
2 0.602371 0.383812 0.027422 0.065625
2 0.578641 0.358500 0.011602 0.026250
2 0.205664 0.343750 0.014766 0.018750
2 0.217793 0.345312 0.009492 0.016875
12 0.253652 0.337812 0.032695 0.031875
8 0.607500 0.285625 0.008437 0.030000