9 0.400342 0.375604 0.013113 0.028963
9 0.370738 0.368541 0.010331 0.024721
9 0.338364 0.368727 0.011503 0.020111
9 0.490220 0.429346 0.009785 0.021791
9 0.456966 0.399975 0.007947 0.016954
9 0.307089 0.399701 0.010696 0.019232
9 0.305431 0.420894 0.014011 0.023153
9 0.493223 0.404567 0.014110 0.007771
9 0.473084 0.423287 0.013062 0.008477
9 0.428725 0.451661 0.011208 0.014945
8 0.365852 0.404929 0.012610 0.014945
8 0.369355 0.426101 0.014011 0.022417
8 0.433103 0.396211 0.012610 0.022417
8 0.426098 0.436064 0.012610 0.022417
8 0.340633 0.427346 0.012610 0.019926
2 0.344661 0.441490 0.014011 0.014945
2 0.347463 0.457680 0.011208 0.017435
2 0.362875 0.448962 0.014011 0.019926
2 0.371982 0.463907 0.021016 0.029889
2 0.397842 0.481132 0.041159 0.065155
2 0.426623 0.470134 0.023818 0.027399
2 0.463051 0.466398 0.021016 0.029889
2 0.293522 0.455189 0.021016 0.027399
2 0.272506 0.452698 0.021016 0.032380
2 0.221368 0.452698 0.019615 0.022417
2 0.163924 0.452698 0.025219 0.027399
2 0.138005 0.456435 0.032224 0.034871
2 0.102978 0.451453 0.054641 0.039852
2 0.188443 0.453944 0.032224 0.029889
2 0.052540 0.447717 0.037829 0.042343
2 0.021716 0.467643 0.035027 0.027399