2 0.409525 0.509111 0.011701 0.027042
2 0.388463 0.494550 0.030422 0.043683
2 0.390803 0.526792 0.032762 0.054083
2 0.442287 0.542745 0.065524 0.105382
9 0.267946 0.455027 0.023401 0.052003
2 0.320599 0.537192 0.107646 0.183051
9 0.373252 0.069164 0.744165 0.137288
9 0.176291 0.436133 0.030422 0.037442
9 0.227579 0.444453 0.026912 0.041602
9 0.301293 0.431973 0.008190 0.020801
9 0.367402 0.426772 0.032762 0.035362
9 0.394899 0.428852 0.017551 0.035362
9 0.413035 0.419492 0.016381 0.029122
9 0.428831 0.425732 0.012871 0.024961
9 0.491429 0.478775 0.011701 0.014561
9 0.501375 0.462134 0.010531 0.014561
9 0.508395 0.470455 0.010531 0.035362
9 0.552858 0.444453 0.010531 0.033282
9 0.673375 0.481896 0.024571 0.029122
2 0.638273 0.466988 0.026912 0.018721
2 0.945612 0.458668 0.038612 0.022881
2 0.981289 0.456587 0.037422 0.027042
2 0.964333 0.554007 0.069034 0.074884