8 0.442075 0.037433 0.022421 0.074865
8 0.413806 0.059268 0.036068 0.117843
9 0.503001 0.080064 0.058488 0.079718
9 0.583910 0.142452 0.044841 0.065854
9 0.677024 0.276965 0.037977 0.022116
9 0.697475 0.310552 0.030219 0.017330
8 0.714054 0.371161 0.026305 0.038216
2 0.033631 0.577433 0.067262 0.079718
2 0.090657 0.562702 0.072136 0.060655
2 0.154020 0.556637 0.052640 0.051990
2 0.204222 0.536708 0.045816 0.046791
2 0.286594 0.524577 0.025345 0.043325
2 0.321687 0.509846 0.046791 0.055456
2 0.395772 0.516778 0.048740 0.076252
2 0.420630 0.513312 0.016572 0.062388
2 0.433789 0.505514 0.019496 0.060655
2 0.444025 0.497715 0.020471 0.051990
2 0.536632 0.508980 0.030219 0.077985
2 0.505438 0.498582 0.018521 0.036393
2 0.250526 0.532375 0.044841 0.055456
2 0.352393 0.534975 0.065312 0.081451
2 0.478631 0.510713 0.044841 0.071053
2 0.581473 0.517645 0.073111 0.105712
1 0.307064 0.481252 0.062388 0.050257
9 0.505643 0.443895 0.016982 0.014059
9 0.501051 0.463922 0.009748 0.008665
9 0.466779 0.436466 0.013340 0.016141
8 0.497639 0.425796 0.010723 0.019063
8 0.459134 0.433595 0.009748 0.020796
6 0.785208 0.480385 0.022421 0.093582
6 0.717946 0.489050 0.020471 0.103980
6 0.922656 0.469987 0.032169 0.124775
8 0.363603 0.443992 0.011698 0.020796
8 0.342645 0.446592 0.012673 0.019063
8 0.693884 0.367300 0.012474 0.030493