2 0.337474 0.371695 0.020645 0.015254
12 0.227617 0.367579 0.041186 0.044237
2 0.205737 0.373681 0.042044 0.044237
2 0.153591 0.369915 0.092669 0.047288
2 0.401971 0.384661 0.010635 0.019831
2 0.389100 0.386035 0.017499 0.022579
2 0.371081 0.382985 0.017499 0.025630
2 0.291542 0.380545 0.024883 0.030508
2 0.470784 0.385424 0.013729 0.024407
2 0.485800 0.395339 0.019735 0.035085
2 0.518835 0.393051 0.006864 0.018305
2 0.513257 0.397627 0.012871 0.021356
2 0.573750 0.402203 0.012013 0.024407
2 0.565598 0.397627 0.007722 0.018305
2 0.559163 0.392288 0.006864 0.016780
2 0.617510 0.413644 0.015445 0.025932
2 0.538570 0.392288 0.012013 0.016780
2 0.528273 0.399915 0.017161 0.028983
2 0.556303 0.273305 0.036038 0.016780
2 0.594629 0.422542 0.042903 0.067119
2 0.434603 0.404237 0.060922 0.076271
2 0.322198 0.404237 0.074650 0.067119
9 0.444041 0.310169 0.016303 0.033559
9 0.620371 0.318559 0.013729 0.025932
9 0.681292 0.346017 0.012013 0.025932
9 0.668851 0.256017 0.042044 0.077797
2 0.499188 0.408451 0.028465 0.037545
2 0.549363 0.412183 0.027547 0.044075