9 0.728155 0.298306 0.033070 0.065323
9 0.415832 0.290686 0.018372 0.045726
9 0.781434 0.444194 0.022046 0.026129
9 0.793070 0.427863 0.013473 0.015242
2 0.681001 0.422419 0.022046 0.017419
2 0.553622 0.414798 0.012248 0.015242
2 0.571381 0.423508 0.015922 0.058790
2 0.538924 0.415887 0.022046 0.034839
2 0.504017 0.420242 0.055116 0.082742
2 0.469111 0.397379 0.026946 0.045726
2 0.613024 0.452903 0.101658 0.165484
2 0.416444 0.452903 0.142077 0.165484
2 0.842674 0.507339 0.169022 0.174194
12 0.334290 0.406510 0.105518 0.124955
2 0.221089 0.385187 0.123705 0.126722
2 0.067989 0.577016 0.135953 0.252581