8 0.325916 0.517891 0.014396 0.057583
8 0.417089 0.501895 0.014396 0.063981
8 0.191556 0.557346 0.009597 0.046919
8 0.211950 0.561611 0.009597 0.038389
8 0.555048 0.628791 0.016795 0.023460
8 0.539452 0.629857 0.014396 0.021327
8 0.007410 0.429384 0.013196 0.063981
9 0.411690 0.525355 0.063581 0.034123
9 0.133373 0.573341 0.027592 0.031991
9 0.060794 0.532820 0.033590 0.036256
9 0.058395 0.589336 0.035989 0.059716
9 0.567644 0.554147 0.029991 0.019194
9 0.549049 0.595734 0.023993 0.038389
9 0.546050 0.461374 0.020394 0.034123
2 0.096977 0.802606 0.193955 0.392417
2 0.377500 0.830331 0.213537 0.336967
6 0.523257 0.779146 0.020394 0.106635
2 0.776382 0.777014 0.185945 0.187678
2 0.926879 0.814336 0.146241 0.236730