9 0.253937 0.482638 0.012673 0.025995
9 0.318275 0.479172 0.014622 0.032927
9 0.399671 0.489570 0.011698 0.015597
9 0.465958 0.490437 0.007798 0.017330
9 0.585372 0.484371 0.032169 0.029461
9 0.554666 0.488704 0.033143 0.031194
9 0.421117 0.467908 0.019496 0.027728
9 0.663844 0.510366 0.011698 0.029461
9 0.654096 0.496502 0.011698 0.022529
9 0.703324 0.480905 0.010723 0.015597
9 0.777897 0.447978 0.015597 0.039859
2 0.556128 0.526829 0.006824 0.020796
1 0.540044 0.523364 0.015597 0.041592
2 0.466933 0.536361 0.021446 0.032927
2 0.488379 0.531162 0.025345 0.043325
2 0.400646 0.534628 0.048740 0.071053
2 0.120876 0.527696 0.050690 0.019063
2 0.171566 0.519898 0.058488 0.027728
2 0.313401 0.565822 0.141347 0.157702
2 0.422579 0.545892 0.057514 0.065854
2 0.518598 0.545026 0.050690 0.067587
2 0.614129 0.601348 0.148171 0.207959