2 0.115264 0.477677 0.230528 0.287950
2 0.317825 0.440281 0.216664 0.183241
9 0.293634 0.315939 0.018932 0.039266
9 0.263659 0.294436 0.019984 0.022438
8 0.307307 0.268259 0.014725 0.052355
8 0.312040 0.323418 0.017880 0.035526
8 0.329920 0.323418 0.017880 0.031787
9 0.312566 0.219644 0.027346 0.014958
9 0.308885 0.198141 0.022087 0.016828
9 0.557102 0.260780 0.019984 0.011219
8 0.553420 0.300046 0.010518 0.029917
2 0.588129 0.411299 0.195629 0.188851
9 0.674374 0.283217 0.012621 0.018698
9 0.672796 0.307525 0.011569 0.018698
9 0.718022 0.330897 0.011569 0.028047
9 0.694357 0.365489 0.006311 0.026177
9 0.739583 0.373903 0.012621 0.024307
8 0.829509 0.319679 0.009466 0.020568
8 0.870002 0.294436 0.010518 0.022438
8 0.887356 0.314069 0.009466 0.020568
8 0.945203 0.275738 0.007362 0.026177
8 0.986748 0.282282 0.008414 0.024307
2 0.989378 0.350530 0.017880 0.029917
2 0.952040 0.353335 0.014725 0.016828
9 0.735902 0.279478 0.017880 0.033657
6 0.766929 0.370163 0.012621 0.028047
8 0.796904 0.337442 0.011569 0.014958
2 0.910495 0.352400 0.024191 0.033657
2 0.929427 0.353335 0.017880 0.020568
2 0.937841 0.345856 0.013673 0.020568
8 0.845286 0.154201 0.009466 0.041136
8 0.824776 0.337442 0.008414 0.014958
2 0.964661 0.343051 0.012621 0.018698