8 0.349909 0.217180 0.014396 0.113033
8 0.645621 0.091351 0.015595 0.095972
8 0.335513 0.372867 0.011996 0.036256
8 0.361305 0.373933 0.013196 0.046919
8 0.869354 0.382464 0.026392 0.038389
9 0.851959 0.327014 0.032390 0.021327
9 0.865156 0.267298 0.027592 0.021327
9 0.314519 0.322749 0.025193 0.063981
9 0.550249 0.433649 0.016795 0.012796
8 0.676812 0.088152 0.022793 0.089573
2 0.259935 0.550947 0.047986 0.076777
2 0.307321 0.540284 0.077977 0.081043
2 0.377500 0.522156 0.031191 0.044787
9 0.345710 0.467772 0.010797 0.012796
2 0.546650 0.502962 0.019194 0.049052
2 0.571243 0.497630 0.017995 0.055450
12 0.486668 0.452843 0.105569 0.272986
2 0.631954 0.515013 0.129162 0.192832
12 0.101776 0.512559 0.203552 0.230332