2 0.096927 0.501310 0.193854 0.349461
2 0.106099 0.416025 0.077225 0.083205
7 0.462970 0.393144 0.016381 0.045763
0 0.462385 0.404584 0.017551 0.035362
2 0.662467 0.450347 0.174340 0.214253
2 0.553065 0.425386 0.067864 0.081125
2 0.523814 0.411865 0.028082 0.066564
2 0.510358 0.405624 0.022231 0.054083
2 0.400956 0.388983 0.023401 0.029122
2 0.489882 0.388983 0.035102 0.024961
12 0.420847 0.380663 0.046803 0.037442
2 0.324317 0.386903 0.019891 0.020801
12 0.303255 0.375463 0.019891 0.047843
9 0.350643 0.266256 0.030422 0.016641
9 0.849678 0.052003 0.036272 0.070724
9 0.847338 0.125848 0.033932 0.076965