9 0.365740 0.392755 0.008610 0.006122
9 0.377363 0.364439 0.021524 0.010714
9 0.642283 0.088776 0.011193 0.090306
9 0.100303 0.345919 0.030134 0.065816
8 0.461135 0.353112 0.003444 0.016837
8 0.393980 0.355408 0.003444 0.018367
8 0.466301 0.352959 0.005166 0.021429
8 0.398285 0.353725 0.003444 0.019898
6 0.035792 0.468914 0.013776 0.053571
6 0.024599 0.479629 0.017219 0.090306
6 0.695233 0.430612 0.028412 0.137755
2 0.466387 0.427653 0.012915 0.024490
2 0.433240 0.427653 0.006888 0.012245
2 0.425061 0.431480 0.006027 0.016837
2 0.405258 0.430714 0.011193 0.021429
2 0.395357 0.432245 0.006888 0.018367
2 0.386317 0.433776 0.014636 0.021429
2 0.366084 0.446021 0.034439 0.052041
2 0.338103 0.451378 0.045631 0.062755
2 0.296776 0.458266 0.064573 0.076531
2 0.088680 0.488878 0.122258 0.140816
2 0.196363 0.468696 0.148948 0.157653
2 0.415848 0.431786 0.017219 0.026020
2 0.447274 0.432551 0.028412 0.045918
2 0.514860 0.468368 0.100733 0.140816
2 0.506681 0.381123 0.070600 0.110204
8 0.640794 0.206663 0.013776 0.067347