2 0.429996 0.536250 0.007383 0.015000
2 0.408902 0.535312 0.009492 0.016875
2 0.396773 0.534375 0.010547 0.015000
2 0.387281 0.531562 0.008437 0.016875
2 0.370406 0.533437 0.010547 0.016875
2 0.359859 0.531562 0.010547 0.020625
2 0.331172 0.532031 0.021094 0.024375
2 0.309551 0.532969 0.017930 0.030000
2 0.286875 0.532969 0.029531 0.041250
2 0.259980 0.540469 0.028477 0.060000
2 0.229922 0.547031 0.033750 0.080625
12 0.125841 0.516189 0.173636 0.224254
2 0.565985 0.577500 0.083320 0.112500
12 0.487582 0.519375 0.079102 0.127500
8 0.521894 0.122500 0.020039 0.120000
8 0.384961 0.486562 0.009492 0.026250
8 0.358066 0.485625 0.008437 0.024375
8 0.414492 0.516562 0.007383 0.015000
9 0.265254 0.482812 0.008437 0.022500
8 0.492407 0.129687 0.017139 0.093750
8 0.673439 0.426504 0.008437 0.045000
8 0.704025 0.424629 0.027422 0.048750
2 0.348363 0.530062 0.011602 0.024375
2 0.420820 0.530062 0.008437 0.016875
8 0.367558 0.506625 0.007383 0.018750