12 0.196081 0.381160 0.286130 0.227310
2 0.366823 0.398485 0.094337 0.112269
1 0.539076 0.409574 0.038300 0.079004
9 0.552070 0.342351 0.031348 0.036037
9 0.597598 0.347895 0.038203 0.024949
9 0.482601 0.365914 0.015593 0.047125
9 0.586293 0.399178 0.015593 0.016632
9 0.599937 0.399178 0.007017 0.011088
2 0.559006 0.425513 0.009356 0.019405
2 0.566412 0.425513 0.008576 0.008316
2 0.572650 0.421355 0.007017 0.013860
2 0.577717 0.426899 0.014034 0.024949
2 0.597988 0.430364 0.009356 0.020791
2 0.646716 0.447690 0.027288 0.041581
2 0.586683 0.433829 0.017932 0.024949
2 0.614750 0.446304 0.036643 0.047125
2 0.965981 0.682623 0.065490 0.212064