9 0.038074 0.122274 0.074393 0.240804
9 0.231532 0.007486 0.127030 0.014972
9 0.231427 0.091081 0.183176 0.150970
9 0.530755 0.054274 0.120714 0.064880
9 0.529001 0.136622 0.223882 0.099815
9 0.742356 0.201502 0.088430 0.124769
9 0.746567 0.339371 0.080008 0.131007
9 0.747970 0.444177 0.036495 0.061137
9 0.561285 0.517791 0.029477 0.036183
9 0.177737 0.450416 0.019651 0.061137
9 0.155981 0.526525 0.015440 0.028697
9 0.614272 0.517167 0.009826 0.047412
9 0.624800 0.512176 0.009826 0.032440
2 0.060796 0.630083 0.121591 0.101063
2 0.673050 0.586040 0.068779 0.046164
2 0.396005 0.604505 0.018247 0.044917
2 0.385127 0.591405 0.016142 0.026201
2 0.317050 0.586414 0.035793 0.038678
2 0.355650 0.616982 0.066673 0.084843
2 0.240375 0.642768 0.183176 0.223336
2 0.444957 0.621973 0.103870 0.183410
2 0.499349 0.595772 0.020353 0.036183
9 0.230621 0.008747 0.129566 0.017495