2 0.628037 0.509434 0.020059 0.045849
2 0.653827 0.514953 0.031521 0.053491
2 0.669588 0.518774 0.034387 0.056038
2 0.682483 0.522595 0.037252 0.068774
2 0.713288 0.530236 0.058744 0.084057
2 0.830776 0.554434 0.087400 0.127359
2 0.899550 0.581180 0.147577 0.150283
2 0.485475 0.500944 0.012895 0.025472
2 0.469714 0.500944 0.018626 0.025472
2 0.456819 0.498397 0.015761 0.040755
2 0.432462 0.500944 0.027223 0.045849
2 0.418134 0.508585 0.024357 0.050943
2 0.405239 0.503491 0.027223 0.061132
2 0.372285 0.511133 0.018626 0.056038
2 0.350793 0.513680 0.038685 0.081510
2 0.295631 0.514953 0.094564 0.114623
2 0.212530 0.534057 0.094564 0.137547
2 0.058267 0.479293 0.116533 0.348963
2 0.959010 0.627029 0.080236 0.185944
2 0.509116 0.511133 0.022925 0.030566
8 0.549234 0.470378 0.011462 0.020377
2 0.559263 0.550189 0.100295 0.142642
9 0.987666 0.378255 0.022925 0.089151
9 0.777047 0.229245 0.065908 0.056038
9 0.725466 0.362123 0.022925 0.063679
9 0.614426 0.421982 0.015761 0.035660
9 0.598665 0.413066 0.015761 0.038208
9 0.642365 0.474199 0.020059 0.028019
9 0.138741 0.210566 0.095997 0.071321
9 0.514847 0.446180 0.017193 0.017830
9 0.572875 0.462736 0.007164 0.030566
9 0.580039 0.470378 0.012895 0.015283
9 0.610844 0.488208 0.014328 0.030566
8 0.628037 0.467831 0.011462 0.020377
8 0.563562 0.436840 0.011462 0.028019
8 0.534906 0.436840 0.011462 0.022925
8 0.462551 0.449576 0.015761 0.028019
9 0.713007 0.451359 0.012895 0.035660