2 0.098097 0.648649 0.196194 0.490090
2 0.957877 0.807309 0.084245 0.295292
2 0.209065 0.605316 0.156789 0.220493
2 0.661169 0.578510 0.155364 0.183521
2 0.328997 0.539792 0.073714 0.110247
2 0.368779 0.543953 0.022231 0.085285
2 0.385745 0.541872 0.014041 0.068644
2 0.393351 0.526272 0.019891 0.054083
2 0.407977 0.534592 0.011701 0.029122
2 0.418507 0.535632 0.009361 0.035362
2 0.517378 0.540832 0.036272 0.058243
2 0.494562 0.535632 0.016381 0.056163
2 0.484031 0.536672 0.018721 0.049923
2 0.474086 0.536672 0.017551 0.041602
2 0.464140 0.534592 0.016381 0.029122
2 0.456535 0.528352 0.015211 0.020801
2 0.582317 0.557473 0.065524 0.116487
9 0.058711 0.329700 0.036272 0.043683
9 0.826277 0.252735 0.073714 0.122727
9 0.827447 0.344261 0.031592 0.052003
2 0.773663 0.547993 0.102915 0.104803