12 0.473245 0.387766 0.263520 0.659105
12 0.153821 0.480062 0.305935 0.960124
12 0.642089 0.506077 0.072387 0.126259
2 0.320447 0.555852 0.049168 0.084982
2 0.364152 0.580537 0.021853 0.035612
2 0.760229 0.558193 0.098336 0.104580
8 0.851737 0.194071 0.021853 0.080126
8 0.316350 0.240204 0.013658 0.065558
8 0.831933 0.196846 0.020487 0.094694
8 0.989681 0.427165 0.019121 0.046133
9 0.909265 0.241628 0.049500 0.048981
9 0.893393 0.219566 0.045071 0.072842
9 0.969194 0.334899 0.040974 0.026709
9 0.963731 0.361607 0.027316 0.026709