2 0.519477 0.576525 0.100713 0.064456
2 0.458546 0.571154 0.069492 0.075199
2 0.845787 0.579458 0.197397 0.134778
2 0.977027 0.544297 0.044940 0.157560
2 0.360351 0.606963 0.038271 0.060875
2 0.226403 0.595325 0.016114 0.019695
2 0.240502 0.596220 0.012086 0.021485
2 0.258127 0.596220 0.025178 0.025066
2 0.275248 0.596220 0.021150 0.025066
2 0.316037 0.617706 0.072513 0.089523
2 0.192160 0.598011 0.020143 0.017905
2 0.154896 0.598906 0.016114 0.016114
2 0.207771 0.590849 0.015107 0.014324
2 0.043609 0.608753 0.045321 0.032228
2 0.009054 0.616810 0.017746 0.041180