2 0.089621 0.480094 0.179241 0.283055
2 0.453041 0.430214 0.054730 0.083716
2 0.216202 0.447188 0.161515 0.172290
6 0.384089 0.423209 0.017604 0.078240
6 0.505317 0.431744 0.015204 0.046944
7 0.596138 0.443125 0.019204 0.075395
0 0.595738 0.459484 0.016804 0.073973
2 0.356482 0.431744 0.031207 0.061170
2 0.398092 0.431033 0.023205 0.062592
2 0.412895 0.418941 0.016004 0.035564
2 0.782581 0.451660 0.104024 0.083930
2 0.865400 0.449526 0.079218 0.085353
6 0.815388 0.428899 0.019204 0.058325
12 0.506117 0.395469 0.053612 0.119494
9 0.303670 0.305137 0.021605 0.009958
9 0.316073 0.335722 0.020805 0.014226
9 0.676156 0.211249 0.033608 0.015648
9 0.679757 0.231876 0.036008 0.008535
9 0.656952 0.260327 0.036808 0.022761
9 0.574533 0.339990 0.020805 0.011380
8 0.338478 0.188488 0.012803 0.046944
8 0.503716 0.235432 0.010402 0.038409
8 0.142433 0.308694 0.024006 0.036986
8 0.586535 0.367018 0.009602 0.022761
8 0.670955 0.319363 0.012003 0.035564
8 0.687359 0.319363 0.014403 0.038409
8 0.302070 0.355638 0.015204 0.019916
8 0.429299 0.359905 0.004001 0.019916
8 0.470509 0.365596 0.003201 0.014226
8 0.352386 0.183114 0.015012 0.048929
8 0.516896 0.233155 0.008757 0.037809
6 0.576320 0.424423 0.012510 0.077842
6 0.337999 0.427759 0.013761 0.053377
6 0.519932 0.434234 0.008108 0.054054