8 0.431323 0.378125 0.007471 0.023437
8 0.512841 0.366797 0.005273 0.023437
8 0.594580 0.398437 0.007910 0.025781
8 0.439013 0.375000 0.007910 0.025781
9 0.588647 0.365625 0.011865 0.011719
9 0.594580 0.345703 0.018457 0.028125
9 0.551733 0.366797 0.027686 0.014062
9 0.380346 0.392578 0.011865 0.014062
9 0.385620 0.381704 0.014502 0.011065
9 0.371118 0.432422 0.006592 0.023437
2 0.529980 0.489375 0.015820 0.042187
2 0.542505 0.491718 0.019775 0.065625
2 0.550415 0.497578 0.022412 0.077344
2 0.565576 0.508125 0.044824 0.098437
2 0.575463 0.517500 0.025049 0.121875
2 0.457470 0.503738 0.023730 0.072656
2 0.417920 0.530692 0.092285 0.178125
2 0.645336 0.509598 0.141064 0.225000
2 0.835180 0.445145 0.088330 0.096094
2 0.735825 0.599062 0.197754 0.271875
2 0.508447 0.441891 0.010547 0.015033
12 0.497202 0.439922 0.007910 0.030469
1 0.468771 0.460571 0.051243 0.123331
1 0.439673 0.424218 0.011865 0.044531
12 0.195867 0.520219 0.391734 0.662060
2 0.856455 0.650859 0.286084 0.442968
9 0.704220 0.357039 0.019984 0.017763