8 0.272076 0.282434 0.012989 0.056842
8 0.319537 0.173191 0.017985 0.058618
8 0.577824 0.212270 0.020983 0.040855
8 0.534860 0.306414 0.006994 0.023092
8 0.475409 0.300197 0.009992 0.017763
8 0.511379 0.328618 0.009992 0.017763
8 0.493893 0.325954 0.008993 0.012434
8 0.477907 0.331283 0.008993 0.015987
9 0.118203 0.202500 0.028976 0.014211
9 0.123199 0.228257 0.018984 0.019539
9 0.111708 0.244243 0.019984 0.015987
9 0.103215 0.260230 0.020983 0.015987
2 0.476907 0.361480 0.008993 0.019539
2 0.469414 0.361480 0.009992 0.019539
2 0.461420 0.362368 0.013988 0.021316
2 0.448431 0.365033 0.027977 0.030197
2 0.404467 0.375691 0.033972 0.044408
2 0.520372 0.355263 0.015987 0.021316
2 0.936030 0.487599 0.127895 0.225592
1 0.727919 0.290020 0.390242 0.519646