8 0.580412 0.065730 0.023159 0.104013
8 0.552987 0.072231 0.024378 0.091011
8 0.760200 0.350682 0.029254 0.045506
8 0.395749 0.452528 0.007313 0.019502
8 0.359182 0.455778 0.007313 0.017335
9 0.282391 0.430858 0.014627 0.023836
9 0.442067 0.459029 0.012189 0.019502
9 0.513982 0.399438 0.009751 0.034671
9 0.788234 0.295425 0.046318 0.030337
9 0.807737 0.233668 0.031691 0.019502
9 0.036173 0.365850 0.034129 0.019502
8 0.019718 0.407022 0.025597 0.036838
8 0.045315 0.403772 0.013408 0.026003
2 0.376246 0.493699 0.012189 0.019502
2 0.364667 0.492616 0.013408 0.021669
2 0.353087 0.490449 0.019502 0.034671
2 0.336023 0.492616 0.024378 0.047673
2 0.296408 0.511035 0.018283 0.032504
2 0.281172 0.505618 0.031691 0.060674
2 0.131857 0.528370 0.096293 0.101846
2 0.392092 0.493699 0.014627 0.019502
2 0.402453 0.492616 0.015846 0.026003
2 0.410985 0.494783 0.013408 0.026003
2 0.418908 0.498033 0.019502 0.045506
2 0.451492 0.502930 0.045665 0.061716
2 0.936819 0.478716 0.124086 0.167223
2 0.223986 0.516216 0.060811 0.077477
2 0.258446 0.509009 0.028378 0.059459
2 0.306081 0.506306 0.022297 0.036036
2 0.318750 0.502703 0.023311 0.032432