8 0.336650 0.312288 0.009597 0.038389
8 0.539990 0.313355 0.005998 0.023460
8 0.346247 0.310156 0.007198 0.042654
8 0.533991 0.312288 0.005998 0.029858
8 0.628163 0.399729 0.007198 0.017062
9 0.262272 0.325084 0.023993 0.042654
9 0.588575 0.337881 0.021594 0.038389
9 0.629363 0.379468 0.011996 0.019194
9 0.653356 0.366672 0.009597 0.019194
9 0.664153 0.370937 0.011996 0.014929
2 0.534321 0.465995 0.009597 0.019194
2 0.554715 0.465995 0.019194 0.023460
2 0.513927 0.454265 0.026392 0.038389
9 0.414689 0.412677 0.023993 0.019194
9 0.462075 0.426540 0.005998 0.017062
9 0.450679 0.430805 0.009597 0.021327
2 0.423087 0.450000 0.035989 0.063981
2 0.382299 0.456398 0.062381 0.093839
2 0.314519 0.478791 0.125963 0.130095
2 0.131767 0.494753 0.263534 0.268786
2 0.796679 0.452064 0.111372 0.119295