8 0.564336 0.501809 0.007993 0.015987
0 0.063698 0.558651 0.050958 0.060395
0 0.172608 0.560428 0.020983 0.046184
0 0.151625 0.562204 0.030975 0.049737
0 0.102166 0.561316 0.043964 0.069276
12 0.567283 0.531118 0.018984 0.030197
2 0.562287 0.557763 0.004996 0.019539
2 0.567283 0.556875 0.012989 0.035526
2 0.576276 0.549770 0.010991 0.081711
2 0.553295 0.551546 0.008993 0.021316
9 0.548798 0.529342 0.009992 0.015987
1 0.672623 0.521645 0.184848 0.287763
2 0.692107 0.626447 0.155872 0.291316
2 0.564213 0.622007 0.031974 0.140329
2 0.358382 0.623844 0.457623 0.438627
2 0.851976 0.674408 0.293758 0.543553