2 0.068609 0.570270 0.096676 0.106306
2 0.151056 0.556494 0.072507 0.069302
2 0.252410 0.545675 0.049118 0.072614
2 0.312833 0.540554 0.037423 0.048511
2 0.342459 0.541247 0.020271 0.030493
2 0.357273 0.539168 0.009356 0.020791
2 0.375594 0.535010 0.011695 0.018018
2 0.403272 0.530852 0.009356 0.015246
2 0.389628 0.533624 0.005458 0.015246
2 0.553172 0.559119 0.111073 0.110590
2 0.638335 0.579363 0.125523 0.189887
2 0.824105 0.587387 0.350490 0.389189
12 0.526845 0.484420 0.058473 0.091478
2 0.500727 0.540554 0.026508 0.056827
2 0.484745 0.535010 0.019491 0.040195
2 0.469541 0.535703 0.015593 0.038809
2 0.459406 0.532238 0.014034 0.023563
2 0.440305 0.532931 0.008576 0.013860
2 0.426661 0.530159 0.010915 0.013860