2 0.363684 0.504294 0.066415 0.069705
2 0.552928 0.522076 0.108825 0.190622
2 0.728968 0.527766 0.185643 0.224763
2 0.943818 0.551950 0.111226 0.236143
2 0.453705 0.490245 0.041610 0.050141
2 0.428099 0.487935 0.024006 0.039831
2 0.673355 0.482245 0.026406 0.045522
2 0.637347 0.496645 0.058413 0.091394
2 0.482111 0.489357 0.018404 0.028451
2 0.498115 0.480822 0.010402 0.031296
2 0.602539 0.480111 0.014403 0.058325
9 0.491714 0.285221 0.031207 0.044099
9 0.490913 0.344257 0.028006 0.068282
9 0.579734 0.338567 0.028006 0.014226
9 0.578133 0.371286 0.074417 0.048367
9 0.640148 0.368441 0.027206 0.019916
9 0.640948 0.391201 0.043210 0.028451