2 0.601107 0.528080 0.112269 0.146920
2 0.438551 0.487192 0.010135 0.018018
2 0.432313 0.478183 0.010135 0.019405
2 0.045101 0.605900 0.090203 0.343332
2 0.753527 0.562038 0.279893 0.225924
6 0.767171 0.431057 0.017152 0.033265
8 0.398399 0.399410 0.007796 0.027258
8 0.438161 0.393601 0.006237 0.025015
8 0.558226 0.401258 0.007796 0.023563
8 0.568751 0.428285 0.013254 0.016632
2 0.381636 0.485113 0.011695 0.013860
2 0.451025 0.488578 0.021050 0.031879
12 0.337504 0.478523 0.046614 0.069982
9 0.323943 0.500359 0.014813 0.011088
1 0.268467 0.471562 0.069873 0.051562
6 0.225507 0.489189 0.011149 0.066667