8 0.246619 0.401783 0.007039 0.021900
8 0.412485 0.398655 0.006159 0.021900
8 0.252778 0.402566 0.005280 0.026593
9 0.443722 0.408041 0.021118 0.012514
9 0.363649 0.456534 0.012319 0.009386
2 0.328892 0.487821 0.013199 0.025029
2 0.304457 0.504369 0.041762 0.083154
2 0.368928 0.488603 0.019358 0.026593
2 0.390047 0.491731 0.031677 0.048494
2 0.347810 0.490949 0.024638 0.046929
2 0.168306 0.512849 0.043996 0.071958
2 0.122624 0.520536 0.081103 0.090460
2 0.059685 0.536326 0.077252 0.123744
2 0.026958 0.581679 0.053915 0.253418
1 0.219781 0.479217 0.073034 0.148610
2 0.265537 0.536314 0.097672 0.131402
2 0.466600 0.513632 0.121430 0.186153
2 0.962878 0.529275 0.072154 0.198667
2 0.787333 0.523800 0.294775 0.309734
2 0.030912 0.543243 0.061824 0.149550