8 0.402126 0.358475 0.007020 0.016641
8 0.375215 0.366795 0.007020 0.016641
8 0.328997 0.357435 0.005850 0.018721
9 0.080357 0.394877 0.018721 0.031202
2 0.177473 0.441680 0.042123 0.049923
2 0.221935 0.432319 0.030422 0.043683
2 0.336017 0.420879 0.012871 0.024961
2 0.374630 0.421919 0.019891 0.043683
2 0.391011 0.416718 0.010531 0.020801
2 0.423188 0.413598 0.018721 0.056163
12 0.407392 0.405278 0.026912 0.064484
12 0.903501 0.392797 0.057333 0.031202
12 0.834467 0.401117 0.036272 0.027042
12 0.766603 0.402157 0.047973 0.037442
12 0.699909 0.402157 0.043293 0.024961
2 0.804045 0.404238 0.019891 0.016641
2 0.297837 0.467681 0.086891 0.118567
2 0.361759 0.439600 0.038612 0.054083
2 0.500997 0.484685 0.174340 0.281081
2 0.568861 0.418798 0.022231 0.054083
2 0.025364 0.455201 0.044463 0.056163
2 0.267061 0.422523 0.017230 0.030631