9 0.326786 0.306999 0.039605 0.076531
9 0.034917 0.211336 0.024107 0.032143
2 0.558124 0.395281 0.007749 0.015306
2 0.554249 0.399107 0.010332 0.019898
2 0.546501 0.402169 0.013776 0.026020
2 0.538321 0.405995 0.021524 0.033673
2 0.585675 0.395281 0.009471 0.018367
2 0.591701 0.398342 0.014636 0.024490
2 0.601172 0.409056 0.021524 0.033673
2 0.605907 0.420919 0.012915 0.033673
2 0.613226 0.428572 0.018941 0.061225
2 0.633459 0.433163 0.042188 0.076531
12 0.750938 0.438827 0.089541 0.117857
2 0.522916 0.417639 0.023246 0.036735
2 0.513593 0.423870 0.023541 0.043076
2 0.504892 0.431956 0.027169 0.054455
2 0.233384 0.454264 0.114509 0.078061
2 0.461480 0.443368 0.068878 0.097959
2 0.679018 0.461057 0.086097 0.126565