9 0.516059 0.380687 0.010797 0.027725
9 0.556247 0.352962 0.016795 0.066114
9 0.493866 0.380687 0.014396 0.019194
9 0.479470 0.399881 0.009597 0.014929
9 0.463875 0.411611 0.009597 0.012796
2 0.441082 0.424407 0.011996 0.021327
2 0.451878 0.425474 0.011996 0.014929
2 0.463875 0.428673 0.011996 0.021327
2 0.473472 0.435071 0.011996 0.029858
2 0.493266 0.434920 0.034790 0.050883
2 0.534054 0.450961 0.061182 0.074434
2 0.604674 0.476658 0.104688 0.134360
12 0.384098 0.420640 0.053984 0.090570
2 0.354107 0.446801 0.051585 0.066114
2 0.811321 0.488873 0.355257 0.390821