9 0.401334 0.216163 0.032224 0.057100
9 0.679260 0.501662 0.011471 0.013595
9 0.680790 0.526133 0.006883 0.019033
9 0.683239 0.518656 0.009028 0.025831
9 0.557286 0.471752 0.010706 0.021752
9 0.567227 0.473112 0.012236 0.016314
8 0.367709 0.221626 0.022791 0.086306
8 0.530723 0.225075 0.022176 0.085800
2 0.321441 0.533157 0.018353 0.006798
2 0.327559 0.547432 0.035177 0.024471
2 0.303470 0.549471 0.020648 0.025831
2 0.285881 0.551511 0.017589 0.029909
2 0.272116 0.561027 0.022177 0.035347
2 0.123453 0.594562 0.151061 0.144109
2 0.496563 0.490332 0.006118 0.008157
2 0.490446 0.484214 0.006118 0.006798
2 0.493505 0.490332 0.009177 0.010876
2 0.507270 0.490332 0.007647 0.008157
2 0.513005 0.493051 0.005353 0.013595
2 0.517976 0.499169 0.009177 0.014955
2 0.523329 0.503927 0.012236 0.016314
2 0.527535 0.509366 0.017589 0.021752
1 0.546495 0.524759 0.044528 0.045346
2 0.548013 0.548112 0.016399 0.028550
2 0.553521 0.553550 0.013030 0.036707
2 0.720246 0.582070 0.061943 0.082083
2 0.029824 0.595967 0.059649 0.126565
2 0.242616 0.559719 0.038717 0.051634
2 0.565790 0.557499 0.026001 0.036707
2 0.662281 0.573731 0.042554 0.053185
12 0.793733 0.592372 0.121592 0.111502