2 0.426198 0.433706 0.014041 0.016641
2 0.410402 0.435786 0.015211 0.016641
2 0.393436 0.439946 0.014041 0.016641
2 0.376061 0.443691 0.016381 0.014561
2 0.297081 0.456171 0.040952 0.043683
2 0.235428 0.458185 0.070301 0.082240
2 0.501750 0.470019 0.108982 0.122549
8 0.430293 0.396264 0.012871 0.024961
8 0.369450 0.398344 0.015211 0.024961
8 0.160592 0.208012 0.018721 0.035362
8 0.166442 0.402504 0.016381 0.024961
9 0.432548 0.264176 0.049143 0.033282
9 0.543120 0.342181 0.026912 0.022881
9 0.822736 0.151255 0.036333 0.052895
8 0.822121 0.234906 0.032762 0.081125
8 0.864243 0.232825 0.053823 0.068644
2 0.765125 0.564673 0.337969 0.394993
2 0.896420 0.652441 0.204762 0.556037
2 0.032908 0.488586 0.064354 0.089445
2 0.334786 0.454359 0.010531 0.029122
2 0.325426 0.453319 0.015211 0.035362
8 0.384575 0.282204 0.025742 0.037442