2 0.458122 0.604413 0.331057 0.449191
2 0.943244 0.546054 0.111994 0.201356
2 0.949299 0.435818 0.097153 0.126568
9 0.067094 0.279053 0.034145 0.099550
2 0.715823 0.492601 0.214391 0.249847
2 0.851234 0.482453 0.110989 0.163794
9 0.396248 0.320330 0.025950 0.012140
9 0.500047 0.350681 0.017755 0.024281
9 0.959634 0.342183 0.049168 0.050989
9 0.945293 0.279053 0.023218 0.060701
9 0.896808 0.325187 0.021853 0.021853
9 0.847639 0.224422 0.030047 0.043705
9 0.857883 0.279053 0.023218 0.016996
9 0.855834 0.262057 0.019121 0.021853
8 0.653015 0.229278 0.009560 0.053417
8 0.717890 0.325187 0.008195 0.046133
8 0.562191 0.283910 0.008195 0.046133
8 0.553313 0.285124 0.009560 0.043705
8 0.573117 0.287552 0.005463 0.043705
8 0.642772 0.246275 0.008195 0.048561
8 0.665307 0.247489 0.006829 0.055845
8 0.862663 0.363168 0.016389 0.029137
9 0.843542 0.302120 0.016389 0.024281
8 0.409906 0.300386 0.015024 0.029137
8 0.399662 0.351375 0.019121 0.024281
9 0.629321 0.390764 0.008608 0.015648
9 0.614090 0.404792 0.005463 0.029137
8 0.120360 0.092440 0.023218 0.118975
8 0.113531 0.225983 0.017755 0.104407
8 0.082801 0.214901 0.024584 0.112695