6 0.321892 0.462702 0.019137 0.092540
6 0.194054 0.492641 0.037509 0.103427
6 0.478973 0.457258 0.014544 0.062601
6 0.524137 0.459980 0.011482 0.043548
6 0.442229 0.456578 0.014544 0.063962
6 0.429215 0.458619 0.014544 0.087097
6 0.413905 0.462702 0.017606 0.078931
6 0.014864 0.490328 0.029729 0.262651
9 0.060092 0.186169 0.058943 0.117036
9 0.071957 0.014698 0.059709 0.027218
9 0.461749 0.390575 0.007655 0.032661
9 0.458687 0.359955 0.009186 0.014970
9 0.460984 0.370842 0.012248 0.009526
9 0.719340 0.307561 0.016075 0.019052
8 0.462936 0.335799 0.007655 0.020413
8 0.453750 0.404524 0.010717 0.016331
8 0.715550 0.284085 0.007655 0.031300
8 0.709809 0.287487 0.008420 0.027218
2 0.558016 0.505570 0.069266 0.167389
12 0.853967 0.403537 0.289617 0.489171
2 0.694324 0.554242 0.285553 0.363004