2 0.028783 0.472606 0.057566 0.129685
2 0.100019 0.449008 0.089690 0.093543
2 0.157421 0.442630 0.060989 0.076535
2 0.208245 0.443693 0.064577 0.074409
2 0.258472 0.444756 0.033484 0.055276
2 0.293152 0.437315 0.033484 0.044646
2 0.321255 0.436252 0.022721 0.042520
2 0.340986 0.427748 0.016742 0.034016
2 0.358924 0.425622 0.019134 0.025512
2 0.376264 0.423496 0.017938 0.021260
2 0.396594 0.421370 0.022721 0.017008
2 0.414532 0.419244 0.017938 0.017008
2 0.432470 0.412866 0.025113 0.017008
2 0.443233 0.409677 0.010763 0.010630
2 0.468346 0.417118 0.022721 0.025512
2 0.481501 0.410740 0.017938 0.021260
2 0.498243 0.410953 0.015546 0.019134
2 0.512593 0.416268 0.013155 0.017008
2 0.527542 0.416268 0.016742 0.029764
2 0.544284 0.420520 0.011959 0.029764
2 0.555046 0.422646 0.023917 0.029764
2 0.589727 0.416268 0.040659 0.051024
2 0.590922 0.424772 0.011959 0.034016
2 0.617232 0.425835 0.033484 0.061654
2 0.660283 0.430087 0.052618 0.091417
2 0.712303 0.453473 0.092082 0.112677
2 0.830096 0.469538 0.145896 0.195833
2 0.941311 0.491623 0.114803 0.201734
8 0.434264 0.384165 0.011959 0.014882
8 0.492861 0.384165 0.009567 0.014882