8 0.071241 0.405000 0.004996 0.028421
8 0.064747 0.401447 0.007993 0.024868
8 0.120201 0.412105 0.006994 0.021316
9 0.185647 0.409441 0.021982 0.030197
9 0.262584 0.468947 0.015987 0.021316
9 0.069743 0.443191 0.013988 0.026645
2 0.216122 0.517796 0.054955 0.058618
2 0.229611 0.519572 0.047961 0.058618
2 0.265082 0.523125 0.076937 0.055066
2 0.272576 0.540949 0.079934 0.083609
2 0.347014 0.547144 0.110909 0.120713
2 0.436940 0.584145 0.168861 0.147427
2 0.404967 0.563092 0.112907 0.120789
2 0.627783 0.626151 0.336723 0.218487
6 0.850100 0.682993 0.115905 0.357039
2 0.930035 0.717632 0.139885 0.323289