6 0.041762 0.423930 0.018490 0.090113
6 0.005420 0.416278 0.010839 0.096348
6 0.211560 0.430589 0.010445 0.078212
6 0.190003 0.401968 0.008289 0.016436
6 0.557831 0.439515 0.008289 0.040239
6 0.522349 0.434528 0.011158 0.049307
6 0.533029 0.436511 0.011477 0.045340
6 0.272711 0.414238 0.010520 0.041373
8 0.346565 0.312450 0.008608 0.027771
8 0.558310 0.395762 0.009883 0.013035
8 0.261414 0.288618 0.007970 0.029471
8 0.473414 0.326590 0.005420 0.019270
8 0.272151 0.376311 0.007332 0.009635
8 0.420069 0.371505 0.004463 0.013035
8 0.386807 0.380668 0.003188 0.006801
8 0.638801 0.392677 0.013708 0.018136
9 0.234730 0.339937 0.011795 0.036272
9 0.282391 0.343054 0.014665 0.013035
9 0.248279 0.335686 0.015940 0.008501
9 0.557831 0.360907 0.007651 0.007935
9 0.553050 0.337103 0.012114 0.010202
6 0.256882 0.427937 0.009245 0.059509
2 0.174191 0.419452 0.051008 0.042506
2 0.146934 0.421152 0.021997 0.050441
2 0.230235 0.419169 0.023591 0.028338
2 0.345353 0.408117 0.006695 0.017569
2 0.341209 0.395649 0.010520 0.011902
2 0.337224 0.413501 0.015940 0.021537
2 0.362249 0.406134 0.012433 0.012469
2 0.375001 0.414918 0.018809 0.026637
2 0.388231 0.404433 0.008289 0.012469
2 0.371973 0.396499 0.007651 0.012469
2 0.359380 0.391965 0.004782 0.010202
2 0.363843 0.389131 0.006057 0.011335
2 0.366075 0.385731 0.004782 0.007935
2 0.351410 0.401883 0.008608 0.010768
2 0.353801 0.395649 0.008926 0.013035
2 0.426965 0.415485 0.013071 0.024370
2 0.479503 0.424270 0.013708 0.031738
2 0.483488 0.431921 0.014665 0.032305
2 0.621272 0.457425 0.051008 0.065176
2 0.759343 0.478394 0.122737 0.105982
2 0.688857 0.450340 0.105841 0.114484
2 0.440833 0.421436 0.010202 0.023804
2 0.369040 0.384314 0.004463 0.008501
2 0.378444 0.393665 0.006695 0.011335
2 0.383864 0.396782 0.007332 0.009635
2 0.497961 0.434839 0.031561 0.034005
2 0.456916 0.432381 0.039212 0.052523
2 0.356894 0.422088 0.023910 0.036839
2 0.318478 0.418970 0.026779 0.039673
2 0.879402 0.505542 0.171513 0.144521
8 0.246635 0.356608 0.013708 0.018703
2 0.414710 0.420165 0.022953 0.034572
12 0.397859 0.401732 0.013389 0.024370
12 0.416987 0.400598 0.017215 0.022103
8 0.572879 0.409572 0.005101 0.011335