2 0.411090 0.539218 0.026392 0.031990
2 0.388297 0.553080 0.023993 0.038389
2 0.459076 0.555213 0.021594 0.038389
2 0.354683 0.566064 0.047937 0.066759
2 0.319917 0.545616 0.033590 0.040521
2 0.260750 0.586231 0.130332 0.154381
2 0.108780 0.549881 0.146357 0.177014
2 0.034402 0.552014 0.031191 0.095972
2 0.013002 0.563048 0.026005 0.083917
2 0.479951 0.549881 0.018232 0.027725
2 0.508861 0.563744 0.032390 0.051185
2 0.531655 0.569075 0.020394 0.057583
2 0.555048 0.588270 0.055184 0.095972
2 0.638267 0.631138 0.168750 0.203035