2 0.426594 0.524717 0.017193 0.025472
2 0.403291 0.527084 0.016437 0.025110
2 0.371497 0.533787 0.033085 0.032804
2 0.299821 0.540038 0.038744 0.050869
2 0.471507 0.527265 0.010468 0.030566
2 0.491069 0.534616 0.025790 0.035080
2 0.508262 0.541274 0.034387 0.053491
2 0.534336 0.549374 0.040682 0.061196
2 0.602770 0.550070 0.146256 0.079277
2 0.788915 0.623644 0.218129 0.274269
2 0.920188 0.665603 0.156173 0.368376
9 0.732493 0.408821 0.050147 0.073868
9 0.731777 0.477595 0.037252 0.053491
9 0.793606 0.332406 0.029095 0.048396
9 0.789804 0.379529 0.035820 0.045849
9 0.787655 0.475048 0.042984 0.058585
2 0.447105 0.528753 0.010170 0.018988
2 0.261154 0.568814 0.028457 0.030535