12 0.187505 0.459828 0.375009 0.301484
2 0.909067 0.569661 0.179318 0.365914
6 0.758985 0.519071 0.022610 0.098409
6 0.657241 0.506632 0.010915 0.031950
6 0.825645 0.514220 0.012474 0.091478
12 0.421398 0.507594 0.086541 0.144757
2 0.372671 0.544019 0.017152 0.056827
2 0.517296 0.548578 0.127081 0.174055
1 0.517685 0.437988 0.084202 0.052669
2 0.587853 0.555108 0.020271 0.087320
2 0.623716 0.537401 0.062372 0.093488
9 0.177759 0.253645 0.088880 0.041581
9 0.893864 0.285524 0.030406 0.019405
9 0.868915 0.307007 0.008576 0.015246
8 0.854102 0.394327 0.027288 0.034651
8 0.247537 0.180185 0.016373 0.072074
8 0.267418 0.180878 0.018711 0.073460
2 0.583394 0.503857 0.020215 0.025000