8 0.447751 0.053841 0.023910 0.040806
8 0.626915 0.214515 0.021997 0.039106
8 0.673460 0.184761 0.016259 0.027204
9 0.253922 0.253338 0.021997 0.013602
9 0.500831 0.079629 0.045907 0.025504
8 0.119071 0.289893 0.010520 0.015302
8 0.200842 0.274307 0.011477 0.017003
9 0.201321 0.293294 0.008608 0.015302
2 0.833586 0.410894 0.329377 0.428464
2 0.376022 0.413161 0.159717 0.227834
2 0.261095 0.314547 0.011477 0.010202
2 0.212319 0.316247 0.009564 0.010202
2 0.221405 0.321348 0.008608 0.013602
2 0.231447 0.324748 0.009564 0.013602
2 0.244836 0.320498 0.017215 0.015302
2 0.120505 0.327299 0.017215 0.018703