8 0.525421 0.378659 0.005849 0.022529
8 0.533220 0.377792 0.005849 0.024262
6 0.864167 0.504301 0.024370 0.124775
6 0.895258 0.508876 0.022628 0.123528
2 0.039967 0.523259 0.079934 0.329059
2 0.173512 0.530384 0.161825 0.170011
2 0.105646 0.531638 0.061172 0.122091
2 0.291238 0.505735 0.085325 0.106849
2 0.344917 0.503784 0.039506 0.079687
2 0.367505 0.496887 0.015602 0.047560
2 0.251013 0.489570 0.024370 0.032927
2 0.398424 0.507282 0.069211 0.084917
2 0.435710 0.494429 0.031136 0.047471
2 0.491354 0.493317 0.024691 0.035792
2 0.541306 0.487577 0.021272 0.027013
2 0.711704 0.523992 0.093770 0.095791
2 0.658494 0.511888 0.052801 0.076986
2 0.630576 0.505311 0.038743 0.063832
2 0.618549 0.496679 0.053681 0.077632
2 0.510543 0.487306 0.018983 0.030523
2 0.529838 0.486924 0.010782 0.024356