9 0.567258 0.363882 0.007022 0.016473
8 0.524839 0.363629 0.003674 0.021774
8 0.441553 0.367984 0.003674 0.017419
2 0.507692 0.397379 0.015922 0.019597
2 0.537087 0.402823 0.013473 0.021774
2 0.555899 0.397072 0.025721 0.034839
2 0.582656 0.404561 0.029023 0.042997
2 0.626410 0.413551 0.044414 0.065668
2 0.652355 0.429577 0.050570 0.077394
2 0.714014 0.427863 0.097871 0.111048
2 0.787135 0.460457 0.129284 0.132899
2 0.417057 0.412621 0.023271 0.037016
2 0.384333 0.421369 0.054528 0.057850
2 0.352793 0.422985 0.027022 0.057744
2 0.276817 0.405000 0.046542 0.017419
2 0.250155 0.448387 0.071305 0.081715
2 0.315979 0.443258 0.085800 0.087557
2 0.089867 0.489346 0.179735 0.179990
2 0.475235 0.512782 0.159224 0.215565
9 0.541986 0.370163 0.013473 0.008599
2 0.603104 0.410424 0.023306 0.048469