2 0.312913 0.525493 0.132574 0.144778
2 0.171566 0.524230 0.159868 0.164634
2 0.397879 0.485098 0.053655 0.073751
2 0.601944 0.525096 0.117952 0.190629
2 0.676517 0.569288 0.226155 0.240886
2 0.834923 0.505167 0.143297 0.084917
2 0.964837 0.503377 0.070326 0.133326
2 0.033428 0.510257 0.066856 0.100784
2 0.067262 0.502568 0.048740 0.069320
2 0.463758 0.468655 0.029367 0.053318
2 0.366598 0.478097 0.022493 0.043321
2 0.428848 0.458994 0.015461 0.023765
2 0.447431 0.456437 0.011709 0.017773
2 0.486917 0.467041 0.016572 0.029461
2 0.508492 0.479367 0.033859 0.054111
2 0.768636 0.485238 0.067262 0.062388
8 0.646476 0.375097 0.031551 0.038878
8 0.490816 0.289410 0.012673 0.038126
8 0.355317 0.251284 0.012673 0.045058
8 0.341670 0.252150 0.016572 0.053723
8 0.479605 0.288543 0.011698 0.043325
9 0.178390 0.368261 0.027295 0.022529
8 0.295854 0.415918 0.014622 0.020796
8 0.159868 0.373460 0.011698 0.032927
9 0.560515 0.381258 0.017547 0.013864
9 0.631188 0.348331 0.038018 0.024262
9 0.905452 0.123609 0.049028 0.120177