8 0.381436 0.335635 0.006992 0.037293
8 0.347173 0.403628 0.008391 0.026592
9 0.327594 0.341851 0.036360 0.019890
9 0.359060 0.334392 0.018180 0.029834
9 0.286643 0.320630 0.011979 0.037470
9 0.286339 0.349309 0.020977 0.009945
9 0.430935 0.425168 0.013691 0.012491
9 0.661831 0.415193 0.011188 0.012431
9 0.656237 0.399033 0.011188 0.009945
9 0.649245 0.412707 0.011188 0.012431
6 0.060484 0.437569 0.011188 0.077072
0 0.134114 0.484558 0.043353 0.072099
2 0.428291 0.464650 0.007984 0.034272
2 0.418060 0.467884 0.018073 0.033845
2 0.384072 0.434421 0.042290 0.034584
2 0.291443 0.461188 0.067127 0.106906
12 0.205742 0.471141 0.117990 0.111373
2 0.027445 0.513398 0.054890 0.129282
2 0.363955 0.492135 0.109081 0.139487
2 0.467268 0.467365 0.008458 0.028569
2 0.450987 0.466989 0.030872 0.044358
2 0.491061 0.468400 0.041224 0.071607
2 0.569042 0.448024 0.118871 0.257543
6 0.667635 0.473619 0.008391 0.027348
2 0.770738 0.503275 0.202780 0.223757
12 0.853947 0.436148 0.206975 0.238674
2 0.990998 0.552999 0.013985 0.124309
2 0.436089 0.465622 0.011841 0.029321