8 0.290355 0.311539 0.009064 0.035809
8 0.474660 0.335710 0.009064 0.034019
8 0.483220 0.337500 0.008057 0.026857
8 0.814062 0.259615 0.015107 0.053714
8 0.674575 0.050133 0.018128 0.085942
8 0.662489 0.042971 0.012086 0.078780
8 0.395600 0.430604 0.008057 0.016114
9 0.285823 0.351824 0.010071 0.012533
9 0.411211 0.345557 0.011078 0.025066
9 0.401139 0.383157 0.017121 0.014324
9 0.410707 0.407328 0.010071 0.019695
9 0.346251 0.401061 0.010071 0.032228
9 0.337690 0.359881 0.017121 0.010743
9 0.694214 0.411804 0.019135 0.014324
9 0.684143 0.438661 0.009064 0.017905
9 0.690441 0.366599 0.008552 0.038504
2 0.568826 0.495955 0.024171 0.032228
2 0.863915 0.486108 0.082585 0.026857
2 0.495306 0.501617 0.147041 0.221434
2 0.270446 0.472827 0.100172 0.050428
2 0.170003 0.458356 0.088627 0.028647
2 0.046328 0.733190 0.092656 0.345557
3 0.283305 0.538031 0.063449 0.152188
7 0.283305 0.477155 0.049349 0.173674