8 0.442130 0.421732 0.008581 0.036610
8 0.536087 0.388256 0.007722 0.030675
8 0.503794 0.448125 0.010547 0.023437
8 0.534116 0.436406 0.007910 0.018750
9 0.547959 0.435234 0.014502 0.021094
9 0.592783 0.410625 0.011865 0.014062
9 0.582896 0.420000 0.010547 0.014062
9 0.584873 0.403593 0.011865 0.014062
9 0.596575 0.370214 0.012193 0.017616
9 0.536991 0.455101 0.016297 0.018640
9 0.560265 0.378492 0.018326 0.031565
9 0.375308 0.458870 0.011758 0.030071
9 0.371291 0.484557 0.014519 0.016197
9 0.212913 0.491484 0.041235 0.058594
8 0.592783 0.427031 0.009229 0.023437
2 0.162408 0.680609 0.126424 0.125655
2 0.568349 0.468739 0.025908 0.035503
12 0.360093 0.568828 0.055371 0.072656
2 0.486547 0.508390 0.035635 0.051283
2 0.464868 0.509444 0.016303 0.025932
2 0.064409 0.751268 0.128817 0.166552