8 0.400294 0.469905 0.007198 0.025592
8 0.550249 0.467772 0.007198 0.034123
8 0.411090 0.473104 0.009597 0.031990
8 0.558647 0.470971 0.009597 0.040521
8 0.620428 0.556279 0.010797 0.014929
8 0.115378 0.587203 0.015595 0.021327
8 0.330714 0.548607 0.009597 0.020911
8 0.405092 0.566943 0.014396 0.023460
8 0.672013 0.533886 0.008398 0.017062
8 0.683410 0.538151 0.009597 0.017062
9 0.663615 0.500829 0.020394 0.014929
9 0.675012 0.480568 0.023993 0.012796
8 0.522057 0.556279 0.005998 0.019194
8 0.489067 0.557346 0.004799 0.017062
9 0.418239 0.596255 0.009498 0.018102
9 0.441571 0.571193 0.010577 0.010694
2 0.468006 0.606356 0.032255 0.042571
2 0.446232 0.604561 0.016333 0.026803
2 0.393810 0.618338 0.037417 0.040943
2 0.352302 0.625632 0.074365 0.042735
2 0.237041 0.665985 0.082922 0.103490
2 0.140648 0.676409 0.133316 0.149651
2 0.046592 0.694905 0.093185 0.177014
2 0.525656 0.651184 0.092373 0.140758
2 0.627674 0.621670 0.046691 0.077463
2 0.658982 0.632854 0.051512 0.093811
2 0.732408 0.643047 0.140308 0.166624
2 0.797976 0.610663 0.017995 0.051185
2 0.947302 0.745681 0.105396 0.248708