2 0.479223 0.404297 0.009229 0.023437
2 0.463403 0.413672 0.017139 0.037500
2 0.451538 0.414843 0.011865 0.030469
2 0.433888 0.418700 0.037210 0.056933
2 0.419292 0.432313 0.016270 0.060977
2 0.534594 0.400781 0.009229 0.021094
2 0.551733 0.412500 0.019775 0.035156
2 0.552392 0.421875 0.010547 0.030469
2 0.562280 0.421875 0.014502 0.039844
2 0.587329 0.414379 0.048779 0.087648
2 0.596317 0.438605 0.027205 0.086070
2 0.634130 0.441797 0.081738 0.112500
2 0.722460 0.465234 0.155566 0.220312
2 0.485156 0.403125 0.013184 0.021094
2 0.498665 0.403388 0.017590 0.023453
2 0.522070 0.406640 0.021094 0.032812
12 0.386486 0.423796 0.060593 0.086157
6 0.323838 0.492656 0.106787 0.389062
6 0.153111 0.514922 0.100195 0.386718
6 0.980636 0.351641 0.038728 0.067969
2 0.866343 0.520674 0.266308 0.326862
3 0.967700 0.699467 0.064600 0.198345
2 0.428087 0.426450 0.020668 0.052378