2 0.008621 0.420921 0.017243 0.065558
2 0.027809 0.419724 0.034790 0.053383
12 0.085633 0.390669 0.062625 0.097921
2 0.127634 0.398435 0.035707 0.045921
2 0.211642 0.401192 0.023668 0.030954
2 0.259670 0.394213 0.017755 0.031565
2 0.302107 0.397085 0.023022 0.017558
2 0.278791 0.388143 0.020487 0.019424
2 0.280978 0.409022 0.027593 0.036903
2 0.336180 0.406539 0.010636 0.020259
2 0.347080 0.397855 0.017755 0.024281
2 0.362786 0.409995 0.021853 0.029137
2 0.378914 0.408903 0.016334 0.018233
2 0.416331 0.430850 0.054700 0.075635
2 0.436539 0.451272 0.060094 0.087410
2 0.459757 0.464627 0.073752 0.099550
2 0.314907 0.423084 0.034947 0.051999
2 0.251071 0.443182 0.052459 0.071230
2 0.350045 0.464616 0.071035 0.093193
2 0.510974 0.486479 0.105165 0.123831
6 0.012463 0.422135 0.015024 0.067986
6 0.248743 0.450058 0.036876 0.123831
6 0.586092 0.452486 0.012292 0.099550
6 0.619748 0.446383 0.026970 0.129660
6 0.642760 0.453794 0.027291 0.121590
6 0.662576 0.437918 0.023218 0.114119
6 0.678215 0.461491 0.021718 0.081541
6 0.760229 0.475553 0.057363 0.179676
6 0.760229 0.496191 0.035510 0.206385
6 0.795057 0.480409 0.058729 0.203957
6 0.826470 0.471911 0.045071 0.177248
6 0.799837 0.477981 0.021853 0.140827
9 0.752035 0.246101 0.030047 0.016996
9 0.749935 0.265575 0.056099 0.028286
9 0.378688 0.360423 0.009950 0.012546
9 0.151773 0.354150 0.015024 0.029137
8 0.256938 0.362648 0.009560 0.021853
8 0.306930 0.322585 0.008357 0.024281
8 0.330968 0.350508 0.007384 0.026709
8 0.349229 0.368253 0.011128 0.018495
8 0.745888 0.163547 0.031413 0.123831
2 0.300852 0.416331 0.014435 0.037142
2 0.389930 0.424772 0.017094 0.062129