2 0.062171 0.570466 0.124341 0.214706
2 0.817486 0.716487 0.365028 0.403203
2 0.149612 0.589772 0.060246 0.117426
2 0.201964 0.590066 0.058336 0.082252
2 0.234149 0.593642 0.028162 0.067947
2 0.259294 0.587384 0.042243 0.062583
2 0.283936 0.585596 0.019110 0.055430
2 0.297514 0.591854 0.022127 0.046490
2 0.313104 0.584702 0.025145 0.042914
2 0.332717 0.586490 0.018104 0.032185
2 0.349312 0.586490 0.017099 0.025033
2 0.596235 0.664271 0.124719 0.137682
2 0.531361 0.641026 0.051296 0.109073
2 0.506216 0.641026 0.027156 0.073311
2 0.494650 0.622252 0.042243 0.082252
2 0.467493 0.613311 0.032185 0.071523
2 0.442851 0.602583 0.031180 0.053642
2 0.421730 0.597219 0.021122 0.035762
2 0.409660 0.595430 0.023133 0.028609
8 0.347301 0.537318 0.005029 0.019669
8 0.404128 0.548940 0.004023 0.014305