8 0.348109 0.470260 0.013196 0.023460
8 0.410491 0.493720 0.008398 0.019194
8 0.503463 0.559834 0.009597 0.023460
8 0.052397 0.480924 0.014396 0.019194
8 0.280329 0.458531 0.009597 0.034123
9 0.771583 0.457464 0.027592 0.078910
9 0.553248 0.533175 0.013196 0.017062
9 0.148284 0.470416 0.019364 0.014618
9 0.154966 0.484123 0.017995 0.017062
9 0.208950 0.484123 0.013196 0.029858
2 0.361453 0.572417 0.017995 0.034123
2 0.419562 0.593744 0.110220 0.170616
2 0.484416 0.614004 0.040788 0.083175
2 0.497612 0.637464 0.059982 0.104502
2 0.581587 0.642796 0.141558 0.170616
2 0.708750 0.716968 0.249526 0.229386
2 0.897111 0.822830 0.205777 0.300561
2 0.277375 0.573658 0.035545 0.040701
2 0.206956 0.582458 0.105844 0.135302
2 0.137364 0.574208 0.058163 0.085801
2 0.055044 0.571786 0.075539 0.084046
2 0.010828 0.574758 0.021657 0.086901