2 0.421355 0.486461 0.016835 0.036666
2 0.404141 0.494743 0.015917 0.026059
2 0.389584 0.493720 0.017995 0.034123
2 0.374363 0.495859 0.023541 0.032759
2 0.350117 0.498093 0.025128 0.044672
2 0.329345 0.497900 0.022279 0.051014
2 0.305515 0.502932 0.031410 0.063285
2 0.265580 0.507132 0.063536 0.061261
2 0.192409 0.507510 0.090840 0.104357
2 0.076552 0.523382 0.153105 0.121346
2 0.512106 0.491307 0.012881 0.020767
2 0.522745 0.495853 0.013196 0.017062
2 0.530932 0.497899 0.011813 0.023918
2 0.546325 0.503677 0.021359 0.029037
2 0.577928 0.502251 0.029991 0.042654
2 0.595953 0.508516 0.046906 0.049139
2 0.467381 0.521546 0.092136 0.124337
2 0.829104 0.574001 0.212337 0.187678
2 0.955864 0.611793 0.088272 0.216342