6 0.640423 0.581160 0.028687 0.114261
9 0.435375 0.552000 0.010969 0.013500
9 0.601594 0.539250 0.010969 0.021000
9 0.564891 0.562500 0.010125 0.013500
9 0.722672 0.500250 0.010125 0.024000
2 0.447609 0.585750 0.010125 0.012000
2 0.436641 0.588000 0.010125 0.013500
2 0.461109 0.584250 0.006750 0.012000
2 0.517641 0.582000 0.008438 0.019500
2 0.577969 0.585000 0.012656 0.043500
2 0.594422 0.584250 0.032062 0.048000
2 0.612838 0.591437 0.040792 0.048626
2 0.693796 0.590395 0.080534 0.105151
2 0.486000 0.581400 0.010125 0.012000
2 0.529490 0.584498 0.016632 0.024405
2 0.838282 0.598266 0.219375 0.225000
2 0.976753 0.664771 0.046493 0.115878
9 0.600908 0.511500 0.017719 0.024000