8 0.200149 0.310855 0.011018 0.049737
8 0.371494 0.309967 0.009992 0.044408
8 0.625381 0.244505 0.015796 0.044931
8 0.771165 0.293092 0.009992 0.046184
8 0.490396 0.360592 0.003997 0.017763
8 0.174471 0.223038 0.019613 0.055286
8 0.385483 0.313520 0.009992 0.040855
8 0.679741 0.322401 0.010991 0.037303
8 0.681369 0.387334 0.014763 0.023530
8 0.770666 0.389013 0.010991 0.024868
8 0.182650 0.405888 0.011990 0.030197
8 0.195639 0.403224 0.009992 0.024868
9 0.117260 0.209093 0.028863 0.050762
9 0.198137 0.352599 0.018984 0.015987
9 0.274889 0.315387 0.044797 0.022625
9 0.574722 0.279640 0.034616 0.077829
9 0.557341 0.158092 0.029975 0.053289
9 0.561232 0.100001 0.029016 0.062444
9 0.560131 0.051132 0.049544 0.035294
9 0.707533 0.270580 0.025348 0.034367
9 0.776161 0.327730 0.023980 0.019539
9 0.765170 0.352599 0.023980 0.015987
9 0.864089 0.319737 0.021982 0.014211
2 0.430151 0.423081 0.025453 0.053394
2 0.404698 0.446158 0.026471 0.036199
2 0.459389 0.423868 0.019918 0.036869
2 0.474439 0.431225 0.023416 0.040724
2 0.555887 0.447968 0.040724 0.052489
2 0.517374 0.431645 0.029975 0.039079
2 0.664253 0.446676 0.089926 0.048096
6 0.796644 0.443191 0.014988 0.044408
6 0.955014 0.452072 0.017985 0.040855
2 0.313542 0.481382 0.161867 0.145658
9 0.006363 0.133959 0.012726 0.027108
9 0.004874 0.246085 0.009748 0.027728