9 0.057704 0.268475 0.030890 0.016780
9 0.057275 0.283729 0.018019 0.022881
9 0.778466 0.346271 0.014587 0.090000
2 0.481881 0.390051 0.006864 0.010678
2 0.474159 0.390813 0.006864 0.009153
2 0.464720 0.389288 0.008581 0.009153
2 0.455282 0.390813 0.010297 0.009153
2 0.445414 0.393864 0.009439 0.015254
2 0.438121 0.396152 0.008581 0.013729
2 0.429969 0.399966 0.011155 0.015254
2 0.493165 0.391271 0.008581 0.018305
2 0.497455 0.394322 0.013729 0.036610
2 0.516332 0.402712 0.042903 0.050339
2 0.521051 0.407288 0.042044 0.050339
2 0.537354 0.424830 0.054057 0.073220
2 0.276507 0.447712 0.313188 0.372203
9 0.205099 0.268543 0.021617 0.043721