9 0.603406 0.485238 0.013647 0.020796
8 0.435739 0.496502 0.005849 0.025995
8 0.544918 0.497369 0.005849 0.017330
8 0.520060 0.521631 0.006824 0.017330
2 0.477168 0.568421 0.022421 0.048524
2 0.457672 0.575353 0.038018 0.048524
2 0.429890 0.588351 0.044841 0.067587
2 0.282773 0.604458 0.049501 0.108902
2 0.252144 0.596208 0.041457 0.081401
2 0.207763 0.604684 0.078243 0.110651
1 0.549210 0.549978 0.044055 0.092342
2 0.516614 0.591991 0.074153 0.094966
2 0.355317 0.599218 0.127700 0.201822
2 0.140768 0.707927 0.281535 0.580552
6 0.678466 0.570154 0.011698 0.058922
6 0.670180 0.576220 0.016572 0.077985
6 0.689677 0.573620 0.018521 0.072786
6 0.710148 0.577086 0.020471 0.086650
0 0.678954 0.637741 0.026320 0.076252