2 0.185519 0.751498 0.371038 0.497005
2 0.687084 0.688705 0.230969 0.326407
2 0.420832 0.643262 0.165260 0.216097
2 0.511529 0.610374 0.057108 0.116328
2 0.540338 0.587417 0.024584 0.065558
2 0.549947 0.571654 0.024681 0.048600
2 0.599067 0.561922 0.062826 0.140827
2 0.569020 0.567992 0.019121 0.060701
6 0.879806 0.576664 0.023218 0.104407
6 0.928975 0.581520 0.020487 0.133543
6 0.964485 0.576664 0.034145 0.138399
6 0.984989 0.583622 0.029975 0.186308
8 0.456414 0.480756 0.006829 0.029137
8 0.588895 0.478328 0.006829 0.033993
8 0.648989 0.489254 0.009560 0.021853
9 0.435244 0.451619 0.010926 0.019424
9 0.427732 0.506250 0.012292 0.012140
9 0.429781 0.514749 0.013658 0.014568
8 0.657795 0.468442 0.010926 0.026709