9 0.383866 0.151779 0.028819 0.049953
9 0.478144 0.230812 0.065051 0.031263
8 0.446907 0.165228 0.023776 0.084535
8 0.585369 0.356621 0.017291 0.076850
8 0.590772 0.436216 0.019453 0.038425
8 0.265635 0.497147 0.007925 0.017932
9 0.598543 0.404195 0.034583 0.017932
9 0.719836 0.335197 0.065775 0.027845
9 0.719222 0.374736 0.030980 0.053795
9 0.267333 0.461192 0.017291 0.026898
9 0.551231 0.455977 0.028098 0.035863
2 0.444350 0.523862 0.012968 0.023055
2 0.433182 0.530266 0.016571 0.030740
2 0.401842 0.526423 0.014409 0.035863
2 0.392116 0.514255 0.009366 0.016651
2 0.380948 0.516177 0.018732 0.010247
2 0.385631 0.539872 0.029539 0.039706
2 0.367259 0.536029 0.014409 0.029459
2 0.307821 0.534749 0.018012 0.029459
2 0.339521 0.541793 0.052594 0.064042
2 0.200471 0.548197 0.036744 0.038425
2 0.258829 0.566129 0.114555 0.122960
2 0.615882 0.515323 0.010807 0.023055
2 0.606515 0.511480 0.013689 0.023055
2 0.593547 0.519806 0.023776 0.052514
2 0.563287 0.520446 0.012248 0.012808
2 0.538071 0.530693 0.028098 0.040987
2 0.521728 0.534508 0.037728 0.033356
2 0.639805 0.531300 0.046021 0.076826
2 0.946970 0.573362 0.106059 0.215983
7 0.415750 0.540604 0.024496 0.098624
3 0.416799 0.568477 0.025216 0.078131
2 0.106354 0.623276 0.212707 0.283990