8 0.571640 0.625500 0.006328 0.015000
8 0.621738 0.627375 0.005273 0.015000
8 0.542637 0.660187 0.005273 0.016875
6 0.611015 0.682187 0.006328 0.028125
6 0.601523 0.681250 0.008437 0.026250
6 0.589922 0.681250 0.006328 0.022500
6 0.573574 0.674687 0.005273 0.028125
2 0.604863 0.678937 0.020039 0.016875
2 0.583242 0.678000 0.014766 0.022500
2 0.618047 0.681750 0.008437 0.026250
2 0.623847 0.681750 0.011602 0.030000
2 0.629648 0.684562 0.010547 0.043125
2 0.639140 0.686437 0.021094 0.050625
2 0.532090 0.684562 0.026367 0.043125
2 0.528398 0.690187 0.016875 0.035625
2 0.723344 0.732135 0.064336 0.143520
2 0.807719 0.750483 0.167695 0.251467
2 0.512051 0.690000 0.032695 0.045000
2 0.657597 0.690937 0.041133 0.061875
2 0.380044 0.697582 0.127959 0.157335
2 0.910195 0.792187 0.177187 0.410625
9 0.373359 0.589687 0.010547 0.020625
9 0.704531 0.607500 0.010547 0.037500