2 0.029627 0.507675 0.057694 0.239170
2 0.657631 0.544019 0.245588 0.289682
2 0.278723 0.399178 0.014813 0.027721
7 0.356688 0.406802 0.010135 0.031879
7 0.333298 0.404030 0.007017 0.020791
0 0.357467 0.420662 0.008576 0.023563
0 0.332909 0.413039 0.004678 0.016632
2 0.035084 0.436547 0.067050 0.130396
2 0.090049 0.445602 0.058473 0.095654
2 0.129031 0.432443 0.063151 0.091478
2 0.168793 0.422741 0.036643 0.080390
2 0.194522 0.419276 0.030406 0.062372
2 0.212064 0.412346 0.024949 0.056827
2 0.229216 0.409574 0.017152 0.048511
2 0.532498 0.484701 0.143455 0.201669
2 0.467787 0.463629 0.067050 0.153850
2 0.432703 0.460164 0.040542 0.102567
2 0.416721 0.449076 0.031965 0.080390
2 0.406585 0.433829 0.041321 0.074846
2 0.386704 0.428978 0.021830 0.065144
2 0.378518 0.414425 0.021050 0.047125
2 0.298604 0.401258 0.018711 0.026335
2 0.307180 0.391555 0.009356 0.018018
12 0.357467 0.384625 0.019491 0.026335
8 0.289638 0.331263 0.005458 0.016632
8 0.882559 0.204440 0.026508 0.079004
9 0.926219 0.203747 0.065490 0.194045
9 0.941422 0.022870 0.055355 0.045739
8 0.975838 0.192728 0.042903 0.105254