2 0.139633 0.672450 0.278788 0.494773
2 0.315689 0.577334 0.131504 0.155486
2 0.388613 0.549053 0.056745 0.109126
2 0.444403 0.533596 0.022953 0.056108
2 0.627469 0.551805 0.039046 0.060495
2 0.588579 0.541444 0.035865 0.054803
2 0.422406 0.545732 0.030605 0.068480
2 0.520596 0.620592 0.156848 0.239735
2 0.696303 0.579464 0.128256 0.182571
2 0.905065 0.601935 0.161630 0.117409
8 0.116407 0.402049 0.010520 0.046757
8 0.272981 0.453907 0.013389 0.029754
8 0.419822 0.409700 0.013868 0.033155
8 0.618990 0.415226 0.012433 0.035705
8 0.842838 0.351272 0.017215 0.042506
8 0.862683 0.471140 0.011955 0.023804
9 0.354409 0.405340 0.035386 0.018703
9 0.848815 0.445296 0.012911 0.013602
9 0.278645 0.381853 0.018711 0.015246
9 0.585436 0.483034 0.010135 0.018018