2 0.417218 0.381258 0.013647 0.020796
2 0.429890 0.384724 0.011698 0.027728
2 0.438664 0.392523 0.015597 0.025995
2 0.454260 0.399455 0.029244 0.046791
2 0.473757 0.401188 0.023395 0.081451
2 0.502026 0.409853 0.068237 0.091849
2 0.512749 0.433248 0.050690 0.086650
2 0.402108 0.389057 0.016572 0.032927
2 0.390411 0.395989 0.014622 0.022529
2 0.370427 0.394256 0.011698 0.032927
2 0.378713 0.395989 0.012673 0.032927
2 0.361654 0.395989 0.019496 0.032927
2 0.350443 0.402054 0.028269 0.034660
2 0.340208 0.409853 0.019496 0.032927
2 0.321199 0.415918 0.036068 0.048524
2 0.280745 0.422850 0.040942 0.072786
2 0.268560 0.437580 0.028269 0.071053
2 0.233466 0.447978 0.063363 0.084917
2 0.216407 0.454910 0.062388 0.095315
2 0.157431 0.465308 0.086758 0.129974
2 0.081884 0.510794 0.161818 0.168955
2 0.564839 0.454910 0.139273 0.164634
9 0.169129 0.380392 0.010723 0.046791
2 0.025426 0.558414 0.050852 0.143255