8 0.506951 0.141170 0.016828 0.069183
8 0.499589 0.233726 0.016828 0.056094
8 0.657354 0.323477 0.012621 0.026177
8 0.566902 0.289820 0.008414 0.029917
8 0.493804 0.347784 0.005259 0.014958
8 0.485390 0.346849 0.005259 0.016828
8 0.183007 0.273433 0.021035 0.064456
8 0.306590 0.321607 0.009466 0.026177
9 0.183007 0.226247 0.018932 0.026177
9 0.318685 0.223442 0.014725 0.016828
9 0.305538 0.299169 0.011569 0.014958
9 0.509406 0.095049 0.014725 0.024307
9 0.491000 0.198200 0.007362 0.018698
9 0.499414 0.197265 0.009466 0.020568
9 0.624574 0.328151 0.015776 0.024307
9 0.656653 0.353082 0.014725 0.024307
9 0.597754 0.329709 0.010518 0.018698
2 0.241906 0.400513 0.071520 0.104709
2 0.489597 0.389294 0.009466 0.022438
2 0.448578 0.399578 0.017880 0.050485
2 0.500720 0.395335 0.025084 0.038259
2 0.529039 0.407057 0.037864 0.069183
2 0.828967 0.401385 0.007362 0.029917
2 0.813366 0.403255 0.023139 0.029917
2 0.606519 0.456856 0.168283 0.239335
2 0.401074 0.437223 0.103073 0.155194
2 0.471367 0.396087 0.019984 0.031787
8 0.236122 0.328774 0.011569 0.016828
2 0.125160 0.410423 0.140937 0.149585
2 0.011569 0.380506 0.023139 0.048615
6 0.705735 0.442209 0.015776 0.071053
6 0.296003 0.374736 0.008608 0.037406
6 0.316088 0.379836 0.008608 0.037406
6 0.326130 0.380687 0.009564 0.035705