12 0.429858 0.455696 0.042956 0.076090
2 0.383099 0.485238 0.037043 0.062388
2 0.193987 0.497056 0.107229 0.138015
2 0.075060 0.506241 0.150120 0.197146
2 0.321700 0.507659 0.136446 0.155754
2 0.541633 0.479172 0.014877 0.039859
2 0.522010 0.473107 0.034118 0.051990
2 0.559052 0.473973 0.012673 0.015597
2 0.578548 0.477439 0.022421 0.036393
2 0.605356 0.483711 0.037043 0.055043
2 0.645323 0.494744 0.054589 0.067536
2 0.686752 0.511080 0.071161 0.093277
2 0.786295 0.522949 0.161068 0.178025
2 0.918979 0.532760 0.160629 0.303543
8 0.549304 0.406387 0.008773 0.025995
8 0.483505 0.400321 0.011698 0.027728