8 0.369964 0.217632 0.008608 0.027204
8 0.503859 0.221883 0.006695 0.025504
8 0.545462 0.254188 0.005738 0.018703
8 0.440737 0.256738 0.006695 0.020403
8 0.413958 0.249937 0.006695 0.017003
8 0.262051 0.275441 0.009564 0.017003
8 0.572241 0.276291 0.007651 0.015302
8 0.544984 0.281392 0.008608 0.015302
9 0.318957 0.214572 0.025823 0.017003
9 0.355300 0.207771 0.014346 0.023804
9 0.317522 0.264729 0.011477 0.015302
9 0.359603 0.271530 0.007651 0.015302
9 0.574792 0.214572 0.019128 0.027204
9 0.573835 0.242626 0.015302 0.028904
9 0.514061 0.293634 0.008608 0.015302
9 0.500193 0.295334 0.007651 0.011902
9 0.502584 0.307236 0.008608 0.011902
9 0.510235 0.304685 0.004782 0.013602
9 0.759854 0.206921 0.018171 0.107116
9 0.318000 0.246877 0.010520 0.010202
2 0.409814 0.302645 0.008608 0.013602
2 0.278310 0.305195 0.034430 0.032305
2 0.349561 0.308596 0.050689 0.042506
2 0.429898 0.318797 0.043038 0.066310
2 0.486804 0.307746 0.019128 0.023804
2 0.396425 0.304345 0.018171 0.022103
9 0.602527 0.247812 0.009564 0.008501
9 0.555186 0.271615 0.008608 0.008501