8 0.456535 0.328660 0.005850 0.024961
8 0.472331 0.327620 0.004680 0.022881
8 0.508018 0.376503 0.005850 0.016641
8 0.422017 0.375463 0.007020 0.018721
8 0.694059 0.349461 0.017551 0.033282
8 0.135350 0.331780 0.018721 0.031202
8 0.679433 0.348421 0.011701 0.027042
8 0.177473 0.198652 0.018721 0.052003
8 0.299745 0.112289 0.015211 0.066489
8 0.318466 0.119607 0.017551 0.068644
8 0.288629 0.115447 0.011701 0.060324
9 0.156412 0.160170 0.028082 0.070724
9 0.161677 0.264176 0.010531 0.049923
9 0.159922 0.304738 0.016381 0.022881
9 0.260548 0.132088 0.039782 0.060324
9 0.212575 0.164330 0.028082 0.054083
9 0.304425 0.307858 0.012871 0.033282
9 0.350643 0.341140 0.009361 0.024961
9 0.546045 0.322419 0.011701 0.029122
9 0.677093 0.301618 0.018721 0.066564
9 0.895896 0.284977 0.009361 0.020801
9 0.894726 0.312019 0.016381 0.024961
9 0.891801 0.423305 0.008190 0.035362
2 0.479936 0.396264 0.012871 0.014561
2 0.436643 0.410825 0.010531 0.039522
2 0.424358 0.412905 0.021061 0.043683
2 0.405051 0.416025 0.031592 0.049923
2 0.390426 0.427707 0.042123 0.051520
2 0.469405 0.411798 0.019891 0.033149
6 0.443079 0.411865 0.007020 0.029122
9 0.501582 0.393144 0.007020 0.020801
6 0.539025 0.435786 0.009361 0.047843
6 0.530249 0.443067 0.010531 0.062404
0 0.543705 0.459708 0.021061 0.054083
2 0.068063 0.618250 0.136127 0.329565