2 0.618188 0.510933 0.013658 0.019424
2 0.629797 0.509719 0.012292 0.016996
2 0.640040 0.509719 0.013658 0.021853
2 0.649601 0.510933 0.010926 0.024281
2 0.658478 0.510933 0.017755 0.033993
2 0.681924 0.505563 0.042794 0.101530
2 0.571751 0.513361 0.013658 0.048561
2 0.381907 0.504863 0.128384 0.050989
2 0.305423 0.498793 0.024584 0.033993
2 0.239584 0.542498 0.245277 0.169964
2 0.311569 0.535214 0.094239 0.121403
2 0.388736 0.542498 0.106531 0.077698
2 0.217330 0.582561 0.195307 0.162680
2 0.138371 0.610484 0.276742 0.213669
2 0.052753 0.673613 0.103800 0.189389
2 0.506876 0.543732 0.132481 0.191776
2 0.597701 0.515789 0.038242 0.072842
1 0.842859 0.493297 0.296375 0.321782