1 0.819532 0.655331 0.327868 0.298609
1 0.618865 0.619570 0.109632 0.134106
1 0.402117 0.551739 0.046267 0.040892
1 0.477551 0.554305 0.018104 0.032185
2 0.533772 0.646036 0.076232 0.095967
2 0.425753 0.621697 0.075435 0.119611
2 0.316121 0.598631 0.093539 0.135143
2 0.146142 0.577550 0.139805 0.171656
2 0.231634 0.593958 0.071411 0.103077
2 0.265832 0.577550 0.041238 0.071523
2 0.469002 0.617781 0.031180 0.062583
2 0.497667 0.613829 0.032185 0.054678
2 0.370937 0.587384 0.042243 0.084040
2 0.469002 0.578444 0.015087 0.016093
6 0.026955 0.538212 0.020116 0.092980
6 0.053488 0.572185 0.022892 0.078675
6 0.005331 0.542682 0.009052 0.084040
8 0.527841 0.538212 0.008046 0.021457
8 0.503702 0.541788 0.004023 0.021457
9 0.538905 0.531060 0.012070 0.021457
8 0.929337 0.104147 0.033590 0.125829