9 0.852613 0.382246 0.130136 0.116547
9 0.472049 0.359179 0.051900 0.065558
9 0.385322 0.340969 0.055997 0.063130
9 0.340251 0.337327 0.039608 0.060701
9 0.347763 0.293622 0.019121 0.026709
9 0.250109 0.436877 0.025950 0.026709
9 0.223476 0.435663 0.027316 0.019424
1 0.064363 0.463586 0.025950 0.026709
2 0.082801 0.464800 0.010926 0.014568
2 0.094410 0.466014 0.012292 0.016996
2 0.132652 0.468442 0.015024 0.016996
2 0.157236 0.468442 0.023218 0.016996
2 0.194795 0.461158 0.016389 0.016996
2 0.210501 0.469656 0.015024 0.014568
2 0.228939 0.463586 0.021853 0.026709
2 0.262401 0.472084 0.012292 0.019424
2 0.322496 0.474512 0.012292 0.019424
2 0.312252 0.479368 0.010926 0.024281
2 0.369615 0.478154 0.013658 0.021853
2 0.359372 0.480582 0.015024 0.026709
12 0.390785 0.469656 0.031413 0.043705
2 0.349811 0.490295 0.023218 0.055845
2 0.330833 0.503598 0.042055 0.058172
2 0.395249 0.504863 0.040342 0.065558
2 0.545710 0.527929 0.111813 0.169964
2 0.932318 0.487867 0.046437 0.041277
2 0.981486 0.457516 0.032779 0.029137
2 0.971243 0.489081 0.053266 0.048561
2 0.805300 0.487867 0.043705 0.021853
2 0.698086 0.496365 0.039608 0.033993
2 0.648235 0.487867 0.019121 0.026709
2 0.633211 0.486652 0.021853 0.024281
2 0.612725 0.484224 0.019121 0.029137
9 0.628431 0.462372 0.012292 0.019424
9 0.101922 0.425951 0.016389 0.029137
2 0.019950 0.463839 0.039899 0.040334