2 0.436577 0.495598 0.013876 0.022425
2 0.428378 0.497840 0.012614 0.022425
2 0.417656 0.500083 0.013876 0.026910
2 0.410718 0.502325 0.025228 0.035880
2 0.392428 0.504568 0.023967 0.044850
2 0.384985 0.507932 0.032797 0.042608
2 0.370479 0.512417 0.021444 0.038123
2 0.254050 0.540723 0.065594 0.081280
2 0.190979 0.549607 0.095868 0.108018
2 0.097219 0.575367 0.125962 0.143521
2 0.502549 0.485282 0.010091 0.022425
2 0.508226 0.487525 0.011353 0.026910
2 0.513902 0.488646 0.015137 0.033638
2 0.521471 0.494252 0.017660 0.044850
2 0.527778 0.498737 0.017660 0.053821
2 0.830434 0.461516 0.095868 0.041252
2 0.976055 0.403453 0.046338 0.092025
2 0.024070 0.573380 0.044176 0.202337
2 0.348656 0.518471 0.047934 0.053821
2 0.449444 0.492682 0.016398 0.024668
2 0.469626 0.489319 0.013876 0.013455
2 0.552880 0.508380 0.049195 0.069518
2 0.701756 0.531920 0.179937 0.229348
9 0.688735 0.315972 0.025228 0.020183