2 0.054965 0.662525 0.108371 0.155236
2 0.313120 0.617910 0.066086 0.071550
2 0.427151 0.597624 0.057883 0.107626
2 0.399178 0.605005 0.018711 0.070688
2 0.572260 0.591521 0.020271 0.060352
2 0.622547 0.573536 0.030406 0.135265
2 0.714155 0.561345 0.165285 0.282751
8 0.278723 0.526694 0.008576 0.030493
8 0.360586 0.545405 0.011695 0.023563
8 0.605395 0.457392 0.010135 0.024949
8 0.444788 0.498973 0.008576 0.019405
8 0.567192 0.531545 0.008576 0.018018
6 0.954394 0.577284 0.029842 0.145534
6 0.926998 0.571047 0.023389 0.108111
6 0.902829 0.565503 0.021830 0.091478
6 0.877491 0.565503 0.019491 0.088706
6 0.864627 0.559266 0.017152 0.070688
6 0.856830 0.600847 0.014034 0.090092
6 0.848644 0.559266 0.011695 0.062372
6 0.811611 0.570354 0.009356 0.073460
6 0.801086 0.573126 0.005458 0.079004
2 0.503651 0.642663 0.146573 0.206049
2 0.598096 0.577886 0.021123 0.037552