9 0.718596 0.243150 0.044440 0.121971
9 0.833984 0.343638 0.014813 0.023563
9 0.759138 0.342945 0.008576 0.013860
9 0.688580 0.340173 0.007796 0.013860
9 0.621920 0.306908 0.024169 0.047125
9 0.534210 0.342945 0.014034 0.024949
2 0.061300 0.385912 0.109150 0.080390
1 0.655390 0.353340 0.035864 0.045739
2 0.861996 0.392149 0.057694 0.026335
2 0.594187 0.356112 0.014813 0.018018
2 0.538930 0.373537 0.010135 0.011088
2 0.530744 0.372151 0.007796 0.016632
2 0.521778 0.375616 0.014813 0.020791
2 0.509693 0.371458 0.012474 0.020791
2 0.505015 0.384625 0.020271 0.038809
2 0.481236 0.365221 0.011695 0.011088
2 0.474609 0.376309 0.015593 0.024949
2 0.445372 0.377002 0.021050 0.040195
2 0.435627 0.368686 0.009356 0.018018
2 0.383001 0.375616 0.019491 0.026335
2 0.396255 0.373537 0.017932 0.027721
2 0.366238 0.383932 0.038982 0.048511
2 0.420104 0.378388 0.030406 0.041581
2 0.455188 0.392248 0.035084 0.047125
2 0.494170 0.396406 0.038203 0.060986
2 0.217946 0.507158 0.357398 0.360631
2 0.977773 0.375616 0.041321 0.080390