9 0.418963 0.338596 0.029174 0.044237
9 0.505197 0.372918 0.018019 0.030508
9 0.504768 0.399613 0.015445 0.016780
9 0.436124 0.428596 0.008581 0.016780
9 0.452856 0.433173 0.007722 0.016780
9 0.467014 0.434698 0.008581 0.016780
9 0.487178 0.433173 0.011155 0.019831
9 0.506913 0.430884 0.009439 0.024407
2 0.317284 0.430884 0.014587 0.018305
2 0.289397 0.427071 0.015445 0.016780
2 0.177421 0.425545 0.026600 0.013729
2 0.206595 0.426308 0.016303 0.012203
2 0.232766 0.427834 0.024025 0.012203
2 0.262369 0.475884 0.036896 0.028983
2 0.157430 0.473596 0.025396 0.027458
2 0.197586 0.470545 0.032606 0.024407
2 0.031436 0.491901 0.062872 0.039661
2 0.218608 0.456054 0.014587 0.022881
2 0.234053 0.449952 0.016303 0.025932