8 0.374604 0.207583 0.015802 0.029858
8 0.803374 0.201185 0.009597 0.021327
8 0.768584 0.201185 0.011996 0.029858
8 0.802174 0.240640 0.007198 0.019194
6 0.789578 0.311951 0.034790 0.166083
2 0.763186 0.279028 0.020394 0.057583
2 0.746991 0.298223 0.031191 0.083175
2 0.692759 0.295799 0.052417 0.090902
2 0.700205 0.248104 0.023993 0.025592
2 0.670213 0.254502 0.021594 0.034123
2 0.658217 0.265166 0.021594 0.034123
2 0.651019 0.279028 0.021594 0.036256
2 0.623427 0.280095 0.033590 0.042654
2 0.592237 0.282699 0.038389 0.052127
2 0.558647 0.298090 0.047986 0.065850
2 0.494828 0.302503 0.085275 0.095967
2 0.176560 0.333412 0.128362 0.102370
8 0.899945 0.090284 0.034790 0.059716