9 0.736011 0.381649 0.113885 0.169898
9 0.619037 0.417857 0.008610 0.012245
9 0.613871 0.420153 0.005166 0.013776
9 0.621620 0.442347 0.008610 0.006122
9 0.620329 0.468368 0.011193 0.015306
9 0.617746 0.479082 0.012915 0.012245
9 0.521317 0.482143 0.009471 0.012245
9 0.522178 0.495153 0.007749 0.016837
9 0.445121 0.482908 0.015497 0.019898
9 0.447274 0.508163 0.016358 0.021429
8 0.569962 0.470919 0.006888 0.018367
2 0.534519 0.502296 0.019802 0.029082
2 0.568920 0.502507 0.028487 0.028659
2 0.604257 0.493112 0.021524 0.029082
2 0.512134 0.498470 0.016358 0.018367
2 0.483859 0.505492 0.019527 0.029350