8 0.282310 0.153516 0.010547 0.063281
8 0.633653 0.199219 0.009229 0.070312
8 0.646177 0.199219 0.010547 0.065625
8 0.617173 0.198047 0.010547 0.067969
8 0.082579 0.138281 0.017139 0.079687
8 0.385142 0.379687 0.005273 0.023437
8 0.480723 0.421875 0.003955 0.018750
8 0.458970 0.412500 0.005273 0.018750
8 0.478745 0.394922 0.005273 0.021094
8 0.836680 0.421875 0.014502 0.046875
8 0.821519 0.424218 0.018457 0.042187
9 0.211778 0.375000 0.017139 0.028125
9 0.188047 0.316406 0.022412 0.042187
9 0.144542 0.295312 0.019775 0.032812
9 0.573008 0.417187 0.017139 0.028125
9 0.870298 0.335156 0.023730 0.023437
9 0.857773 0.419531 0.025049 0.051562
9 0.843272 0.372656 0.019775 0.023437
9 0.328453 0.369140 0.007910 0.025781
2 0.509727 0.453515 0.009229 0.030469
2 0.502476 0.454687 0.007910 0.023437
2 0.487423 0.468011 0.038016 0.068150
2 0.518955 0.460547 0.011865 0.030469
2 0.534799 0.468750 0.030368 0.046875
2 0.376573 0.458889 0.030322 0.066596
2 0.247777 0.443552 0.055882 0.083209
2 0.035205 0.486787 0.070410 0.197497
2 0.315166 0.460547 0.103037 0.157031
2 0.939545 0.559104 0.117268 0.147416
2 0.424451 0.470002 0.089926 0.186180