8 0.665078 0.495000 0.009798 0.047903
8 0.023284 0.459436 0.019597 0.069677
8 0.046555 0.464879 0.017147 0.080565
8 0.644257 0.494274 0.012248 0.056613
8 0.017772 0.537823 0.023271 0.030484
8 0.660179 0.560686 0.019597 0.028306
9 0.016541 0.371250 0.033082 0.041371
9 0.665691 0.451815 0.030620 0.015242
9 0.300701 0.541089 0.011023 0.041371
6 0.083299 0.646694 0.022046 0.117581
6 0.635071 0.617638 0.008574 0.062465
2 0.455638 0.627097 0.024496 0.078387
2 0.434204 0.617298 0.015922 0.045726
2 0.424405 0.616210 0.018372 0.074032
12 0.450739 0.579194 0.019597 0.017419
2 0.389499 0.619476 0.061240 0.102339
2 0.342344 0.597702 0.028170 0.023952
2 0.316011 0.641250 0.041643 0.084919
2 0.243135 0.654315 0.133503 0.111048
2 0.361941 0.655143 0.086961 0.108351
12 0.574981 0.606411 0.089260 0.180726
2 0.511979 0.640161 0.112681 0.182903