9 0.422770 0.452755 0.012398 0.009184
9 0.716395 0.418775 0.022730 0.051429
8 0.440127 0.438979 0.008265 0.025714
8 0.563074 0.425204 0.008265 0.020204
8 0.760098 0.424286 0.007232 0.018367
2 0.444570 0.504184 0.021696 0.027551
6 0.434755 0.507857 0.012398 0.034898
3 0.443640 0.540918 0.022730 0.045918
3 0.419981 0.557449 0.034094 0.056939
3 0.386920 0.580408 0.054758 0.080816
6 0.354375 0.537245 0.012398 0.042245
2 0.313764 0.602242 0.100233 0.136333
2 0.190619 0.658485 0.263457 0.229623
2 0.581877 0.512449 0.024796 0.051429
2 0.600474 0.515204 0.024796 0.056939
2 0.625787 0.516122 0.038227 0.073469
2 0.642317 0.529898 0.042360 0.086327
2 0.684161 0.540695 0.088852 0.116161
2 0.778592 0.561122 0.138444 0.159796
2 0.550573 0.531735 0.029962 0.078980
2 0.050625 0.790055 0.101250 0.261336
2 0.898216 0.628651 0.200465 0.236439
2 0.500695 0.555875 0.093880 0.163469