6 0.330791 0.432807 0.013876 0.040365
6 0.306825 0.441777 0.018921 0.058306
6 0.290426 0.446262 0.011353 0.049336
6 0.275289 0.460839 0.016398 0.051578
6 0.235554 0.440656 0.015137 0.038123
2 0.322670 0.486510 0.120941 0.076415
6 0.358543 0.497840 0.041627 0.210797
8 0.396385 0.344227 0.011353 0.038123
8 0.408369 0.341985 0.012614 0.047093
8 0.204172 0.400147 0.012895 0.019896
9 0.561631 0.366653 0.023967 0.015698
2 0.651761 0.460449 0.078085 0.077710
12 0.741383 0.443629 0.111005 0.093404
2 0.811392 0.450747 0.112266 0.076246
2 0.987360 0.426079 0.020183 0.053821
2 0.924532 0.463840 0.135747 0.129343
2 0.527708 0.588117 0.275981 0.412083
6 0.254319 0.457217 0.012895 0.043302
8 0.154741 0.277642 0.017193 0.061132
8 0.154741 0.366793 0.011462 0.030566
8 0.555920 0.327312 0.005731 0.038208
8 0.569532 0.324764 0.010029 0.033113
8 0.013611 0.285283 0.027223 0.056038
8 0.016477 0.351510 0.032954 0.050943
2 0.157606 0.631690 0.315213 0.386134
9 0.214679 0.262359 0.007164 0.081510