9 0.572260 0.134446 0.068609 0.030493
9 0.396840 0.383239 0.023389 0.040195
8 0.525481 0.117813 0.018711 0.069302
8 0.741443 0.330570 0.017152 0.056827
8 0.382026 0.332649 0.018711 0.058214
8 0.033525 0.397792 0.018711 0.033265
9 0.420619 0.205133 0.028847 0.105339
9 0.516515 0.388090 0.013254 0.011088
8 0.506380 0.378388 0.007017 0.016632
8 0.472855 0.410960 0.005458 0.012474
2 0.840046 0.610570 0.317262 0.394993
2 0.467397 0.560652 0.127082 0.170482
2 0.617479 0.537089 0.096676 0.120585
2 0.560565 0.478260 0.043660 0.060831
2 0.213099 0.535010 0.128910 0.127515
2 0.025118 0.476986 0.047999 0.072453
2 0.097846 0.469866 0.074066 0.055441
2 0.162166 0.457392 0.049897 0.049897
2 0.203098 0.451155 0.031965 0.048511
2 0.230385 0.446997 0.025728 0.048511
2 0.285009 0.478183 0.059935 0.058214
2 0.352400 0.480529 0.048338 0.062587
2 0.484939 0.465708 0.045219 0.027721
2 0.491177 0.451848 0.023389 0.016632
2 0.549260 0.455313 0.031965 0.045739
2 0.531718 0.449076 0.017152 0.036037
2 0.527040 0.435215 0.020271 0.024949
2 0.493126 0.426206 0.019491 0.023563
2 0.383586 0.460164 0.018711 0.052669
2 0.408534 0.449769 0.014034 0.034651
2 0.349671 0.431750 0.022610 0.023563
2 0.317316 0.433829 0.031186 0.024949
2 0.289248 0.435908 0.026508 0.023563