2 0.071292 0.404849 0.140475 0.147186
2 0.278151 0.411250 0.100982 0.106569
2 0.647090 0.427574 0.101509 0.110081
2 0.448634 0.372660 0.030440 0.039102
2 0.594969 0.410169 0.054631 0.084982
2 0.571751 0.402884 0.046437 0.065558
2 0.556045 0.394386 0.039608 0.082554
2 0.522671 0.379379 0.029870 0.049439
2 0.333593 0.386061 0.049168 0.036421
2 0.360225 0.383633 0.031413 0.031565
2 0.377981 0.377563 0.031413 0.029137
2 0.407491 0.379991 0.033071 0.029137
2 0.169699 0.418840 0.068289 0.072842
8 0.749303 0.259629 0.019121 0.041277
9 0.749986 0.141868 0.034145 0.024281
9 0.732914 0.175861 0.040974 0.029137
9 0.742474 0.214710 0.010926 0.029137
8 0.768424 0.263271 0.019121 0.043705