2 0.019438 0.530810 0.038876 0.090828
2 0.114348 0.579317 0.227490 0.212371
2 0.277794 0.514369 0.109021 0.119588
2 0.328245 0.485022 0.056830 0.089761
2 0.360719 0.482410 0.031314 0.063918
2 0.072353 0.502406 0.065841 0.065979
2 0.195425 0.483849 0.105541 0.065979
2 0.412832 0.464140 0.030263 0.039926
2 0.432738 0.450864 0.025246 0.041248
2 0.449420 0.448797 0.010438 0.028866
2 0.459278 0.445705 0.006959 0.026804
2 0.470876 0.438488 0.011598 0.020619
2 0.668041 0.465292 0.088144 0.103093
2 0.624549 0.467354 0.035954 0.065979
2 0.813595 0.432646 0.100902 0.026804
2 0.929364 0.444177 0.139227 0.137246
2 0.573040 0.447455 0.034389 0.050848
2 0.546843 0.447766 0.015077 0.026804
2 0.532345 0.441108 0.016237 0.021735
8 0.520168 0.392096 0.008119 0.018557
8 0.477904 0.389435 0.007096 0.015284
9 0.667461 0.317256 0.019716 0.015659
9 0.658763 0.362199 0.023196 0.012371
9 0.365915 0.393127 0.017397 0.008247
9 0.361856 0.368385 0.018557 0.016495
2 0.490225 0.438875 0.007720 0.006238
2 0.521105 0.440122 0.009124 0.018715
7 0.602517 0.428581 0.006316 0.011229
3 0.602657 0.444676 0.006316 0.017468
6 0.595148 0.441058 0.005615 0.026201