2 0.598531 0.451240 0.017938 0.021260
2 0.584181 0.477815 0.027505 0.078661
2 0.603315 0.467185 0.017938 0.048898
2 0.619459 0.465059 0.026309 0.048898
2 0.641582 0.468248 0.049031 0.055276
2 0.678654 0.461870 0.039464 0.080787
2 0.731923 0.474626 0.114909 0.127559
2 0.886436 0.463996 0.117195 0.093543
12 0.337832 0.468248 0.051422 0.123307
2 0.302554 0.508642 0.057402 0.080787
2 0.466986 0.486647 0.218844 0.389711
2 0.955796 0.470017 0.086102 0.102761
9 0.165030 0.119587 0.038268 0.068032
9 0.586573 0.216319 0.020330 0.036142
9 0.574016 0.350256 0.021526 0.031890
8 0.214060 0.133406 0.019134 0.074409
8 0.565645 0.216319 0.011959 0.048898
8 0.226617 0.137658 0.013155 0.065906
8 0.197318 0.137658 0.014350 0.070158
8 0.551892 0.217382 0.013155 0.046772
9 0.198080 0.343347 0.032288 0.023386
12 0.850419 0.408189 0.126776 0.161575
6 0.111380 0.511299 0.019134 0.065906