8 0.599019 0.382125 0.016572 0.032927
8 0.499589 0.381258 0.012673 0.038126
8 0.748652 0.453177 0.011698 0.029461
8 0.420630 0.377792 0.006824 0.013864
8 0.409419 0.440180 0.007798 0.027728
9 0.593658 0.457510 0.007798 0.020796
2 0.291468 0.512099 0.033143 0.050257
2 0.233954 0.515565 0.089682 0.098781
2 0.099430 0.523720 0.194962 0.271059
2 0.380662 0.503127 0.036068 0.085531
2 0.326561 0.499102 0.087733 0.103980
2 0.433133 0.504446 0.024033 0.045349
2 0.470832 0.496502 0.013647 0.029461
2 0.487404 0.499968 0.017547 0.032927
2 0.504463 0.504301 0.012673 0.020796
2 0.523959 0.512966 0.032169 0.048524
2 0.575137 0.513832 0.038992 0.053723
2 0.641094 0.561299 0.143228 0.162520
2 0.924179 0.539269 0.110095 0.152348
2 0.845158 0.526829 0.056539 0.045058