8 0.812636 0.055312 0.020039 0.084375
9 0.050098 0.033750 0.100195 0.052500
9 0.483725 0.396830 0.020039 0.013125
9 0.672514 0.383705 0.013711 0.020625
6 0.156094 0.507187 0.021094 0.084375
6 0.244160 0.499687 0.015820 0.076875
6 0.095977 0.525937 0.029531 0.121875
6 0.709804 0.449062 0.010547 0.039375
2 0.547383 0.455491 0.018984 0.024375
2 0.525234 0.455491 0.016875 0.020625
2 0.471445 0.462991 0.029531 0.035625
2 0.315372 0.511582 0.117070 0.127500
2 0.502052 0.470332 0.041133 0.063750
2 0.679239 0.472541 0.070664 0.108082
2 0.590118 0.480644 0.080156 0.140625
1 0.862856 0.437178 0.248661 0.199357
2 0.924433 0.630282 0.148711 0.348186