8 0.239487 0.322419 0.014041 0.024961
8 0.275174 0.336980 0.012871 0.016641
8 0.341868 0.306818 0.012871 0.018721
8 0.461800 0.319299 0.014041 0.018721
8 0.368194 0.350501 0.011701 0.010401
8 0.436643 0.352581 0.012871 0.014561
8 0.512698 0.376503 0.010531 0.012481
8 0.520888 0.370262 0.008190 0.016641
9 0.309691 0.315139 0.021061 0.014561
9 0.489882 0.328660 0.016381 0.012481
9 0.323732 0.309939 0.011701 0.012481
9 0.465895 0.343221 0.024571 0.012481
2 0.406807 0.382743 0.014041 0.016641
2 0.436058 0.384823 0.011701 0.016641
2 0.416167 0.385863 0.009361 0.014561
2 0.474086 0.373382 0.024571 0.022881
2 0.455364 0.379623 0.010531 0.022881
2 0.373460 0.369222 0.010531 0.014561
2 0.388085 0.366102 0.018721 0.016641
2 0.328997 0.388983 0.015211 0.020801
2 0.340113 0.391063 0.011701 0.016641
2 0.357664 0.388983 0.018721 0.020801
2 0.425528 0.390023 0.014041 0.027042
2 0.472843 0.403411 0.029106 0.041870
2 0.381440 0.386794 0.024151 0.024743
2 0.283949 0.395224 0.044463 0.049923
2 0.443079 0.369222 0.011701 0.014561
8 0.117214 0.324499 0.012871 0.016641
8 0.723896 0.404584 0.011701 0.018721
8 0.925733 0.345301 0.010531 0.020801
8 0.938018 0.351541 0.009361 0.020801
8 0.038234 0.345301 0.016381 0.016641
6 0.055898 0.397500 0.027422 0.118125