8 0.750222 0.040562 0.033932 0.081125
8 0.990087 0.240254 0.017551 0.097766
8 0.952644 0.335940 0.024571 0.043683
9 0.987746 0.324499 0.022231 0.024961
6 0.124782 0.430586 0.025816 0.095686
6 0.204969 0.422265 0.015211 0.079045
6 0.280439 0.434746 0.021061 0.083205
6 0.780983 0.482589 0.023893 0.074884
2 0.577637 0.444107 0.009361 0.018721
2 0.584657 0.448267 0.009361 0.018721
2 0.568861 0.444107 0.010531 0.018721
2 0.594018 0.449307 0.009361 0.016641
2 0.614494 0.461788 0.024571 0.033282
2 0.558331 0.445147 0.012871 0.016641
2 0.395106 0.457851 0.102966 0.136842
8 0.464983 0.405520 0.003899 0.013864
8 0.572700 0.389923 0.004874 0.017330
8 0.611692 0.420250 0.004874 0.015597