2 0.415505 0.617550 0.043021 0.046245
2 0.384990 0.624664 0.024012 0.032016
2 0.369483 0.622886 0.023011 0.028459
2 0.351974 0.632668 0.034017 0.037352
2 0.290363 0.646778 0.052866 0.062014
2 0.215907 0.663795 0.104051 0.138735
2 0.088944 0.706482 0.177888 0.227668
2 0.447021 0.616660 0.012006 0.023123
2 0.455525 0.624664 0.017008 0.021344
2 0.465530 0.626443 0.017008 0.021344
2 0.471533 0.632668 0.019009 0.023123
2 0.490042 0.639783 0.024012 0.026680
2 0.516055 0.643340 0.030015 0.065810
2 0.532563 0.652233 0.041020 0.065810
2 0.561569 0.666676 0.061047 0.076910
2 0.618606 0.684249 0.075037 0.126285
2 0.657625 0.694032 0.085042 0.131621
2 0.823207 0.742056 0.316156 0.313044
9 0.646421 0.603568 0.015403 0.020849