9 0.382701 0.435459 0.009471 0.018367
9 0.361866 0.439115 0.026690 0.014352
9 0.524072 0.465612 0.016358 0.039796
8 0.438664 0.456123 0.006027 0.024490
8 0.444691 0.457653 0.006027 0.021429
8 0.393033 0.436990 0.009471 0.026020
9 0.292299 0.422449 0.009471 0.018367
9 0.326738 0.480612 0.012915 0.013776
2 0.267393 0.509147 0.015497 0.050510
2 0.284981 0.506633 0.022385 0.015306
2 0.294452 0.518112 0.037883 0.032143
12 0.346540 0.512755 0.066295 0.058163
2 0.382701 0.529592 0.030134 0.042857
2 0.437373 0.496684 0.025829 0.019898
2 0.404656 0.515051 0.020663 0.022959
2 0.587009 0.533419 0.046492 0.038265
2 0.543530 0.544133 0.068017 0.029082
12 0.622939 0.530780 0.032255 0.066662
2 0.118722 0.520408 0.053196 0.055102
2 0.082223 0.521939 0.064573 0.058163
2 0.035300 0.521939 0.053380 0.064286
6 0.319420 0.527296 0.008610 0.050510
6 0.547320 0.548725 0.012402 0.062755
6 0.603109 0.545664 0.018941 0.068878
6 0.586751 0.541837 0.015497 0.073469
2 0.876342 0.621788 0.245376 0.409486
9 0.484152 0.479082 0.015497 0.015306
9 0.489953 0.502806 0.011193 0.016837
2 0.446474 0.591932 0.132589 0.193251
6 0.332910 0.518998 0.013658 0.046133
6 0.591123 0.642658 0.002820 0.005014