2 0.933364 0.778681 0.129566 0.302034
2 0.205737 0.781732 0.411006 0.430169
2 0.431404 0.768003 0.134714 0.195254
6 0.355896 0.656647 0.018019 0.036610
2 0.570838 0.713088 0.029174 0.079322
2 0.582421 0.704698 0.043761 0.080847
2 0.852278 0.771817 0.066928 0.132712
2 0.834688 0.745884 0.091811 0.120508
2 0.733867 0.784020 0.132140 0.187627
2 0.683671 0.699359 0.016303 0.018305
2 0.621463 0.692495 0.025742 0.050339
6 0.650636 0.697071 0.008581 0.035085
8 0.742877 0.590291 0.006006 0.025932
8 0.733867 0.594105 0.006864 0.030508
8 0.822676 0.611647 0.007722 0.028983
8 0.571696 0.600969 0.005148 0.022881
8 0.518606 0.654254 0.010297 0.013729
2 0.637961 0.693305 0.016303 0.035085