2 0.947298 0.311603 0.099676 0.095596
2 0.880410 0.329090 0.115415 0.093264
12 0.732208 0.340748 0.249190 0.153886
2 0.973191 0.340837 0.051036 0.064797
2 0.433554 0.365563 0.020984 0.025648
2 0.372568 0.370226 0.024919 0.020984
2 0.084687 0.391210 0.036723 0.025648
6 0.503065 0.349241 0.018361 0.072280
9 0.366277 0.121930 0.046436 0.022609
9 0.298459 0.326551 0.010602 0.015570
9 0.331910 0.340748 0.011804 0.018653
9 0.452793 0.309304 0.011361 0.030244
9 0.482080 0.264809 0.026231 0.016643
9 0.259776 0.327924 0.017050 0.030311
8 0.319451 0.099093 0.015738 0.062953
8 0.476179 0.218005 0.011804 0.034974
8 0.477490 0.282457 0.009181 0.018653
8 0.651923 0.078109 0.027542 0.104922
9 0.684712 0.122409 0.009181 0.076943
8 0.694548 0.233827 0.031477 0.111917
8 0.646677 0.204682 0.009181 0.044301
9 0.412772 0.187654 0.003227 0.008194