9 0.653167 0.144491 0.025437 0.060227
9 0.654583 0.087516 0.028269 0.053723
9 0.936303 0.039859 0.049715 0.065854
8 0.058976 0.154236 0.012673 0.051990
8 0.061413 0.225289 0.005849 0.027728
8 0.037043 0.227888 0.017547 0.025995
8 0.533707 0.201894 0.010723 0.039859
8 0.538094 0.240886 0.019496 0.020796
8 0.542481 0.266014 0.012673 0.012131
8 0.192037 0.283344 0.007798 0.022529
8 0.190088 0.315404 0.009748 0.013864
8 0.177902 0.277279 0.006824 0.017330
2 0.494715 0.313672 0.063363 0.072786
2 0.553691 0.360462 0.146221 0.159435
2 0.056568 0.356190 0.108002 0.128241
2 0.013647 0.370860 0.027295 0.135173
2 0.348981 0.482638 0.366528 0.584018
3 0.735493 0.396855 0.193987 0.263415