2 0.231343 0.454592 0.007749 0.015306
2 0.224024 0.456888 0.015497 0.022959
2 0.197334 0.461480 0.022385 0.032143
2 0.246410 0.451531 0.008610 0.012245
2 0.255019 0.455357 0.008610 0.013776
2 0.264920 0.455357 0.016358 0.022959
2 0.264490 0.459184 0.008610 0.018367
2 0.188122 0.462245 0.024968 0.030612
2 0.159279 0.462245 0.037883 0.045918
2 0.307366 0.461480 0.010332 0.026020
2 0.318128 0.463010 0.023246 0.035204
2 0.318989 0.463776 0.021524 0.033673
2 0.321142 0.465306 0.018941 0.033673
2 0.325877 0.468368 0.021524 0.033673
2 0.347401 0.469898 0.037022 0.058163
2 0.352998 0.479082 0.022385 0.058163
2 0.365912 0.482143 0.025829 0.064286
2 0.392172 0.492092 0.049075 0.093367
2 0.428332 0.500510 0.064573 0.110204
2 0.128284 0.465306 0.034439 0.067347
2 0.094276 0.463010 0.064573 0.087245
2 0.039605 0.479847 0.072321 0.090306
2 0.491183 0.526531 0.142060 0.165306
2 0.271464 0.461480 0.014636 0.016837
2 0.239608 0.454592 0.009471 0.012245
2 0.221097 0.459949 0.012054 0.016837
2 0.010332 0.487500 0.020663 0.090306
2 0.797688 0.626786 0.399490 0.324490