8 0.341511 0.058649 0.021594 0.095971
8 0.561046 0.222824 0.016795 0.066201
8 0.433371 0.480924 0.009597 0.017062
8 0.495753 0.473459 0.011996 0.014929
8 0.369790 0.510782 0.014396 0.017062
8 0.346397 0.515047 0.010797 0.021327
8 0.148306 0.227285 0.026392 0.034123
8 0.180696 0.448019 0.016795 0.040521
8 0.836901 0.219820 0.026392 0.100237
8 0.856696 0.403233 0.015595 0.027725
8 0.722935 0.406432 0.016795 0.034123
8 0.432022 0.503470 0.010797 0.019194
8 0.874690 0.398206 0.020394 0.042654
2 0.429952 0.531895 0.014396 0.021327
2 0.416156 0.553250 0.039588 0.063926
2 0.392164 0.554289 0.013196 0.040521
2 0.353775 0.582014 0.080376 0.104502
2 0.287195 0.580947 0.059982 0.085308
2 0.235010 0.598009 0.097171 0.093839
2 0.465342 0.542756 0.063581 0.153159
2 0.578708 0.640663 0.239929 0.341232
6 0.733782 0.522867 0.016795 0.087441
6 0.740980 0.514336 0.009597 0.070379
6 0.751177 0.517535 0.017995 0.063981
6 0.818357 0.493009 0.013196 0.040521
8 0.375249 0.054384 0.033590 0.100237
6 0.767179 0.512253 0.020010 0.099605