8 0.034499 0.319172 0.013075 0.062583
8 0.319642 0.282517 0.014081 0.060795
8 0.573605 0.287881 0.013075 0.042914
2 0.334545 0.658122 0.360074 0.429139
2 0.821030 0.611523 0.355046 0.575762
2 0.620877 0.577550 0.220269 0.271788
2 0.499176 0.557881 0.071411 0.125166
6 0.004425 0.472053 0.008851 0.035762
6 0.013377 0.469371 0.013075 0.037550
6 0.056626 0.480993 0.017099 0.042914
6 0.073222 0.474735 0.012070 0.041126
6 0.083783 0.478311 0.013075 0.044702
6 0.102893 0.483675 0.011064 0.030397
6 0.114459 0.484570 0.010058 0.028609
6 0.123009 0.494404 0.011064 0.019669
6 0.124517 0.480099 0.006035 0.016093
6 0.165755 0.488146 0.008046 0.021457
6 0.147148 0.484570 0.011064 0.025033
6 0.176819 0.491722 0.010058 0.028609
6 0.185871 0.489934 0.008046 0.025033
6 0.198443 0.485464 0.017099 0.023245
6 0.204478 0.487252 0.011064 0.026821
6 0.214536 0.486358 0.009052 0.025033
6 0.222582 0.486358 0.009052 0.028609