8 0.446191 0.451848 0.007017 0.011088
8 0.380311 0.472638 0.006237 0.008316
9 0.567738 0.397792 0.012474 0.008316
9 0.558382 0.413039 0.018711 0.011088
2 0.406975 0.503131 0.006237 0.013860
2 0.419839 0.502438 0.017932 0.023563
2 0.465918 0.496820 0.035244 0.053907
2 0.483770 0.503824 0.008576 0.015246
2 0.517295 0.502438 0.019491 0.026335
2 0.306479 0.505210 0.017932 0.023563
2 0.275683 0.510754 0.024949 0.023563
2 0.238805 0.517685 0.011695 0.015246
2 0.538374 0.510149 0.046368 0.055618
2 0.448551 0.513492 0.047814 0.066270
2 0.338451 0.517242 0.047260 0.069803
2 0.127706 0.510754 0.082642 0.103953
2 0.206840 0.521150 0.044440 0.060986
2 0.396255 0.496201 0.014034 0.020791
2 0.371306 0.502438 0.018711 0.019405
2 0.389238 0.500359 0.015593 0.023563
9 0.749824 0.371458 0.022610 0.051283
6 0.580368 0.507289 0.012474 0.047125
2 0.024606 0.539237 0.048051 0.111356
8 0.302615 0.456864 0.008581 0.019831