8 0.215666 0.219758 0.019606 0.057809
8 0.195582 0.237610 0.014824 0.039106
2 0.008129 0.518577 0.014824 0.094364
8 0.272811 0.448866 0.013389 0.024654
8 0.510235 0.295844 0.009086 0.026354
8 0.381839 0.346426 0.009564 0.023804
8 0.523146 0.335800 0.010042 0.024654
8 0.879402 0.425063 0.014824 0.051858
8 0.709164 0.402960 0.015780 0.028054
2 0.921005 0.502424 0.075077 0.070560
2 0.072686 0.512201 0.088466 0.059509
2 0.342866 0.498599 0.024388 0.032305
2 0.397620 0.487122 0.016259 0.022953
2 0.492063 0.474795 0.013868 0.013602
2 0.506170 0.472245 0.008608 0.018703
9 0.047812 0.215835 0.094844 0.039934
9 0.174166 0.164253 0.026831 0.052136