2 0.496545 0.532174 0.017008 0.021344
2 0.480537 0.531285 0.015007 0.023123
2 0.469532 0.540178 0.019009 0.033794
2 0.459027 0.546403 0.020010 0.039130
2 0.434014 0.552629 0.046023 0.051581
2 0.393995 0.564190 0.044022 0.085376
2 0.317457 0.576640 0.119059 0.149407
2 0.525059 0.527727 0.012006 0.019565
2 0.533564 0.528617 0.017008 0.024901
2 0.549572 0.536621 0.021010 0.040909
2 0.579586 0.555297 0.049024 0.074704
2 0.601097 0.577530 0.040020 0.083597
2 0.656815 0.612746 0.115438 0.161144
9 0.791544 0.350064 0.035093 0.027728