9 0.413742 0.337209 0.023389 0.044714
9 0.041711 0.343737 0.013254 0.019405
9 0.341875 0.218301 0.013254 0.026335
9 0.395280 0.214143 0.015593 0.026335
9 0.624964 0.260575 0.024949 0.036037
9 0.647963 0.250873 0.007017 0.027721
9 0.365968 0.285665 0.018092 0.050180
9 0.176413 0.252908 0.042101 0.072074
9 0.181090 0.317359 0.037423 0.040195
8 0.480474 0.024212 0.017152 0.041581
8 0.919025 0.168360 0.007017 0.036037
8 0.961516 0.185686 0.007796 0.023563
8 0.415629 0.239230 0.010135 0.036037
8 0.464357 0.246160 0.007796 0.033265
8 0.705891 0.217053 0.010915 0.033265
2 0.135377 0.383596 0.083231 0.082373
2 0.305700 0.353851 0.063496 0.083898
2 0.270543 0.337576 0.026600 0.019831
2 0.508138 0.294102 0.012013 0.012203
2 0.505683 0.307373 0.020593 0.032034
2 0.477367 0.297458 0.012013 0.015254
2 0.370717 0.340047 0.037249 0.043302
9 0.906084 0.168967 0.008773 0.036393