9 0.707958 0.607500 0.018457 0.046875
9 0.827412 0.609736 0.014786 0.064903
9 0.705190 0.646875 0.011865 0.023437
9 0.701894 0.673828 0.007910 0.021094
9 0.701367 0.694921 0.010547 0.016406
2 0.502163 0.721875 0.011865 0.014062
2 0.489770 0.722578 0.014502 0.011719
2 0.477246 0.723750 0.010547 0.009375
2 0.469336 0.723750 0.010547 0.018750
2 0.460766 0.723750 0.011865 0.014062
2 0.450219 0.726093 0.009229 0.018750
2 0.439673 0.727265 0.011865 0.025781
2 0.427807 0.727265 0.011865 0.025781
2 0.420556 0.728437 0.013184 0.028125
2 0.406714 0.728437 0.025049 0.028125
2 0.385620 0.735312 0.014502 0.041875
2 0.371118 0.738838 0.017139 0.039552
2 0.356822 0.740020 0.020188 0.041916
2 0.322998 0.734585 0.047461 0.068547
2 0.267627 0.742499 0.068555 0.084375
2 0.123267 0.762421 0.130517 0.114844
2 0.532617 0.723750 0.026367 0.023437
2 0.550415 0.729609 0.009229 0.025781
2 0.561621 0.731953 0.013184 0.030469
2 0.575463 0.730781 0.017139 0.037500
2 0.586670 0.740156 0.015820 0.037500
2 0.601171 0.738984 0.023730 0.049219
2 0.626220 0.746868 0.047461 0.056889
2 0.665771 0.762421 0.039551 0.077344
6 0.763330 0.755390 0.010547 0.067969
2 0.715209 0.757031 0.085693 0.107812
2 0.923378 0.835078 0.152930 0.152344
8 0.558984 0.697968 0.010547 0.014062
6 0.035222 0.755159 0.025728 0.142762