2 0.082397 0.729843 0.051416 0.051562
2 0.049438 0.728671 0.069873 0.082031
2 0.028345 0.732187 0.046143 0.084375
2 0.459448 0.739218 0.009229 0.018750
2 0.466040 0.743906 0.014502 0.028125
2 0.454174 0.739218 0.011865 0.023437
2 0.421875 0.741562 0.013184 0.023437
2 0.416601 0.745078 0.013184 0.025781
2 0.404291 0.742780 0.019348 0.025874
2 0.436346 0.748785 0.026306 0.037883
2 0.533935 0.742734 0.010547 0.021094
2 0.552392 0.757968 0.029004 0.046875
2 0.574145 0.752109 0.022412 0.035156
2 0.380294 0.744189 0.012604 0.032063
2 0.588647 0.756796 0.019775 0.039844
2 0.355871 0.747567 0.020921 0.032813
2 0.338159 0.743906 0.030322 0.046875
2 0.292412 0.735703 0.029004 0.039844
2 0.251543 0.747421 0.026367 0.044531
2 0.257475 0.733359 0.043506 0.049219
2 0.369296 0.746395 0.020244 0.036658
2 0.819887 0.755625 0.056689 0.075000
2 0.139087 0.802148 0.249170 0.213281
2 0.611900 0.761696 0.044529 0.055123
2 0.501207 0.778918 0.086814 0.129322
1 0.719384 0.736328 0.158203 0.236719
8 0.434399 0.598828 0.014502 0.063281
8 0.849682 0.626562 0.014502 0.056250
9 0.484365 0.693046 0.010547 0.021094
2 0.305490 0.745994 0.044644 0.051087