8 0.451593 0.105000 0.026367 0.090000
8 0.408351 0.323437 0.009492 0.035625
9 0.505619 0.361296 0.055425 0.023659
9 0.459998 0.360530 0.019975 0.020116
9 0.056085 0.358125 0.034805 0.048750
9 0.057140 0.417187 0.028477 0.054375
9 0.129386 0.465000 0.027422 0.045000
9 0.628995 0.385211 0.023828 0.043328
8 0.655675 0.405000 0.012656 0.026250
8 0.546515 0.432187 0.009492 0.024375
8 0.461612 0.434062 0.004219 0.016875
2 0.520675 0.467812 0.021094 0.035625
2 0.498526 0.462187 0.014766 0.028125
2 0.480597 0.473437 0.029531 0.043125
2 0.431554 0.457500 0.015820 0.022500
2 0.416788 0.460312 0.013711 0.024375
2 0.403605 0.462187 0.010547 0.020625
2 0.391476 0.469687 0.017930 0.024375
2 0.372491 0.473437 0.020039 0.031875
2 0.356671 0.473437 0.013711 0.031875
2 0.325558 0.474375 0.031641 0.041250
2 0.253839 0.498499 0.116016 0.113002
9 0.665167 0.417187 0.065391 0.046875