8 0.278795 0.350064 0.013647 0.048524
8 0.644348 0.233087 0.015597 0.064121
8 0.761325 0.426957 0.021446 0.029011
8 0.454260 0.500835 0.007798 0.020796
8 0.623877 0.234820 0.019496 0.067587
9 0.746215 0.356130 0.028269 0.019063
9 0.754014 0.333601 0.030219 0.022529
9 0.739879 0.266881 0.033143 0.038126
9 0.736467 0.141239 0.038018 0.039859
9 0.093582 0.387324 0.035093 0.022529
9 0.565042 0.470944 0.046097 0.044199
9 0.028269 0.153370 0.054589 0.053723
9 0.028757 0.032060 0.055564 0.064121
2 0.065312 0.626477 0.130624 0.112644
2 0.563312 0.568790 0.235649 0.162164
2 0.294392 0.661136 0.313888 0.431515
2 0.970479 0.504030 0.057629 0.132249