8 0.426670 0.329765 0.006592 0.021094
8 0.419419 0.329765 0.007910 0.021094
9 0.669907 0.260625 0.023730 0.028125
2 0.358116 0.374297 0.011865 0.021094
2 0.343614 0.382500 0.022412 0.032812
2 0.321202 0.389849 0.035596 0.038137
2 0.298789 0.394218 0.022412 0.046875
2 0.279553 0.396116 0.031882 0.057142
2 0.258580 0.408281 0.036914 0.060937
2 0.221665 0.408281 0.060644 0.089062
2 0.195958 0.430547 0.048779 0.086719
2 0.137291 0.431718 0.092285 0.131250
2 0.424034 0.376090 0.014502 0.025781
2 0.436558 0.373125 0.013184 0.023437
2 0.446446 0.375468 0.014502 0.028125
2 0.455674 0.381328 0.017139 0.030469
2 0.462925 0.382500 0.021094 0.037500
2 0.480723 0.387187 0.032959 0.060937
2 0.495225 0.393047 0.038232 0.067969
2 0.536010 0.407297 0.070042 0.102536
2 0.555294 0.435548 0.060812 0.109528
2 0.616514 0.458672 0.122607 0.152344
12 0.379209 0.361406 0.032959 0.060937
2 0.059417 0.461015 0.118834 0.175781