9 0.318762 0.461842 0.023395 0.043325
9 0.536144 0.550225 0.013647 0.029461
9 0.617880 0.564822 0.011995 0.065588
9 0.809578 0.643806 0.016572 0.029461
9 0.820788 0.660270 0.023395 0.020796
9 0.854419 0.667202 0.030219 0.034660
9 0.356292 0.572754 0.012673 0.029461
9 0.355805 0.573620 0.013647 0.031194
9 0.354830 0.604814 0.015597 0.020796
9 0.539556 0.590084 0.010723 0.015597
8 0.223231 0.581419 0.007798 0.015597
8 0.503001 0.535494 0.011698 0.017330
8 0.406495 0.556290 0.009748 0.024262
8 0.357754 0.512099 0.009748 0.022529
8 0.595608 0.603948 0.005849 0.019063
8 0.655558 0.603081 0.010723 0.020796
8 0.628264 0.655071 0.008773 0.013864
8 0.833461 0.712260 0.013647 0.017330
8 0.539556 0.616945 0.010723 0.020796
8 0.577086 0.651605 0.011698 0.013864
9 0.379688 0.641207 0.008773 0.013864
2 0.393335 0.671534 0.014622 0.022529
2 0.368965 0.663736 0.022421 0.031194
2 0.347519 0.664602 0.020471 0.036393
2 0.375788 0.690597 0.026320 0.025995
2 0.554666 0.693197 0.046791 0.076252
2 0.613642 0.710527 0.094556 0.124775
2 0.321687 0.713126 0.101380 0.147304
2 0.775947 0.693197 0.042892 0.024262
2 0.812990 0.707061 0.042892 0.048524
2 0.843209 0.704461 0.040942 0.039859
2 0.718921 0.776380 0.184239 0.187163
2 0.905109 0.794577 0.186188 0.407253
2 0.462059 0.793710 0.230055 0.360462
2 0.172541 0.697529 0.239803 0.331001
6 0.020076 0.708794 0.037833 0.228755
6 0.701862 0.668935 0.011698 0.027728
9 0.682365 0.626477 0.011698 0.012131