2 0.449420 0.644801 0.059149 0.091017
2 0.307345 0.670103 0.155412 0.189691
2 0.169330 0.630928 0.067268 0.074227
2 0.030735 0.622681 0.061469 0.028866
2 0.113080 0.617526 0.054510 0.026804
2 0.236018 0.618557 0.040593 0.082474
2 0.213402 0.631959 0.020876 0.039175
2 0.375193 0.617526 0.022036 0.030928
2 0.394330 0.612371 0.016237 0.028866
2 0.407668 0.604124 0.010438 0.020619
2 0.362001 0.591753 0.023486 0.028866
2 0.200644 0.607217 0.020876 0.018557
9 0.426804 0.578608 0.016237 0.031443
2 0.473776 0.615979 0.012758 0.022680
2 0.055670 0.612371 0.051031 0.039175
2 0.136276 0.610309 0.017397 0.018557
9 0.686178 0.539794 0.063789 0.049485