2 0.332705 0.632285 0.012855 0.019589
2 0.317081 0.634575 0.024792 0.042758
2 0.345087 0.633916 0.018365 0.024486
2 0.382376 0.638226 0.043358 0.100751
2 0.286487 0.641201 0.034559 0.068683
2 0.453897 0.678807 0.145998 0.222007
12 0.144247 0.478327 0.282490 0.806409
6 0.890929 0.755020 0.077131 0.390145
9 0.936841 0.102873 0.123043 0.081620
9 0.922608 0.174699 0.050503 0.127328
9 0.923624 0.526483 0.028270 0.106106
9 0.364537 0.541959 0.041320 0.022854
9 0.495843 0.524819 0.026629 0.027751
8 0.515126 0.483192 0.013773 0.055502
8 0.496980 0.485641 0.011937 0.037545
9 0.459791 0.496415 0.009182 0.024486
6 0.515344 0.627823 0.017446 0.081620
9 0.790383 0.481592 0.011937 0.032648
9 0.830100 0.613849 0.030302 0.042443
9 0.831018 0.563244 0.028465 0.039178
2 0.342275 0.696098 0.002376 0.007392