9 0.797393 0.304140 0.035093 0.050257
9 0.538094 0.466175 0.019496 0.010398
9 0.547842 0.449711 0.017547 0.012131
9 0.534682 0.394256 0.020471 0.029461
9 0.512749 0.471122 0.015597 0.037622
9 0.196424 0.498235 0.022421 0.012131
8 0.196424 0.469641 0.010723 0.038126
8 0.330947 0.519031 0.006824 0.019063
8 0.439604 0.391656 0.011629 0.041592
8 0.553691 0.490437 0.011698 0.024262
8 0.599994 0.459243 0.010723 0.031194
8 0.594129 0.324069 0.016604 0.051990
8 0.430378 0.392523 0.010723 0.036393
8 0.629238 0.459243 0.008773 0.031194
9 0.461572 0.503434 0.008773 0.012131
6 0.682853 0.525963 0.026320 0.046791
2 0.363603 0.551091 0.017547 0.038126
2 0.511774 0.561489 0.060438 0.072786
2 0.559540 0.605681 0.095531 0.116110
2 0.643373 0.632555 0.159868 0.187188
2 0.432815 0.687131 0.218357 0.358729
2 0.261736 0.603081 0.108204 0.183697
2 0.989917 0.803242 0.018521 0.268614
2 0.833461 0.665469 0.331435 0.440180
2 0.034118 0.582285 0.068237 0.055456
2 0.078959 0.650487 0.157919 0.181461