2 0.564414 0.410719 0.013647 0.031194
2 0.575137 0.411586 0.011698 0.025995
2 0.594633 0.413319 0.031194 0.036393
2 0.664819 0.425449 0.046791 0.043325
2 0.511774 0.432381 0.066287 0.095315
2 0.415268 0.428242 0.062388 0.100899
2 0.338258 0.402054 0.025345 0.024262
2 0.313401 0.413319 0.030219 0.039859
2 0.282694 0.420250 0.038992 0.050257
2 0.839797 0.398588 0.086758 0.107445
12 0.724282 0.379525 0.081884 0.155969
2 0.892924 0.411586 0.097481 0.112644
2 0.942639 0.408986 0.083833 0.103980
2 0.970581 0.406387 0.057833 0.081451
2 0.964732 0.454910 0.069530 0.088383