8 0.321199 0.194095 0.014622 0.048524
8 0.442563 0.266881 0.011698 0.041592
8 0.946051 0.313672 0.024370 0.048524
8 0.620953 0.159435 0.021446 0.062388
8 0.756451 0.097914 0.019496 0.088383
8 0.913395 0.320603 0.033143 0.055456
9 0.137935 0.376059 0.012673 0.031194
8 0.128675 0.426316 0.009748 0.013864
8 0.140372 0.426316 0.011698 0.013864
2 0.567826 0.564089 0.856856 0.577086
2 0.067262 0.507767 0.134523 0.183697
2 0.199348 0.460109 0.049715 0.043325
2 0.230055 0.451444 0.023395 0.039859
2 0.250038 0.447112 0.016572 0.031194
2 0.264173 0.439313 0.017547 0.039859