8 0.543943 0.423368 0.009278 0.016495
8 0.518428 0.364605 0.006959 0.022680
8 0.454059 0.348110 0.005799 0.022680
9 0.418845 0.331340 0.006959 0.022680
9 0.338819 0.289072 0.016237 0.024742
9 0.556861 0.405567 0.013918 0.010309
9 0.543523 0.400412 0.012758 0.012371
2 0.450000 0.440795 0.013918 0.030928
2 0.430284 0.461414 0.020876 0.084536
2 0.434343 0.444919 0.028995 0.063918
2 0.484214 0.444919 0.026675 0.043299
2 0.486534 0.457290 0.026675 0.047423
2 0.510889 0.433579 0.015077 0.008247
2 0.545683 0.454197 0.015077 0.016495
2 0.554961 0.478940 0.019716 0.070103
2 0.515528 0.479971 0.063789 0.080412
2 0.330121 0.491134 0.198325 0.334021
2 0.660526 0.551224 0.243557 0.315464
0 0.992608 0.730606 0.012361 0.063918
0 0.983382 0.714111 0.028703 0.076289
0 0.973670 0.670812 0.048711 0.125773
0 0.960714 0.645039 0.076150 0.169072
0 0.922639 0.638853 0.097423 0.148454
0 0.890165 0.624420 0.109021 0.164948
0 0.859567 0.569485 0.041753 0.111340
0 0.846809 0.565361 0.055670 0.144330
0 0.831732 0.560206 0.067268 0.142268
0 0.812595 0.557113 0.061469 0.115464
0 0.800417 0.541282 0.046392 0.083802
0 0.796580 0.526186 0.031758 0.070103
6 0.885082 0.523093 0.030155 0.113402
2 0.178910 0.560503 0.357820 0.391753