2 0.250767 0.577763 0.113591 0.087881
2 0.365115 0.568640 0.054613 0.077216
8 0.324645 0.325970 0.012621 0.056094
9 0.323593 0.285769 0.012621 0.016828
8 0.201138 0.448442 0.015927 0.065443
9 0.203692 0.401697 0.014725 0.024307
9 0.204744 0.541309 0.016828 0.024307
6 0.538680 0.569045 0.022087 0.093490
6 0.713799 0.664405 0.100970 0.359003
6 0.845270 0.669079 0.103073 0.390790
2 0.315179 0.560630 0.031553 0.043006
2 0.330956 0.552216 0.012621 0.029917
2 0.298351 0.546607 0.014725 0.018698
2 0.190545 0.554709 0.015776 0.022438
6 0.119551 0.553845 0.010518 0.037878
2 0.317283 0.530714 0.014725 0.016828
8 0.787422 0.461531 0.012621 0.046745
8 0.770594 0.354952 0.010518 0.069183
9 0.781112 0.359626 0.012621 0.100970
2 0.870783 0.629232 0.231930 0.135166
6 0.981489 0.652504 0.035760 0.274862
9 0.855277 0.177573 0.008414 0.031787
9 0.295738 0.336507 0.008414 0.016828
9 0.893094 0.123407 0.021035 0.074792
8 0.215650 0.451441 0.011789 0.065202