2 0.705981 0.591328 0.133154 0.114844
2 0.629516 0.579168 0.055371 0.077867
2 0.597216 0.573632 0.036914 0.049219
2 0.555029 0.566601 0.023730 0.044531
2 0.536572 0.566601 0.018457 0.035156
2 0.494165 0.551367 0.031201 0.042187
2 0.456152 0.547500 0.013184 0.028125
2 0.445166 0.543750 0.013184 0.023437
2 0.428027 0.540234 0.015820 0.030469
2 0.402099 0.542578 0.015820 0.025781
8 0.276855 0.503515 0.021094 0.053906
8 0.459448 0.455468 0.022412 0.032812
8 0.533276 0.504687 0.014502 0.032812
8 0.561621 0.497656 0.018457 0.023437
2 0.356616 0.541797 0.046143 0.058594
9 0.387158 0.517968 0.010547 0.037500
9 0.593261 0.525781 0.010547 0.018750