8 0.493066 0.113956 0.020039 0.104161
8 0.681328 0.372187 0.010547 0.013125
8 0.512705 0.123381 0.020840 0.078012
9 0.653906 0.359062 0.012656 0.031875
9 0.664453 0.332580 0.033750 0.021090
2 0.375469 0.488437 0.044297 0.054375
2 0.339082 0.454687 0.011602 0.016875
2 0.152402 0.480937 0.064336 0.069375
12 0.263144 0.459375 0.015820 0.037500
2 0.297422 0.472754 0.071719 0.090508
2 0.225176 0.471562 0.085430 0.114375
2 0.322734 0.505312 0.086484 0.084375
2 0.065391 0.480298 0.128672 0.134403
2 0.422402 0.475312 0.026367 0.022500
2 0.450351 0.470625 0.021094 0.016875