2 0.013963 0.446901 0.027458 0.050339
2 0.004524 0.486562 0.006864 0.068644
6 0.046998 0.523935 0.083231 0.475932
6 0.104916 0.536901 0.060064 0.355424
6 0.145674 0.485800 0.033464 0.286780
6 0.190292 0.498766 0.052341 0.318813
9 0.313423 0.411054 0.012013 0.024407
9 0.539519 0.403427 0.023167 0.036610
9 0.539948 0.436223 0.012013 0.028983
9 0.328867 0.435461 0.008581 0.015254
2 0.567132 0.487676 0.121295 0.115231
2 0.701261 0.515545 0.341504 0.254746
2 0.796076 0.628427 0.404142 0.596441
9 0.119698 0.086186 0.038612 0.151017
9 0.099105 0.231102 0.047193 0.111356