8 0.894874 0.104846 0.042892 0.074519
8 0.830049 0.114377 0.049715 0.069320
2 0.096993 0.389057 0.112103 0.112644
2 0.238980 0.366830 0.042588 0.047396
2 0.476944 0.351606 0.089156 0.163284
12 0.330947 0.311072 0.094556 0.161168
2 0.415555 0.350931 0.046216 0.074519
2 0.610757 0.325666 0.052394 0.076525
2 0.266123 0.360462 0.015597 0.041592
2 0.284156 0.352664 0.014622 0.032927
6 0.044841 0.366528 0.015597 0.074519
8 0.861243 0.028594 0.069211 0.057189
8 0.767661 0.135173 0.030219 0.069320
9 0.580498 0.207093 0.018521 0.036393
9 0.579523 0.238286 0.016572 0.025995
2 0.582688 0.327877 0.053642 0.060988
2 0.554932 0.328432 0.034306 0.053226