2 0.711768 0.633722 0.019092 0.034681
2 0.689698 0.638464 0.025979 0.044408
2 0.674245 0.639474 0.015987 0.049737
2 0.660756 0.634145 0.022981 0.067500
2 0.644235 0.636899 0.033903 0.073009
2 0.605801 0.638985 0.070942 0.093345
2 0.555843 0.651020 0.084930 0.101250
2 0.772664 0.631480 0.038968 0.062171
2 0.410462 0.665230 0.243799 0.246908
2 0.149177 0.789572 0.296756 0.417434
2 0.870084 0.761160 0.257788 0.388996
2 0.725203 0.636809 0.009992 0.026645
2 0.750682 0.638586 0.018984 0.023092
2 0.736694 0.639474 0.010991 0.021316