9 0.600949 0.459578 0.009494 0.018565
9 0.605696 0.448101 0.007595 0.015190
8 0.494620 0.488607 0.011392 0.018565
8 0.533544 0.479325 0.007595 0.016878
2 0.533069 0.513924 0.033228 0.065823
2 0.481804 0.522363 0.016139 0.032067
2 0.493671 0.529958 0.024684 0.054008
2 0.419145 0.535021 0.025633 0.040506
2 0.246835 0.551055 0.089240 0.102954
2 0.153323 0.589029 0.109177 0.111392
2 0.049842 0.593249 0.099684 0.129958
2 0.511234 0.540084 0.056013 0.077637
2 0.453323 0.527426 0.052215 0.092827
2 0.356487 0.571164 0.135759 0.184254
2 0.556329 0.516455 0.018987 0.040506
2 0.577215 0.527426 0.018987 0.032067
2 0.594778 0.523207 0.023734 0.064135
2 0.615190 0.524050 0.013291 0.065823
2 0.646519 0.528270 0.047468 0.084388
2 0.723892 0.542616 0.107278 0.126582
2 0.827373 0.568776 0.160443 0.185654
2 0.925633 0.596624 0.146202 0.268354
7 0.592405 0.511392 0.013291 0.040506
3 0.593829 0.545147 0.014241 0.033755