8 0.606565 0.331344 0.008581 0.022881
8 0.600559 0.329818 0.006864 0.028983
8 0.496306 0.350412 0.007722 0.018305
9 0.854792 0.272575 0.018641 0.061809
9 0.799546 0.301969 0.031709 0.047376
6 0.589649 0.402821 0.012013 0.047288
6 0.597801 0.408160 0.011155 0.039661
6 0.389295 0.418838 0.019735 0.085424
6 0.375137 0.405872 0.008581 0.056441
0 0.219339 0.491513 0.082373 0.147966
2 0.554592 0.425484 0.018877 0.032034
2 0.569608 0.416332 0.021451 0.044237
2 0.545582 0.446840 0.024883 0.102203
2 0.826594 0.466671 0.163030 0.175424
2 0.467500 0.484213 0.167320 0.262373
6 0.608220 0.407942 0.011155 0.045763
9 0.373876 0.222177 0.018702 0.035936
9 0.367044 0.261134 0.016920 0.025141
9 0.430849 0.302688 0.016303 0.033559