6 0.702183 0.520645 0.025950 0.111691
6 0.732231 0.518217 0.028681 0.126259
6 0.019975 0.519431 0.038242 0.191817
2 0.239183 0.496365 0.146139 0.101979
2 0.120360 0.496365 0.099702 0.082554
2 0.418783 0.509719 0.049168 0.070414
2 0.478195 0.503649 0.047802 0.067986
9 0.030474 0.314260 0.060948 0.077698
9 0.116945 0.204998 0.079215 0.048561
9 0.713793 0.233267 0.024584 0.045439
9 0.849688 0.292408 0.039608 0.024281
9 0.833299 0.356751 0.009560 0.075270
9 0.812812 0.310618 0.015024 0.016996
8 0.801886 0.406006 0.020487 0.026709
8 0.239183 0.209333 0.017755 0.065558
8 0.633894 0.215404 0.012292 0.072842
8 0.605896 0.221474 0.010926 0.060701
8 0.219379 0.210547 0.013658 0.067986
8 0.620236 0.222688 0.012292 0.072842
8 0.405808 0.396294 0.009560 0.026709
6 0.845604 0.497368 0.026978 0.092368