8 0.438350 0.566019 0.009597 0.017062
9 0.603537 0.564732 0.007909 0.016195
2 0.373089 0.584360 0.011996 0.017062
2 0.364692 0.586493 0.007198 0.017062
2 0.358094 0.580094 0.010797 0.029858
2 0.346097 0.579028 0.020394 0.036256
2 0.331102 0.580094 0.023993 0.034123
2 0.329902 0.587559 0.011996 0.027725
2 0.317306 0.587559 0.017995 0.031990
2 0.302310 0.596090 0.023993 0.027725
2 0.277136 0.601047 0.033628 0.034586
2 0.393483 0.587559 0.011996 0.014929
2 0.401881 0.588625 0.011996 0.012796
2 0.411478 0.586493 0.011996 0.025592
2 0.420475 0.586493 0.017995 0.029858
2 0.433671 0.584360 0.015595 0.029858
2 0.459464 0.590758 0.016795 0.017062
2 0.473859 0.596090 0.014396 0.019194
2 0.480457 0.597156 0.015595 0.025592
2 0.488255 0.599289 0.014396 0.025592
2 0.501451 0.604620 0.028791 0.040521
2 0.533841 0.608886 0.040788 0.057583
2 0.563833 0.621682 0.043187 0.053317
2 0.575829 0.631279 0.035989 0.055450
2 0.617817 0.632346 0.071979 0.087441
2 0.701192 0.667535 0.101970 0.098104
1 0.967213 0.661137 0.064781 0.147156
2 0.145452 0.611720 0.080522 0.086056