2 0.338080 0.470103 0.012758 0.026804
2 0.292268 0.482474 0.023196 0.035052
2 0.168170 0.504124 0.018557 0.016495
2 0.143814 0.497938 0.034794 0.028866
2 0.118879 0.510309 0.075387 0.032990
2 0.074807 0.517526 0.063789 0.039175
2 0.030155 0.523711 0.060309 0.026804
1 0.248776 0.481443 0.035954 0.057732
1 0.202964 0.484536 0.053351 0.068041
2 0.405928 0.477320 0.013918 0.049485
2 0.474936 0.459794 0.024356 0.043299
2 0.441302 0.495876 0.077706 0.115464
2 0.612951 0.547423 0.302706 0.457732
9 0.118208 0.251566 0.138473 0.120085
9 0.232585 0.239572 0.075081 0.112608
9 0.287049 0.390722 0.015077 0.024742
9 0.269652 0.396907 0.028995 0.061856