8 0.495225 0.476250 0.006592 0.023437
8 0.504453 0.486797 0.009229 0.025781
8 0.455015 0.480937 0.010547 0.023437
2 0.286265 0.565312 0.050098 0.093750
2 0.235508 0.579375 0.067236 0.098437
2 0.371958 0.531328 0.026367 0.049219
2 0.508408 0.528984 0.011865 0.016406
2 0.509068 0.539531 0.013184 0.018750
2 0.517637 0.543046 0.025049 0.025781
2 0.536753 0.527812 0.023730 0.046875
2 0.553892 0.527812 0.026367 0.089062
2 0.432603 0.527812 0.015820 0.023437
2 0.425352 0.541875 0.022412 0.032812
2 0.480064 0.489140 0.015820 0.025781
2 0.596738 0.542035 0.090967 0.131570
2 0.340318 0.546562 0.063281 0.075000
2 0.155748 0.600468 0.147656 0.140625
2 0.921714 0.711796 0.155566 0.358594
9 0.292198 0.441093 0.011865 0.023437
9 0.292857 0.466875 0.010547 0.018750