2 0.548578 0.497686 0.015593 0.026335
2 0.533375 0.499765 0.019491 0.036037
2 0.517002 0.501844 0.024169 0.040195
2 0.496732 0.506002 0.030406 0.048511
2 0.477630 0.510853 0.035864 0.055441
2 0.443326 0.512239 0.062372 0.085934
2 0.410191 0.526793 0.061592 0.098409
2 0.339243 0.537386 0.130201 0.160780
2 0.150346 0.581937 0.264300 0.327105
2 0.019623 0.723511 0.037688 0.224538
2 0.607386 0.503626 0.014034 0.037423
2 0.617521 0.500161 0.020271 0.041581
2 0.658452 0.491152 0.069388 0.101181
2 0.737586 0.551444 0.146573 0.224538
2 0.870572 0.559761 0.257283 0.559959
2 0.577951 0.497587 0.036643 0.049897
9 0.450479 0.428285 0.021830 0.036037
9 0.613425 0.450462 0.012474 0.022177