2 0.526684 0.473437 0.011865 0.023437
2 0.517456 0.474609 0.014502 0.025781
2 0.504931 0.478125 0.013184 0.028125
2 0.491089 0.480468 0.019775 0.032812
2 0.562939 0.469922 0.013184 0.021094
2 0.462744 0.491015 0.023730 0.039844
2 0.440332 0.492187 0.029004 0.056250
2 0.259923 0.496252 0.128803 0.142631
2 0.581923 0.472500 0.013184 0.018750
2 0.603017 0.473672 0.026367 0.044531
2 0.605654 0.488906 0.015820 0.028125
2 0.611586 0.491250 0.027686 0.032812
2 0.628885 0.499313 0.029392 0.053626
2 0.648138 0.504989 0.037508 0.060292
2 0.687368 0.514414 0.068507 0.099099
2 0.807495 0.553125 0.197754 0.182812
2 0.546641 0.469922 0.019775 0.025781
9 0.711914 0.377343 0.042187 0.051562
8 0.563598 0.428320 0.011865 0.021094
8 0.499658 0.450586 0.007910 0.018750
2 0.141892 0.527027 0.216892 0.156757
2 0.345608 0.500901 0.068919 0.097297
2 0.392230 0.472973 0.072973 0.124324
2 0.978547 0.671171 0.041554 0.311712