9 0.233816 0.409894 0.019501 0.024471
9 0.191947 0.439464 0.009177 0.018353
8 0.161549 0.440143 0.010324 0.018353
8 0.111650 0.424849 0.011471 0.016314
8 0.126562 0.445242 0.011471 0.016314
8 0.201123 0.430967 0.009177 0.028550
2 0.165564 0.487387 0.020648 0.032628
2 0.180476 0.482288 0.013765 0.022432
2 0.199403 0.488406 0.028677 0.030589
2 0.021030 0.487387 0.039001 0.036707
2 0.065500 0.482453 0.043324 0.047707
2 0.122548 0.511858 0.095209 0.114199
8 0.065193 0.410574 0.005735 0.020393
8 0.086414 0.403437 0.006883 0.026511