9 0.747877 0.425572 0.038132 0.070532
9 0.608049 0.451531 0.023246 0.045918
9 0.558629 0.464541 0.012915 0.029082
2 0.515064 0.526531 0.043909 0.067347
2 0.533099 0.508876 0.014437 0.025915
2 0.470444 0.513693 0.023513 0.034251
9 0.531280 0.437974 0.028412 0.027551
9 0.557252 0.437755 0.028412 0.030612
2 0.958926 0.523955 0.081700 0.055152
8 0.377742 0.485355 0.011392 0.027004
8 0.432331 0.454975 0.010443 0.023629
8 0.472204 0.449912 0.010443 0.020253
8 0.485970 0.463414 0.009494 0.023629
8 0.504958 0.466790 0.013291 0.023629
8 0.527742 0.481136 0.011392 0.021941