2 0.477487 0.471134 0.015077 0.018557
2 0.509961 0.467010 0.012758 0.014433
2 0.489897 0.469072 0.013454 0.018557
2 0.530142 0.463918 0.010438 0.016495
2 0.522023 0.462887 0.010438 0.014433
2 0.503467 0.468041 0.012758 0.016495
2 0.461714 0.500000 0.035954 0.055670
9 0.164111 0.232990 0.033634 0.041237
9 0.197745 0.236083 0.026675 0.039175
9 0.197165 0.273196 0.023196 0.035052
9 0.162951 0.269072 0.026675 0.030928
9 0.197745 0.354639 0.024356 0.028866
9 0.196005 0.315464 0.027835 0.041237
9 0.164111 0.314433 0.028995 0.043299
9 0.196005 0.401031 0.025515 0.047423
9 0.162951 0.393814 0.028995 0.057732
9 0.162951 0.353608 0.024356 0.030928
9 0.699820 0.436907 0.025515 0.047423
9 0.582449 0.457526 0.011598 0.018557
9 0.581869 0.478144 0.012758 0.018557