9 0.248158 0.438906 0.015796 0.008320
9 0.341764 0.422785 0.013456 0.023921
9 0.508791 0.476868 0.009361 0.038482
9 0.143145 0.406144 0.022231 0.034322
9 0.251376 0.456067 0.005850 0.011441
9 0.251668 0.474788 0.006435 0.019761
9 0.251668 0.492989 0.004095 0.016641
9 0.049247 0.461787 0.008776 0.035362
6 0.587186 0.534592 0.011701 0.058243
6 0.873365 0.542912 0.046218 0.208012
6 0.844406 0.557473 0.043293 0.193451
6 0.780637 0.550193 0.051483 0.205932
2 0.434043 0.546107 0.023401 0.053043
2 0.406547 0.551307 0.052653 0.071764
2 0.180264 0.561708 0.038027 0.034322
2 0.148379 0.559627 0.046803 0.038482
2 0.125563 0.552867 0.029252 0.031202
2 0.264509 0.571588 0.019306 0.012481
2 0.335298 0.559627 0.121102 0.157049
2 0.511895 0.591349 0.119932 0.176810
2 0.093872 0.675140 0.187744 0.437107