2 0.393361 0.789246 0.025242 0.044501
2 0.500115 0.821032 0.032605 0.063199
2 0.110961 0.756898 0.051537 0.077036
2 0.041827 0.747689 0.083655 0.165010
2 0.154084 0.757833 0.066261 0.072922
2 0.217085 0.758768 0.035760 0.037396
2 0.352624 0.804765 0.051050 0.088255
2 0.452996 0.807196 0.068786 0.099848
2 0.414396 0.795603 0.031553 0.069183
2 0.306274 0.764751 0.018932 0.029917
2 0.253476 0.754467 0.021035 0.031787
8 0.296072 0.703515 0.011569 0.022438
8 0.410452 0.720343 0.008414 0.018698
8 0.735711 0.684817 0.012621 0.033657
2 0.833335 0.817867 0.331979 0.364266
9 0.368854 0.736704 0.019984 0.011219
9 0.470981 0.752223 0.006311 0.016828
9 0.483076 0.758768 0.013673 0.007479
9 0.438902 0.754093 0.007362 0.016828
9 0.409453 0.738200 0.007362 0.014958
8 0.427333 0.754093 0.007362 0.020568
9 0.952795 0.599834 0.017880 0.056094
9 0.523254 0.745679 0.007362 0.037396
8 0.692906 0.231234 0.037299 0.136020
8 0.655607 0.255888 0.039212 0.110516
2 0.278278 0.771429 0.023246 0.021429
6 0.579730 0.819820 0.014189 0.068468