2 0.110760 0.674227 0.107861 0.144330
2 0.244253 0.635052 0.173969 0.276289
2 0.332977 0.626804 0.040593 0.090722
2 0.540696 0.642268 0.060309 0.080412
2 0.549974 0.665979 0.055670 0.090722
2 0.622345 0.705155 0.163299 0.181443
2 0.044072 0.655670 0.088144 0.268041
2 0.415615 0.776872 0.277852 0.404194
9 0.761869 0.393814 0.059149 0.127835
9 0.605992 0.504124 0.017397 0.022680
8 0.143814 0.544845 0.006959 0.028866
8 0.150773 0.545876 0.009278 0.026804
8 0.455799 0.532474 0.006959 0.024742
8 0.448144 0.532990 0.006959 0.022680
8 0.322771 0.579382 0.008119 0.024742
9 0.093943 0.544330 0.041753 0.020619
9 0.028351 0.362974 0.035300 0.051166