9 0.832065 0.393047 0.026367 0.067969
12 0.106309 0.485625 0.056689 0.028125
7 0.205186 0.536015 0.014502 0.039844
3 0.205845 0.552421 0.015820 0.044531
2 0.118834 0.537187 0.023730 0.042187
2 0.190684 0.553593 0.017139 0.028125
2 0.229576 0.544218 0.015820 0.051562
2 0.248692 0.546562 0.038232 0.070312
12 0.269786 0.478593 0.051416 0.028125
12 0.331089 0.497343 0.060644 0.046875
2 0.376573 0.539531 0.022412 0.051562
2 0.392393 0.552421 0.051416 0.053906
2 0.454405 0.559453 0.052734 0.072656
2 0.571690 0.545390 0.032959 0.049219
2 0.632334 0.544218 0.054053 0.079687
2 0.685068 0.543046 0.096240 0.086719
2 0.757578 0.559453 0.106787 0.091406
2 0.157122 0.561261 0.060756 0.077477
2 0.507749 0.557109 0.097559 0.110156
2 0.311059 0.596148 0.133963 0.202298
2 0.081170 0.725859 0.162339 0.499218