8 0.212530 0.301415 0.008597 0.035660
8 0.146622 0.345991 0.011462 0.022925
9 0.197202 0.302741 0.012614 0.031395
9 0.661404 0.186129 0.022706 0.022425
9 0.663927 0.211918 0.027751 0.024668
9 0.698616 0.272467 0.064332 0.042608
9 0.700508 0.304983 0.060548 0.031395
9 0.881522 0.282558 0.029013 0.022425
9 0.885306 0.307226 0.029013 0.022425
9 0.883414 0.355440 0.020183 0.015698
9 0.881522 0.389078 0.021444 0.051578
8 0.131608 0.378986 0.012614 0.022425
8 0.510034 0.336379 0.007569 0.026910
8 0.518233 0.390199 0.008830 0.026910
8 0.665819 0.339742 0.013876 0.029153
9 0.170081 0.382350 0.013876 0.020183
9 0.169451 0.411503 0.022706 0.029153
9 0.151160 0.385714 0.018921 0.035880
8 0.901074 0.350581 0.022706 0.031395
8 0.198463 0.389825 0.012614 0.024668
8 0.077367 0.254153 0.010091 0.026910
9 0.074214 0.270972 0.021444 0.015698
9 0.078628 0.312458 0.022706 0.017940
9 0.550399 0.423837 0.027751 0.022425
9 0.618516 0.427201 0.022706 0.020183
6 0.641222 0.450747 0.017660 0.040365
12 0.047845 0.378196 0.094850 0.173337
2 0.988743 0.491113 0.021444 0.040365
1 0.287393 0.398048 0.046673 0.047093
2 0.110795 0.425332 0.046673 0.022425
2 0.276041 0.438413 0.061810 0.038123
2 0.535893 0.441777 0.041627 0.040365
2 0.517602 0.445141 0.058025 0.051578
2 0.714384 0.451868 0.058025 0.051578
1 0.396506 0.404775 0.199304 0.374501
2 0.824127 0.545588 0.302741 0.276762