2 0.316765 0.408530 0.024403 0.044660
2 0.269394 0.404064 0.007177 0.020416
2 0.261140 0.404702 0.010766 0.021692
2 0.250374 0.406616 0.012202 0.025520
2 0.241043 0.409806 0.022250 0.026796
2 0.130949 0.434356 0.110533 0.140784
2 0.584923 0.465830 0.161493 0.200331
2 0.289730 0.426122 0.053113 0.077530
2 0.380724 0.433293 0.048807 0.079112
2 0.493570 0.442132 0.073210 0.131427
2 0.452300 0.441494 0.056702 0.109735
2 0.431126 0.430010 0.028710 0.094423
2 0.406723 0.430648 0.027274 0.080388
2 0.358634 0.415974 0.012919 0.045936
2 0.210419 0.417250 0.029428 0.038280
2 0.187451 0.421716 0.020815 0.042108
2 0.082032 0.425556 0.044720 0.049789
2 0.039476 0.445322 0.073210 0.094423
2 0.003547 0.471499 0.007095 0.080426
9 0.110582 0.207987 0.022869 0.098251
9 0.553790 0.311661 0.015171 0.058058
9 0.812437 0.153028 0.066750 0.042108
9 0.814232 0.052042 0.041629 0.082940
9 0.463100 0.343516 0.015073 0.024244
9 0.430904 0.350533 0.007895 0.028072
9 0.452795 0.348619 0.004306 0.019140
9 0.360770 0.340326 0.006460 0.038280
9 0.375843 0.332032 0.009331 0.047212
8 0.253723 0.324740 0.005024 0.022968
8 0.248340 0.324102 0.005742 0.017864
9 0.282553 0.358554 0.004306 0.015312
8 0.842275 0.229041 0.032299 0.066352
8 0.787861 0.235208 0.022968 0.063800
2 0.332436 0.406191 0.005024 0.017864
7 0.342684 0.429465 0.020097 0.091871
0 0.345555 0.451157 0.020097 0.056144
9 0.091820 0.339323 0.009331 0.034452
9 0.346600 0.359064 0.009331 0.015312
9 0.331886 0.372462 0.011484 0.016588
9 0.396483 0.360978 0.008613 0.014036
9 0.400789 0.368634 0.010048 0.021692
6 0.723142 0.428829 0.025338 0.126126