2 0.064142 0.446939 0.092124 0.070408
2 0.129576 0.442347 0.054241 0.058163
2 0.224627 0.431633 0.035300 0.048980
2 0.189327 0.441582 0.057685 0.059694
2 0.252178 0.436990 0.009471 0.029082
2 0.346540 0.414796 0.038744 0.039796
2 0.471639 0.410970 0.012054 0.013776
2 0.478097 0.417092 0.011193 0.013776
2 0.489289 0.417092 0.012915 0.019898
2 0.501773 0.431633 0.029273 0.045918
2 0.518132 0.417857 0.015497 0.018367
2 0.580466 0.415561 0.024107 0.010714
2 0.566690 0.430102 0.015497 0.027551
2 0.574439 0.432398 0.017219 0.032143
2 0.585201 0.433929 0.016358 0.035204
2 0.594241 0.437755 0.015497 0.036735
2 0.603712 0.441582 0.015497 0.038265
2 0.619640 0.439286 0.033578 0.052041
2 0.637290 0.444643 0.034439 0.059694
2 0.653648 0.451531 0.043048 0.055102
2 0.650118 0.418623 0.021524 0.010714
2 0.676808 0.417092 0.026690 0.013776
2 0.722440 0.417857 0.052519 0.018367
2 0.700706 0.456676 0.061548 0.077638
2 0.537669 0.452993 0.047635 0.063383
2 0.892610 0.429528 0.028412 0.034821
2 0.928771 0.432781 0.040466 0.038265
2 0.016358 0.418878 0.032717 0.061225
9 0.081362 0.359694 0.019802 0.042857
9 0.756792 0.351276 0.018941 0.056633
6 0.099872 0.413010 0.015497 0.041327
6 0.040466 0.413776 0.012054 0.030612
6 0.053380 0.403061 0.013776 0.027551
12 0.291869 0.407398 0.070600 0.099490
9 0.583164 0.378316 0.006888 0.019898
9 0.613728 0.396174 0.011193 0.022959
8 0.569445 0.404235 0.008610 0.012551
8 0.512880 0.368419 0.006027 0.013776
8 0.472845 0.384490 0.006888 0.012245
6 0.627872 0.447748 0.011149 0.059459