9 0.442395 0.439796 0.021524 0.012245
9 0.659309 0.437553 0.016458 0.035309
9 0.934152 0.428317 0.015497 0.035204
9 0.302487 0.450510 0.006888 0.015306
9 0.351132 0.464286 0.006027 0.012245
9 0.570679 0.439031 0.019802 0.010714
9 0.748183 0.475766 0.008610 0.019898
2 0.021094 0.491582 0.042188 0.053571
2 0.067759 0.486696 0.066067 0.052118
2 0.123389 0.497137 0.048247 0.040420
2 0.099917 0.458639 0.059783 0.052111
2 0.162901 0.488287 0.037663 0.038819
2 0.207633 0.483556 0.041621 0.044662
2 0.308541 0.484555 0.012108 0.020686
2 0.492081 0.495294 0.022746 0.034923
2 0.566805 0.498980 0.008610 0.018367
2 0.580581 0.503572 0.015497 0.033673
2 0.633817 0.500510 0.021524 0.021429
2 0.731253 0.500863 0.026972 0.020723
2 0.830637 0.506221 0.046094 0.031437
2 0.880342 0.508163 0.066295 0.042857
1 0.701403 0.497194 0.030995 0.044388
2 0.951802 0.515817 0.093846 0.094898
2 0.246856 0.501738 0.076429 0.065912
2 0.421732 0.497194 0.021524 0.032143
2 0.454879 0.501786 0.037883 0.050510
2 0.528845 0.527341 0.074198 0.119988
2 0.598125 0.509342 0.035662 0.056439