2 0.121679 0.526646 0.242286 0.306705
2 0.262974 0.453487 0.115231 0.137723
2 0.253232 0.375908 0.040328 0.021356
2 0.295670 0.422045 0.060134 0.102981
2 0.320160 0.410993 0.064354 0.109830
2 0.343757 0.372094 0.015445 0.038136
2 0.351479 0.372857 0.008581 0.027458
2 0.413688 0.359891 0.050625 0.044237
2 0.435542 0.395797 0.056684 0.085541
2 0.616188 0.333959 0.030032 0.038136
2 0.565992 0.347688 0.049767 0.032034
2 0.363492 0.357603 0.013729 0.018305
2 0.378508 0.356840 0.012871 0.016780
8 0.150695 0.356513 0.006864 0.018305
8 0.233497 0.313801 0.009439 0.024407
8 0.495632 0.251259 0.013729 0.024407
8 0.355340 0.198196 0.011155 0.038136
8 0.415549 0.190916 0.011445 0.041881
8 0.375933 0.268366 0.007722 0.025932
8 0.426129 0.309225 0.006864 0.018305
8 0.100499 0.075617 0.026600 0.082373
9 0.590017 0.259976 0.037754 0.064068
2 0.547544 0.556344 0.314905 0.414915
2 0.806001 0.327312 0.054915 0.042712
2 0.849332 0.318160 0.026600 0.042712
2 0.426768 0.426059 0.032101 0.085994