8 0.465215 0.428136 0.007722 0.018305
8 0.572901 0.425085 0.010297 0.018305
8 0.511979 0.476949 0.012013 0.012203
8 0.493960 0.483051 0.006864 0.015254
8 0.197933 0.358729 0.022309 0.035085
8 0.175623 0.354915 0.018877 0.030508
8 0.406439 0.472373 0.008581 0.015254
2 0.454061 0.539237 0.057489 0.086949
2 0.414448 0.526638 0.026315 0.046497
2 0.386704 0.527034 0.044619 0.059492
2 0.370676 0.540230 0.031440 0.067579
2 0.360306 0.549280 0.034727 0.085678
2 0.322350 0.555254 0.068644 0.125085
2 0.221100 0.573559 0.183623 0.244068
2 0.096102 0.604525 0.192203 0.291967
2 0.500182 0.540969 0.031320 0.040774
2 0.535961 0.525277 0.047997 0.068181
2 0.633216 0.541580 0.048554 0.094467
2 0.583626 0.552966 0.081515 0.096102
2 0.762244 0.617796 0.274576 0.262373
6 0.908113 0.565169 0.024025 0.105254
6 0.940289 0.571271 0.033464 0.114407
6 0.860753 0.528779 0.019128 0.057809