9 0.534116 0.384843 0.023730 0.046875
9 0.704185 0.267656 0.042187 0.051562
9 0.720664 0.187969 0.032959 0.028125
9 0.691660 0.173906 0.009229 0.037500
9 0.610581 0.332109 0.018457 0.025781
6 0.494566 0.521953 0.044824 0.189844
9 0.259239 0.376640 0.025049 0.039844
9 0.227598 0.366093 0.025049 0.037500
2 0.335704 0.450468 0.019775 0.046875
2 0.325157 0.451640 0.019775 0.039844
2 0.299449 0.441093 0.044824 0.065625
2 0.287111 0.447337 0.020149 0.059362
2 0.274266 0.448097 0.028736 0.074945
2 0.245188 0.445434 0.053150 0.085069
2 0.083897 0.459843 0.119971 0.140625
2 0.438535 0.462187 0.014502 0.023437
2 0.448423 0.457500 0.018457 0.051562
2 0.459629 0.458672 0.025049 0.063281
2 0.477427 0.468047 0.034277 0.067969
2 0.511704 0.491484 0.047461 0.114844
2 0.560748 0.503084 0.103361 0.147893
2 0.365485 0.456425 0.039788 0.044336
2 0.155088 0.510234 0.196435 0.213281