2 0.507334 0.650630 0.024611 0.043073
2 0.488334 0.647796 0.021041 0.051008
2 0.472075 0.646946 0.021041 0.056108
2 0.457251 0.644396 0.020084 0.064610
2 0.430950 0.639295 0.045907 0.088413
2 0.597034 0.655048 0.043121 0.056907
2 0.635331 0.648646 0.050689 0.090113
2 0.694149 0.652047 0.076511 0.134320
2 0.781564 0.663439 0.156083 0.193829
2 0.893362 0.724768 0.213275 0.306272
2 0.150777 0.658810 0.272281 0.240793
2 0.544984 0.630510 0.060253 0.107116
2 0.380292 0.637322 0.097299 0.110821
2 0.022385 0.730979 0.044770 0.241837