8 0.540531 0.445379 0.006824 0.020796
8 0.470832 0.455777 0.005849 0.020796
8 0.571725 0.462709 0.006824 0.017330
9 0.055829 0.379986 0.029773 0.042514
9 0.810786 0.302232 0.037551 0.042974
2 0.485153 0.495887 0.014994 0.023760
2 0.448453 0.502864 0.022393 0.029334
12 0.524447 0.484371 0.011698 0.022529
2 0.530659 0.498674 0.020625 0.027238
2 0.561892 0.500245 0.028875 0.036667
2 0.408675 0.514912 0.044197 0.059715
2 0.339721 0.512966 0.032169 0.024262
2 0.309014 0.513832 0.027295 0.025995
2 0.295367 0.512966 0.029244 0.031194
2 0.276358 0.510366 0.030219 0.022529
2 0.272946 0.526829 0.019496 0.038126
2 0.237853 0.523364 0.046791 0.045058
12 0.173516 0.530295 0.103330 0.058922
6 0.627776 0.487837 0.009748 0.046791
6 0.621440 0.484371 0.008773 0.053723
2 0.701554 0.507578 0.081912 0.095335
2 0.758163 0.480892 0.027770 0.050230
2 0.773914 0.480340 0.023229 0.049239
2 0.820788 0.476573 0.038992 0.065854
2 0.849058 0.474840 0.068237 0.069320
2 0.900722 0.476573 0.113078 0.079718
2 0.928818 0.480750 0.074433 0.067276
2 0.971730 0.481112 0.056541 0.074933