6 0.635621 0.594105 0.060922 0.298983
2 0.868173 0.617805 0.263653 0.587905
2 0.012026 0.564542 0.024053 0.053007
2 0.028863 0.541899 0.057727 0.035578
2 0.118411 0.630000 0.236822 0.241017
2 0.250149 0.555412 0.115453 0.154888
2 0.301195 0.526430 0.013363 0.022806
2 0.326758 0.545766 0.055240 0.067755
2 0.359117 0.531388 0.029006 0.040323
2 0.475304 0.534076 0.021125 0.068506
2 0.420981 0.576174 0.101250 0.146441
2 0.513222 0.526434 0.071218 0.133040
2 0.797849 0.473535 0.054057 0.079322
2 0.753660 0.498160 0.068644 0.106780
2 0.704322 0.504606 0.090095 0.112191
2 0.377362 0.522154 0.013897 0.035159