8 0.660127 0.205932 0.029252 0.095686
8 0.523814 0.516911 0.016381 0.043683
8 0.553650 0.612597 0.017551 0.031202
8 0.097908 0.479469 0.014041 0.052003
8 0.114874 0.482589 0.017551 0.058243
8 0.096153 0.637558 0.010531 0.027042
8 0.635555 0.216333 0.022231 0.091525
8 0.697569 0.205932 0.043293 0.120647
9 0.769528 0.161210 0.051483 0.122727
9 0.908182 0.158089 0.038612 0.174730
9 0.531419 0.424345 0.040952 0.045763
9 0.597528 0.595956 0.023401 0.022881
9 0.399786 0.649692 0.016381 0.018028
2 0.954478 0.716725 0.091044 0.099971
2 0.500412 0.673960 0.021061 0.037442
2 0.474544 0.686409 0.058251 0.055001
2 0.304849 0.692306 0.030099 0.038193
9 0.069826 0.712443 0.028082 0.043683
8 0.455364 0.645879 0.012871 0.022881