6 0.018909 0.535530 0.020116 0.073311
6 0.054615 0.536424 0.023133 0.071523
6 0.106916 0.540894 0.015087 0.051854
6 0.545442 0.534636 0.005029 0.028609
6 0.559021 0.532848 0.006035 0.028609
6 0.575616 0.531954 0.007041 0.030397
6 0.588189 0.531060 0.006035 0.028609
6 0.604784 0.533742 0.007041 0.026821
6 0.564050 0.532848 0.006035 0.035762
6 0.572096 0.536424 0.008046 0.032185
12 0.874306 0.527578 0.250381 0.602343
2 0.184876 0.549711 0.066405 0.052263
2 0.354341 0.540000 0.035203 0.025033
2 0.464166 0.538701 0.017858 0.022173
2 0.485568 0.537693 0.017008 0.022173
2 0.511080 0.537245 0.007372 0.016238
9 0.440840 0.318278 0.023133 0.021457
9 0.641999 0.042914 0.021122 0.028609
9 0.262311 0.047384 0.022127 0.030397
8 0.441986 0.385036 0.021402 0.091782
8 0.586456 0.444638 0.004582 0.023845
8 0.529665 0.477775 0.003647 0.015019
8 0.641496 0.112649 0.026151 0.100132
8 0.261305 0.110861 0.026151 0.096556
8 0.660606 0.510497 0.008046 0.016093
8 0.652057 0.507815 0.005029 0.014305
8 0.385521 0.513179 0.007041 0.014305
8 0.417204 0.514073 0.004023 0.016093
8 0.462464 0.404106 0.018104 0.042914
8 0.422233 0.406788 0.014081 0.041126
9 0.438828 0.490828 0.029168 0.051854
9 0.690277 0.497980 0.013075 0.023245