9 0.230156 0.456215 0.006883 0.012236
9 0.158633 0.432763 0.018695 0.018353
9 0.418156 0.482725 0.008603 0.012236
9 0.484401 0.491902 0.005735 0.014275
9 0.452415 0.465593 0.060529 0.081974
9 0.542329 0.440411 0.017206 0.039766
9 0.784324 0.484765 0.015486 0.030589
2 0.272434 0.473622 0.009177 0.008157
2 0.257140 0.464105 0.012618 0.011216
2 0.242186 0.469435 0.012535 0.014830
2 0.256372 0.476335 0.017596 0.025502
2 0.205903 0.461794 0.011471 0.013255
2 0.192138 0.460774 0.017206 0.015295
2 0.167189 0.460264 0.014339 0.018353
2 0.154068 0.463980 0.018786 0.021118
2 0.202773 0.481910 0.020123 0.029016
2 0.178946 0.478108 0.024089 0.023452
2 0.162027 0.502069 0.037280 0.044864
2 0.081111 0.454480 0.026866 0.038079
2 0.096989 0.464575 0.027650 0.030125
2 0.021508 0.464343 0.018927 0.026511
2 0.052766 0.480657 0.048178 0.044864
2 0.021261 0.504415 0.042521 0.100944
2 0.117180 0.469775 0.027725 0.031145
2 0.178494 0.517819 0.052850 0.058826
2 0.247377 0.484883 0.021594 0.025400
2 0.285131 0.477700 0.016059 0.025491
2 0.279775 0.509339 0.030582 0.039826