9 0.719714 0.353150 0.041678 0.014955
9 0.806605 0.289347 0.019311 0.035160
9 0.806510 0.337176 0.012618 0.022432
9 0.815496 0.369804 0.033648 0.034668
9 0.815496 0.401753 0.019883 0.018353
9 0.955441 0.216179 0.039766 0.050982
9 0.957353 0.322561 0.020648 0.039426
8 0.665800 0.350091 0.025618 0.044184
2 0.651684 0.497923 0.017589 0.033308
2 0.617750 0.493172 0.059077 0.108327
2 0.606728 0.519948 0.039428 0.111789
2 0.681714 0.514687 0.035436 0.083627
2 0.708484 0.524608 0.082858 0.180702
2 0.840649 0.650561 0.316936 0.394325
2 0.964848 0.502061 0.070304 0.133706
2 0.547005 0.534678 0.117182 0.190655