9 0.157888 0.162308 0.018427 0.050628
9 0.146650 0.231417 0.026105 0.077166
9 0.120405 0.126198 0.043136 0.030526
9 0.570951 0.366532 0.015661 0.027247
9 0.554316 0.368394 0.009699 0.023524
9 0.401621 0.359062 0.019775 0.032812
9 0.402281 0.318047 0.015820 0.030469
9 0.389756 0.370781 0.011865 0.018750
9 0.441831 0.335625 0.010547 0.023437
9 0.534997 0.370255 0.009672 0.019802
9 0.519615 0.368437 0.010547 0.018750
9 0.452378 0.362578 0.007910 0.021094
6 0.131846 0.407702 0.010204 0.036342
6 0.056212 0.407109 0.022412 0.025781
2 0.465562 0.393047 0.013184 0.030469
2 0.458311 0.402422 0.014502 0.030469
2 0.456333 0.409453 0.013184 0.035156
2 0.451060 0.414140 0.015820 0.053906
2 0.436102 0.413286 0.030729 0.047510
2 0.424880 0.421793 0.018832 0.069212
2 0.402863 0.427749 0.048626 0.081124
2 0.412099 0.435552 0.027641 0.080410
2 0.387720 0.443663 0.060528 0.089515
2 0.354111 0.457538 0.060399 0.105476
2 0.509068 0.391875 0.010547 0.023437
2 0.516978 0.398906 0.015820 0.037500
2 0.528184 0.402422 0.014502 0.049219
2 0.545487 0.407632 0.038111 0.058818
2 0.545982 0.416484 0.021094 0.053906
2 0.578281 0.412968 0.043506 0.051562
2 0.614536 0.409453 0.047461 0.044531
2 0.482700 0.382500 0.010547 0.018750
2 0.493617 0.414302 0.034743 0.051313
2 0.282298 0.480083 0.147680 0.165770
2 0.692319 0.492656 0.350683 0.206250
2 0.755654 0.406788 0.069400 0.044702
2 0.835111 0.415728 0.083481 0.094768
2 0.435971 0.422523 0.019265 0.048395