9 0.030204 0.245971 0.041988 0.021327
2 0.472849 0.443400 0.015549 0.018887
2 0.450286 0.445857 0.013610 0.024416
2 0.437896 0.443007 0.027220 0.040043
2 0.412179 0.444488 0.038610 0.055099
2 0.380433 0.453005 0.044519 0.050861
2 0.327033 0.451048 0.062546 0.080369
2 0.267860 0.461841 0.096916 0.092905
2 0.048435 0.479745 0.096870 0.173234
2 0.531055 0.441113 0.011996 0.044787
2 0.543051 0.445379 0.011996 0.014929
2 0.551925 0.450147 0.012950 0.022454
2 0.561790 0.451329 0.013960 0.033327
2 0.577241 0.456042 0.027592 0.040521
2 0.507973 0.444398 0.047408 0.085479
2 0.603870 0.468702 0.018347 0.069490
2 0.639368 0.463909 0.074985 0.107439
2 0.723212 0.450098 0.079604 0.054225
2 0.888549 0.289692 0.021594 0.031991
2 0.917940 0.306753 0.039588 0.019194