8 0.345794 0.244830 0.006864 0.019831
8 0.477076 0.241017 0.005148 0.015254
8 0.394703 0.286780 0.005148 0.012203
8 0.390127 0.306610 0.008581 0.006102
9 0.230816 0.226780 0.015445 0.024407
9 0.229100 0.258814 0.008581 0.009153
9 0.232217 0.281176 0.019965 0.026419
9 0.213226 0.281695 0.014587 0.027458
9 0.292452 0.249661 0.011155 0.012203
9 0.286017 0.291610 0.015445 0.010678
9 0.567458 0.247373 0.018877 0.010678
9 0.606928 0.209237 0.022309 0.013729
9 0.611647 0.188644 0.026600 0.021356
9 0.512113 0.231864 0.011155 0.006102
8 0.508967 0.281441 0.006006 0.013729
6 0.361668 0.290847 0.030032 0.048814
2 0.315389 0.317347 0.079910 0.071068
2 0.269336 0.377148 0.082558 0.113144
2 0.459029 0.343525 0.113206 0.153152
2 0.507537 0.320339 0.011155 0.048814
2 0.526843 0.331780 0.042903 0.071695
2 0.587765 0.285872 0.078941 0.041476
2 0.553014 0.350847 0.057489 0.094576
2 0.593771 0.367627 0.073792 0.125085
2 0.605348 0.394926 0.048896 0.174216
2 0.137202 0.441152 0.273718 0.445424
2 0.392301 0.496068 0.272517 0.369152
1 0.809571 0.450763 0.378400 0.898474