9 0.328085 0.634345 0.053245 0.038833
9 0.301729 0.697472 0.123471 0.098824
9 0.138972 0.753061 0.115453 0.076969
9 0.228840 0.777374 0.026583 0.024871
9 0.429670 0.883430 0.018025 0.026030
9 0.400294 0.887914 0.019194 0.021327
9 0.470473 0.881516 0.010797 0.021327
9 0.452478 0.900710 0.010797 0.017062
2 0.411090 0.930568 0.007198 0.025592
2 0.394295 0.939099 0.031191 0.051185
2 0.373620 0.947384 0.026725 0.055114
12 0.331914 0.944431 0.088774 0.108768
2 0.259935 0.964691 0.052784 0.068246
2 0.157966 0.942692 0.187144 0.112246
2 0.426002 0.939307 0.011759 0.042761
2 0.455611 0.952961 0.062649 0.091706
2 0.114652 0.948809 0.040088 0.038960