9 0.607945 0.323906 0.015820 0.028125
9 0.981699 0.169219 0.035596 0.121875
9 0.973130 0.054141 0.052734 0.108281
2 0.395766 0.474268 0.010889 0.029781
2 0.385801 0.473906 0.014502 0.037500
2 0.376409 0.470820 0.019449 0.050078
2 0.366560 0.475025 0.018207 0.049114
2 0.353886 0.476129 0.025128 0.058818
2 0.338346 0.483158 0.025038 0.056496
2 0.322686 0.481713 0.024709 0.078921
2 0.409610 0.470173 0.022569 0.034993
2 0.437171 0.467163 0.022503 0.038034
2 0.497202 0.436406 0.013184 0.018750
2 0.476109 0.469218 0.044824 0.075000
2 0.499839 0.482109 0.029004 0.077344
2 0.515659 0.490312 0.036914 0.098437
2 0.536187 0.505064 0.051601 0.139246
2 0.594515 0.507779 0.118160 0.246317
2 0.172227 0.545390 0.328271 0.461718
2 0.017888 0.557109 0.035777 0.246094
2 0.792049 0.581995 0.415902 0.508699
2 0.893213 0.775078 0.213574 0.447656
6 0.965879 0.391875 0.048779 0.089062