2 0.054219 0.506510 0.108439 0.185131
2 0.168112 0.486749 0.149769 0.141448
2 0.726236 0.457627 0.095946 0.049923
2 0.887705 0.458668 0.091265 0.047843
2 0.636733 0.443354 0.026927 0.042176
2 0.853188 0.426426 0.071374 0.037442
2 0.864889 0.435786 0.071374 0.031202
2 0.939774 0.422265 0.059674 0.024961
2 0.593433 0.435786 0.022231 0.018721
2 0.486371 0.439946 0.014041 0.018721
12 0.449061 0.425340 0.023138 0.043591
2 0.499827 0.434746 0.010531 0.020801
8 0.262303 0.264176 0.008190 0.029122
8 0.347718 0.387943 0.008190 0.018721
8 0.626195 0.391063 0.010531 0.020801
8 0.678848 0.361942 0.005850 0.033282
8 0.495147 0.238174 0.017551 0.056163
8 0.453024 0.310979 0.005850 0.031202
9 0.521386 0.233916 0.032586 0.021721
9 0.434613 0.303527 0.021611 0.016299
9 0.364982 0.354249 0.016976 0.022590
9 0.348303 0.357781 0.004680 0.016641
8 0.271663 0.364022 0.017551 0.016641
2 0.249551 0.451444 0.025345 0.032927
2 0.662382 0.441913 0.022421 0.027728
9 0.339721 0.428049 0.008773 0.006932