9 0.613543 0.353087 0.029038 0.056315
9 0.613103 0.392977 0.014079 0.026593
9 0.569202 0.404906 0.013889 0.030894
9 0.541829 0.394542 0.017598 0.010950
9 0.531710 0.413313 0.044876 0.029722
9 0.551949 0.425828 0.009679 0.023465
2 0.535061 0.478761 0.022308 0.040507
2 0.512908 0.453650 0.007919 0.012514
2 0.569438 0.499346 0.052344 0.068167
2 0.510268 0.475550 0.007919 0.034415
2 0.478380 0.476896 0.060293 0.128341
2 0.437323 0.470466 0.008799 0.012514
2 0.423244 0.473595 0.019358 0.018772
2 0.405205 0.474377 0.016719 0.014079
2 0.381007 0.474465 0.028158 0.013903
2 0.345810 0.472747 0.042236 0.032982
2 0.311493 0.474377 0.051036 0.035979
2 0.119239 0.535255 0.238460 0.467729