8 0.228916 0.069609 0.011865 0.053906
8 0.593443 0.189140 0.010547 0.049219
8 0.901279 0.268828 0.038232 0.039844
8 0.689683 0.322734 0.018457 0.030469
8 0.253965 0.307500 0.014502 0.023437
8 0.217710 0.074297 0.013184 0.049219
8 0.246055 0.070781 0.017139 0.051562
8 0.604649 0.187969 0.009229 0.042187
8 0.584873 0.185625 0.014502 0.046875
9 0.792515 0.170391 0.065918 0.110156
9 0.704844 0.272344 0.019775 0.028125
9 0.718687 0.241875 0.026367 0.023437
6 0.735166 0.388359 0.025049 0.110156
2 0.830088 0.397734 0.138428 0.091406
2 0.567735 0.395390 0.019775 0.030469
2 0.587510 0.393047 0.022412 0.030469
12 0.616946 0.369046 0.047006 0.090279
2 0.452378 0.466875 0.247851 0.426562
2 0.952036 0.394218 0.094922 0.084375
2 0.963901 0.416484 0.071191 0.100781