6 0.491409 0.414687 0.018757 0.035805
6 0.467122 0.421144 0.010671 0.020168
6 0.456051 0.421256 0.009177 0.020393
2 0.418197 0.425334 0.016059 0.028550
2 0.286855 0.435531 0.056208 0.089728
6 0.509391 0.418197 0.012618 0.022432
6 0.523156 0.415138 0.019501 0.040785
2 0.539811 0.411597 0.025191 0.043790
2 0.574239 0.411241 0.052691 0.085286
2 0.384007 0.425755 0.065993 0.062311
2 0.632048 0.421110 0.098650 0.134592
2 0.223621 0.448789 0.104126 0.117215
12 0.844958 0.461381 0.309465 0.453729
3 0.500706 0.420906 0.012618 0.026918
2 0.500132 0.408875 0.013765 0.026511
2 0.438975 0.420902 0.030970 0.038352