8 0.275049 0.693603 0.014350 0.019134
8 0.315709 0.721240 0.011959 0.014882
8 0.276843 0.732933 0.008371 0.017008
8 0.371914 0.740374 0.009567 0.014882
9 0.230204 0.705295 0.010763 0.017008
9 0.446656 0.627697 0.029897 0.051024
9 0.366533 0.699981 0.013155 0.021260
9 0.364739 0.720177 0.009567 0.014882
9 0.388657 0.708484 0.019134 0.010630
2 0.318698 0.754193 0.017938 0.017008
2 0.304348 0.749941 0.013155 0.014882
2 0.288204 0.762697 0.014350 0.027638
2 0.241565 0.772264 0.014350 0.034016
2 0.225421 0.773327 0.017938 0.036142
2 0.169215 0.768012 0.025113 0.042520
2 0.144700 0.776516 0.043051 0.046772
2 0.097463 0.783957 0.053814 0.057402
2 0.373708 0.776516 0.020330 0.038268
2 0.389852 0.795650 0.043051 0.051024
2 0.349193 0.780768 0.026309 0.038268
2 0.305544 0.778642 0.027505 0.038268
2 0.270266 0.774390 0.026309 0.034016
2 0.202101 0.775453 0.038268 0.057402
2 0.043051 0.803091 0.086102 0.163701
2 0.462202 0.801776 0.120783 0.168457
9 0.778509 0.537874 0.032288 0.061654
9 0.776715 0.597402 0.031093 0.048898
2 0.620655 0.841890 0.130349 0.138189
2 0.785684 0.825717 0.245153 0.250411
2 0.911415 0.871441 0.172205 0.244488