8 0.452435 0.264889 0.007362 0.022438
8 0.401950 0.253670 0.007362 0.022438
8 0.315004 0.269875 0.009466 0.026177
8 0.334462 0.289508 0.008414 0.020568
2 0.376357 0.343733 0.015776 0.031787
2 0.458921 0.338123 0.012621 0.024307
2 0.449981 0.340928 0.015776 0.029917
2 0.473120 0.336254 0.024191 0.043006
2 0.359704 0.346030 0.025242 0.040905
2 0.414133 0.348945 0.069242 0.128564
2 0.501002 0.356238 0.054160 0.074059
2 0.764603 0.389437 0.185750 0.162472
2 0.114292 0.454716 0.228584 0.150291
9 0.649302 0.186526 0.021183 0.057267
2 0.587801 0.341430 0.019359 0.035906
0 0.650995 0.367716 0.029812 0.054736
0 0.662235 0.364241 0.019060 0.052999