2 0.817376 0.468774 0.361654 0.445379
2 0.561002 0.368075 0.129649 0.157331
2 0.505567 0.350967 0.071420 0.122970
12 0.480093 0.322067 0.071161 0.124236
2 0.439638 0.331868 0.011698 0.050257
2 0.430865 0.328402 0.009748 0.039859
2 0.423067 0.324936 0.007798 0.036393
2 0.415756 0.327535 0.008773 0.024262
2 0.406495 0.324069 0.021446 0.031194
2 0.398374 0.319409 0.024040 0.042668
2 0.356780 0.322336 0.015597 0.013864
2 0.337284 0.325802 0.011698 0.013864
8 0.301216 0.297208 0.005849 0.022529
8 0.329972 0.256483 0.004874 0.020796
8 0.348494 0.249551 0.006824 0.020796