8 0.455674 0.519609 0.009229 0.035156
8 0.479405 0.567656 0.006592 0.028125
8 0.513682 0.548906 0.009229 0.023437
8 0.539390 0.547734 0.007910 0.025781
8 0.520274 0.571171 0.009229 0.021094
8 0.504453 0.573515 0.006592 0.021094
9 0.435133 0.511280 0.019775 0.013556
9 0.669378 0.592615 0.008968 0.017106
2 0.337521 0.631034 0.023410 0.042382
2 0.309996 0.632109 0.034277 0.053906
2 0.439195 0.613359 0.013184 0.016406
2 0.431944 0.611015 0.011865 0.025781
2 0.426253 0.617798 0.011370 0.019839
2 0.499839 0.619218 0.015820 0.028125
2 0.541367 0.627421 0.022412 0.030469
1 0.544663 0.607500 0.029004 0.042187
2 0.801743 0.690703 0.137109 0.133594
2 0.410701 0.623244 0.024155 0.026647
2 0.517637 0.627421 0.027686 0.044531
2 0.624699 0.643930 0.046693 0.058798
2 0.271763 0.630937 0.063281 0.079687
2 0.912485 0.746953 0.174023 0.171094
2 0.418152 0.618187 0.013785 0.025869