2 0.519187 0.632925 0.025604 0.030438
2 0.553216 0.627553 0.017121 0.019695
2 0.585948 0.624868 0.014100 0.021485
2 0.572979 0.640086 0.024418 0.030438
2 0.605587 0.632029 0.015107 0.021485
2 0.798452 0.652082 0.098699 0.086657
8 0.583030 0.544297 0.010279 0.028647
8 0.688675 0.578316 0.008057 0.014324
8 0.707810 0.572049 0.012086 0.023276
8 0.439914 0.560411 0.008057 0.014324
8 0.413729 0.534450 0.008057 0.026857
8 0.434878 0.555040 0.006043 0.021485
8 0.717378 0.592639 0.007050 0.017905
9 0.453007 0.515650 0.014100 0.021485
9 0.454014 0.568468 0.008057 0.030438
2 0.458291 0.635610 0.034740 0.028647
2 0.427828 0.637401 0.038271 0.035809
9 0.832191 0.512069 0.029207 0.021485
9 0.843269 0.470889 0.025178 0.014324
9 0.613218 0.536015 0.013184 0.021094
2 0.667271 0.530156 0.013184 0.018750
2 0.091798 0.617741 0.113693 0.071890