2 0.160114 0.664117 0.318630 0.485396
2 0.823162 0.657884 0.353631 0.559058
2 0.305271 0.588766 0.093528 0.132712
2 0.470984 0.564471 0.059423 0.081072
2 0.575035 0.563529 0.054729 0.067253
2 0.426971 0.559446 0.037183 0.046615
2 0.550245 0.548342 0.029174 0.048814
2 0.533083 0.542240 0.013729 0.045763
2 0.524932 0.541478 0.012871 0.047288
2 0.514635 0.544528 0.011155 0.025932
9 0.621892 0.394274 0.018019 0.024407
9 0.432692 0.517834 0.013729 0.009153
8 0.443417 0.510969 0.004290 0.016780
8 0.502623 0.510969 0.006006 0.013729
9 0.631780 0.422763 0.016986 0.021316
2 0.399971 0.550658 0.012989 0.024868
2 0.387481 0.551546 0.017985 0.030197
2 0.370495 0.556875 0.013988 0.026645
2 0.347514 0.559539 0.021982 0.028421