8 0.443730 0.472028 0.006372 0.026434
8 0.456474 0.484301 0.004248 0.016993
8 0.500019 0.490909 0.004248 0.022657
2 0.478247 0.511678 0.011683 0.011329
2 0.461254 0.510734 0.011683 0.016993
2 0.450102 0.510734 0.008497 0.016993
2 0.437888 0.515454 0.009559 0.022657
2 0.425675 0.518287 0.008496 0.028322
2 0.412399 0.520175 0.026552 0.035874
2 0.387440 0.524895 0.025490 0.045315
2 0.369385 0.537168 0.014869 0.047203
2 0.349737 0.533391 0.030800 0.066084
2 0.318776 0.539638 0.052364 0.075104
2 0.235874 0.552156 0.100921 0.111266
2 0.082961 0.597534 0.164223 0.167936
2 0.496833 0.513566 0.010621 0.022657
2 0.507453 0.522063 0.008497 0.032098
12 0.530702 0.502764 0.040125 0.082024
2 0.540377 0.526783 0.038234 0.056643
2 0.573301 0.535280 0.042483 0.066084
2 0.603039 0.553622 0.065848 0.102769
2 0.664639 0.575104 0.108330 0.140473
2 0.789875 0.614047 0.246224 0.237830