2 0.284327 0.475309 0.009361 0.014561
2 0.293103 0.475309 0.010531 0.014561
2 0.300708 0.479469 0.011701 0.022881
2 0.310654 0.478429 0.010531 0.029122
2 0.318259 0.476349 0.014041 0.033282
2 0.387878 0.479469 0.038612 0.085285
2 0.414790 0.482589 0.050313 0.091525
2 0.464518 0.486749 0.086585 0.137288
2 0.226409 0.478429 0.005850 0.016641
2 0.220558 0.479469 0.005850 0.018721
2 0.215878 0.480509 0.008190 0.020801
2 0.203592 0.484669 0.016381 0.024961
2 0.162901 0.496110 0.030944 0.039522
2 0.128277 0.504166 0.045324 0.051474
2 0.040952 0.525231 0.058504 0.089445
2 0.011701 0.529200 0.023401 0.101543
2 0.334640 0.479469 0.035102 0.043683
2 0.595566 0.453467 0.229334 0.295378
2 0.905445 0.528512 0.187589 0.392211
2 0.265620 0.477069 0.021090 0.030563
8 0.119347 0.346192 0.011701 0.030905
8 0.282572 0.356741 0.008190 0.022881
8 0.221728 0.428506 0.005850 0.016641
8 0.278477 0.426426 0.007020 0.020801
8 0.107646 0.346757 0.011701 0.031202
8 0.266191 0.443899 0.003510 0.016641
8 0.239864 0.443899 0.004680 0.016641
8 0.062014 0.461580 0.011701 0.014561
8 0.381443 0.423097 0.011701 0.020801
9 0.425906 0.352581 0.011701 0.014561
9 0.438776 0.398344 0.009361 0.014561