8 0.340695 0.364795 0.008773 0.029461
8 0.303165 0.394256 0.003899 0.022529
8 0.065800 0.369127 0.008773 0.031194
8 0.085296 0.422850 0.008773 0.024262
8 0.076035 0.430648 0.007798 0.012131
2 0.018521 0.573838 0.037043 0.215327
2 0.083833 0.479172 0.048740 0.057189
2 0.193499 0.497730 0.086758 0.111634
2 0.315350 0.499102 0.051665 0.083184
2 0.661407 0.606547 0.295367 0.329268
2 0.285619 0.486971 0.023395 0.034660
2 0.244677 0.479172 0.021446 0.019063
2 0.360191 0.485238 0.008773 0.020796
9 0.168762 0.386730 0.021594 0.012796
8 0.213749 0.421919 0.008398 0.027725