8 0.735005 0.350064 0.015597 0.083184
9 0.752064 0.400321 0.034118 0.017330
8 0.019496 0.315404 0.019496 0.083184
8 0.040942 0.305873 0.021446 0.105712
8 0.019496 0.418518 0.019496 0.036393
9 0.014135 0.381258 0.024370 0.027728
9 0.007798 0.205360 0.015597 0.088383
8 0.017547 0.047657 0.017547 0.046791
8 0.733055 0.431515 0.019496 0.034660
6 0.026807 0.551091 0.032169 0.138639
6 0.068724 0.545892 0.030219 0.138639
6 0.305115 0.492170 0.009748 0.048524
6 0.255400 0.488704 0.007798 0.034660
6 0.248089 0.487837 0.006824 0.025995
6 0.243215 0.490437 0.008773 0.024262
6 0.223231 0.510366 0.017547 0.067587
6 0.206172 0.514699 0.018521 0.083184
6 0.193987 0.516432 0.013647 0.083184
6 0.185213 0.519031 0.015597 0.077985
6 0.620953 0.500835 0.011698 0.062388
6 0.641424 0.499968 0.015597 0.077985
6 0.657508 0.499102 0.010723 0.051990
6 0.672617 0.508633 0.015597 0.064121
6 0.706736 0.513832 0.015597 0.088383
6 0.694551 0.528562 0.018521 0.107445
6 0.801779 0.521631 0.020471 0.110911
6 0.775460 0.530295 0.014622 0.131707
6 0.765224 0.540693 0.021446 0.131707
6 0.748165 0.531162 0.020471 0.126508
6 0.734030 0.550225 0.040942 0.143838
2 0.483017 0.470507 0.010723 0.022529
12 0.503001 0.460109 0.025345 0.050257
2 0.504950 0.475706 0.013647 0.025995
2 0.519085 0.478306 0.010723 0.027728
2 0.535657 0.487837 0.034118 0.046791
2 0.554178 0.499102 0.036068 0.048524
2 0.464009 0.476573 0.019496 0.031194
2 0.448899 0.473973 0.008773 0.022529
2 0.432815 0.476573 0.023395 0.027728
2 0.410882 0.478306 0.008773 0.027728
2 0.403570 0.479172 0.007798 0.032927
2 0.391385 0.479172 0.020471 0.036393
2 0.376276 0.489570 0.031194 0.043325