8 0.372618 0.186797 0.009229 0.044531
8 0.277696 0.202031 0.009229 0.037500
8 0.271104 0.198515 0.006592 0.039844
8 0.287583 0.199687 0.010547 0.032812
8 0.364048 0.187969 0.010547 0.042187
8 0.381846 0.185625 0.011865 0.042187
8 0.559824 0.271172 0.014502 0.025781
8 0.547300 0.272344 0.013184 0.028125
9 0.556529 0.233672 0.031641 0.016406
9 0.701548 0.137578 0.029004 0.039844
6 0.691302 0.377405 0.026969 0.111686
6 0.205305 0.365661 0.008990 0.051990
2 0.162939 0.380775 0.043386 0.055013
2 0.273741 0.360234 0.040869 0.021094
2 0.648154 0.356718 0.077783 0.046875
2 0.526171 0.381328 0.121361 0.124219
2 0.075887 0.396706 0.151773 0.169037
2 0.344735 0.395390 0.080813 0.133594