9 0.405671 0.449403 0.028200 0.039390
9 0.407686 0.384947 0.052371 0.082361
9 0.769245 0.560411 0.026185 0.032228
9 0.775791 0.538926 0.015107 0.014324
8 0.477681 0.574735 0.005036 0.017905
9 0.335676 0.551459 0.011078 0.021485
2 0.506384 0.623077 0.012086 0.021485
2 0.488256 0.621287 0.016114 0.025066
2 0.521491 0.620306 0.010071 0.027816
2 0.533073 0.625763 0.011078 0.019695
2 0.543648 0.626658 0.018128 0.032228
2 0.553856 0.637182 0.020417 0.049696
2 0.575876 0.646353 0.044314 0.071618
2 0.611629 0.682162 0.067478 0.103846
2 0.638822 0.621287 0.037264 0.035809
2 0.789221 0.678581 0.156780 0.211273
2 0.710328 0.722531 0.180276 0.229485
12 0.963621 0.695410 0.070499 0.230876
9 0.954053 0.592639 0.021150 0.017905
9 0.890604 0.593535 0.021150 0.019695
2 0.462574 0.614125 0.013093 0.014324
12 0.439410 0.610544 0.021150 0.032228
12 0.424303 0.606963 0.013093 0.025066
12 0.409700 0.605173 0.020143 0.042971
2 0.382004 0.609649 0.019135 0.030438
12 0.357833 0.601693 0.035250 0.053916
2 0.289852 0.628118 0.094670 0.106767
2 0.029005 0.635656 0.056399 0.161233
9 0.446462 0.514699 0.007798 0.010398