8 0.476081 0.276412 0.008548 0.032927
8 0.308441 0.345732 0.010552 0.029461
8 0.689677 0.387324 0.018521 0.022529
8 0.816452 0.373042 0.022521 0.035557
9 0.836385 0.335334 0.019496 0.022529
9 0.808116 0.264281 0.019496 0.019063
9 0.812502 0.279878 0.020471 0.015597
9 0.797393 0.312805 0.031194 0.025995
9 0.794956 0.333601 0.018521 0.015597
9 0.680416 0.296342 0.023395 0.034660
9 0.687727 0.332734 0.010723 0.020796
9 0.678466 0.356996 0.023395 0.013864
9 0.351418 0.271213 0.020471 0.032927
9 0.356780 0.305007 0.019496 0.020796
9 0.354830 0.337933 0.025345 0.051990
9 0.353855 0.384724 0.021446 0.041592
6 0.925093 0.447978 0.021446 0.067587
2 0.929967 0.449711 0.031194 0.050257
2 0.967497 0.513531 0.063363 0.118974
2 0.864167 0.492873 0.153045 0.115784
1 0.581057 0.388190 0.152212 0.270347
2 0.431352 0.431515 0.018521 0.031194
2 0.419655 0.438447 0.018521 0.045058
2 0.402596 0.445348 0.038992 0.058984
2 0.362562 0.466175 0.074219 0.100514
2 0.059951 0.405395 0.116002 0.121060
2 0.035398 0.426776 0.066896 0.058002
2 0.492283 0.488704 0.120866 0.169833
2 0.218411 0.486304 0.243810 0.285543