8 0.321391 0.244415 0.021061 0.085285
8 0.687623 0.452427 0.014041 0.064484
8 0.714535 0.511711 0.018721 0.033282
8 0.415582 0.559554 0.008190 0.020801
8 0.348303 0.255855 0.023401 0.087365
8 0.698154 0.508590 0.014041 0.039522
9 0.200289 0.409785 0.036272 0.020801
9 0.223691 0.392104 0.026912 0.022881
9 0.683528 0.403544 0.038612 0.029122
9 0.881855 0.534310 0.049143 0.112890
9 0.794871 0.543872 0.042920 0.039684
9 0.117214 0.489869 0.029252 0.089445
9 0.514453 0.582435 0.009361 0.016641
2 0.389256 0.632358 0.016381 0.037442
2 0.395106 0.638598 0.018721 0.045763
2 0.456535 0.667720 0.122857 0.195532
2 0.327242 0.631433 0.079565 0.155772
1 0.235976 0.602835 0.114667 0.140645
1 0.050124 0.595972 0.100248 0.251728
6 0.142956 0.641718 0.015211 0.056163
6 0.791175 0.655239 0.033932 0.120647
6 0.920680 0.670840 0.056589 0.201772
6 0.883025 0.671880 0.044463 0.187211
6 0.117173 0.638598 0.015293 0.054083
6 0.124235 0.647959 0.010531 0.047843
6 0.155241 0.641718 0.014041 0.043683
6 0.168112 0.637558 0.014041 0.039522
6 0.526739 0.627158 0.010531 0.039522
6 0.546045 0.629238 0.011701 0.052003
6 0.555405 0.634438 0.016381 0.062404
6 0.619174 0.622997 0.022231 0.076965
9 0.486956 0.549153 0.012871 0.024961
9 0.203799 0.461788 0.040952 0.029122