2 0.023395 0.755770 0.046791 0.246457
2 0.872940 0.653686 0.252475 0.300417
2 0.503003 0.569649 0.023391 0.032205
2 0.551470 0.578667 0.026753 0.041896
2 0.431236 0.577953 0.028502 0.039859
2 0.128675 0.652856 0.257349 0.265916
2 0.263686 0.609875 0.102355 0.176634
2 0.326073 0.611247 0.063363 0.109913
2 0.373351 0.596149 0.046791 0.072786
2 0.399184 0.590950 0.024370 0.058922
2 0.452311 0.564955 0.015597 0.027728
2 0.463034 0.563222 0.009748 0.020796
2 0.473757 0.560623 0.007798 0.022529
2 0.536632 0.573620 0.014622 0.024262
2 0.525909 0.565822 0.010723 0.025995
2 0.688214 0.603948 0.031194 0.043325
9 0.394797 0.470896 0.029244 0.018286
8 0.422579 0.467908 0.006824 0.027728
8 0.577086 0.519031 0.007798 0.025995
8 0.585372 0.544159 0.010723 0.017330
9 0.358242 0.491303 0.012673 0.019063