2 0.227867 0.618042 0.167834 0.185328
2 0.071251 0.586587 0.100421 0.081612
2 0.020084 0.578086 0.040168 0.071411
2 0.300307 0.548332 0.043994 0.049307
2 0.345258 0.575536 0.074599 0.093514
2 0.393077 0.550882 0.036343 0.061209
2 0.415552 0.549972 0.018171 0.032185
2 0.428942 0.539830 0.012433 0.018703
2 0.487753 0.545721 0.021055 0.040686
2 0.511192 0.550882 0.031561 0.044207
2 0.454764 0.564484 0.064078 0.091814
2 0.570488 0.537280 0.029648 0.027204
2 0.597267 0.534729 0.039212 0.032305
9 0.755072 0.296694 0.054514 0.032305
9 0.173585 0.432714 0.027735 0.018703
8 0.182193 0.490523 0.014346 0.028904
8 0.199886 0.489673 0.009564 0.030605
8 0.640783 0.453967 0.021041 0.030605
8 0.753637 0.381707 0.038256 0.045907
8 0.236707 0.244836 0.014346 0.064610
8 0.459546 0.322198 0.010520 0.042506
8 0.226187 0.247387 0.006695 0.049307
8 0.259182 0.249937 0.021041 0.078212
8 0.452374 0.313697 0.003826 0.045907
8 0.473798 0.315397 0.008419 0.059509
9 0.540362 0.485422 0.015302 0.032305
8 0.411727 0.487122 0.006695 0.015302
8 0.462416 0.490523 0.006695 0.018703
8 0.427029 0.513476 0.008608 0.017003
8 0.454286 0.511776 0.007651 0.017003
2 0.030511 0.748957 0.061022 0.282337