2 0.377981 0.411720 0.025950 0.022180
2 0.394370 0.415198 0.015024 0.033993
2 0.397102 0.416412 0.017755 0.031565
2 0.405296 0.420054 0.017755 0.033993
2 0.347211 0.412238 0.008116 0.018361
2 0.341104 0.411556 0.012292 0.026709
2 0.336324 0.412770 0.013658 0.024281
2 0.328129 0.413984 0.019121 0.026709
2 0.318569 0.412770 0.027316 0.038849
2 0.303367 0.420760 0.026959 0.040260
2 0.288291 0.427338 0.033640 0.043705
2 0.222342 0.450132 0.061339 0.084436
2 0.171064 0.464901 0.084679 0.099405
2 0.074777 0.480907 0.148870 0.150842
2 0.491699 0.459666 0.077451 0.109875
2 0.686555 0.526426 0.274709 0.251739
0 0.416905 0.446763 0.010926 0.038849
7 0.416223 0.433409 0.017755 0.067986
9 0.164235 0.293795 0.024584 0.016996
9 0.179259 0.312006 0.030047 0.019424
9 0.429197 0.375135 0.016389 0.033993
9 0.532314 0.354497 0.023218 0.016996
9 0.535046 0.373921 0.012292 0.026709
2 0.455147 0.446579 0.049168 0.094326
9 0.257109 0.384847 0.008195 0.029137
9 0.523437 0.377563 0.010926 0.033993