8 0.525897 0.271213 0.004849 0.022529
8 0.164743 0.293742 0.005849 0.029461
8 0.163768 0.227888 0.009748 0.029461
9 0.133549 0.223556 0.029244 0.013864
9 0.062388 0.137773 0.033143 0.050257
9 0.805191 0.257886 0.015597 0.054795
2 0.370427 0.347465 0.027295 0.029461
2 0.086270 0.337067 0.045816 0.067587
2 0.056051 0.339666 0.024370 0.048524
2 0.023395 0.345363 0.046791 0.064858
2 0.528833 0.343132 0.022421 0.013864
2 0.560027 0.363928 0.024370 0.038126
2 0.642398 0.363062 0.042892 0.032927
2 0.655071 0.382991 0.025345 0.045058
2 0.705229 0.398588 0.110242 0.138639
2 0.528833 0.376188 0.055564 0.062645
2 0.462546 0.362031 0.038018 0.059250
2 0.599019 0.405520 0.100405 0.117843
2 0.898285 0.465692 0.199836 0.203527
6 0.821276 0.382125 0.018521 0.064121
6 0.853932 0.369994 0.021446 0.057189