12 0.423592 0.376217 0.025903 0.061008
2 0.403226 0.396553 0.024638 0.046929
2 0.373488 0.410197 0.033796 0.066570
2 0.318196 0.421582 0.083358 0.137659
2 0.232788 0.439329 0.157163 0.195055
2 0.112375 0.520862 0.224311 0.329624
2 0.464307 0.378042 0.015839 0.034415
2 0.471786 0.384299 0.013199 0.037543
2 0.480586 0.392121 0.014959 0.043801
2 0.490705 0.399942 0.012319 0.050058
2 0.502144 0.400724 0.014079 0.057879
2 0.523702 0.399942 0.046636 0.075087
2 0.555819 0.419235 0.052795 0.090730
2 0.619174 0.417671 0.110871 0.168946
2 0.699247 0.452086 0.205902 0.203360
2 0.357528 0.417246 0.029729 0.086231