9 0.046762 0.396118 0.079934 0.053289
9 0.436940 0.428092 0.064947 0.039079
9 0.024780 0.363257 0.031974 0.023092
9 0.169161 0.352599 0.022981 0.015987
9 0.326032 0.350822 0.018984 0.015987
9 0.136687 0.392566 0.095921 0.053289
9 0.294934 0.387237 0.089173 0.056842
9 0.353009 0.384572 0.024979 0.037303
9 0.377989 0.435197 0.036970 0.024868
9 0.463918 0.484934 0.012989 0.017763
9 0.363501 0.482270 0.009992 0.019539
9 0.222117 0.482270 0.008993 0.019539
9 0.945022 0.187401 0.079934 0.204276
2 0.260586 0.518684 0.015987 0.024868
2 0.430945 0.516908 0.010991 0.014211
2 0.414958 0.516908 0.012989 0.017763
2 0.157179 0.551546 0.168844 0.222039
9 0.707218 0.471612 0.013988 0.030197
2 0.387481 0.508026 0.009992 0.017763
2 0.035271 0.540888 0.018984 0.008882