2 0.105894 0.711169 0.211405 0.517937
2 0.862640 0.666203 0.271356 0.578581
2 0.532911 0.644791 0.327099 0.489889
2 0.310836 0.593372 0.150706 0.211288
2 0.700142 0.567365 0.127264 0.244604
8 0.794275 0.443787 0.012621 0.028047
8 0.772714 0.455006 0.013673 0.039266
8 0.435097 0.314770 0.009466 0.054224
8 0.628096 0.336273 0.010518 0.048615
8 0.349904 0.474639 0.019984 0.026177
8 0.619156 0.337208 0.007362 0.046745
8 0.420898 0.317575 0.012621 0.052355
8 0.241046 0.418545 0.025242 0.037396
9 0.266288 0.319445 0.044174 0.029917
9 0.355162 0.412000 0.019984 0.013089
9 0.786913 0.427894 0.018932 0.029917
9 0.800060 0.335338 0.032605 0.016828
9 0.784809 0.296072 0.042071 0.020568
9 0.783231 0.270830 0.009466 0.018698
9 0.155411 0.302580 0.026462 0.074865