9 0.166805 0.324802 0.068644 0.045988
9 0.249607 0.332542 0.096960 0.048814
9 0.332409 0.339407 0.053199 0.047288
9 0.494580 0.401949 0.027458 0.013729
9 0.640106 0.433220 0.012013 0.024407
2 0.440523 0.469068 0.018877 0.044237
9 0.365101 0.381356 0.009439 0.015254
2 0.180534 0.427881 0.024025 0.013729
2 0.278781 0.424068 0.018019 0.012203
2 0.292939 0.428644 0.008581 0.012203
12 0.274490 0.412627 0.042044 0.035085
12 0.564083 0.427119 0.046335 0.048814
12 0.491148 0.432458 0.020593 0.032034
12 0.440609 0.421017 0.019735 0.024407
2 0.304522 0.426356 0.009439 0.013729
2 0.317822 0.424830 0.013729 0.010678
2 0.332838 0.428172 0.011155 0.014310
2 0.347425 0.428644 0.011155 0.012203
2 0.359008 0.426356 0.006864 0.007627
2 0.372308 0.429407 0.007722 0.010678
2 0.392472 0.427119 0.008581 0.012203
2 0.402769 0.426356 0.010297 0.010678
2 0.426365 0.440847 0.023167 0.045763
2 0.453394 0.429407 0.008581 0.010678
2 0.454197 0.440847 0.024135 0.012203
2 0.475703 0.441610 0.006864 0.016780
9 0.515603 0.439322 0.012871 0.009153
2 0.525899 0.437034 0.011155 0.010678
2 0.497584 0.446186 0.014587 0.010678
2 0.510454 0.448474 0.011155 0.009153
2 0.555502 0.454576 0.022309 0.009153
2 0.579956 0.456102 0.024883 0.015254
2 0.572427 0.492712 0.045862 0.070169
2 0.610846 0.474407 0.030032 0.030508
2 0.892802 0.501102 0.023167 0.019831
2 0.726964 0.499576 0.089533 0.114407
2 0.810343 0.513908 0.077225 0.095967
2 0.911250 0.501864 0.010297 0.015254
2 0.934718 0.550678 0.126390 0.186102
2 0.972345 0.734811 0.052852 0.276298
2 0.503106 0.569798 0.177335 0.242037
2 0.655490 0.516308 0.115569 0.134237