2 0.460943 0.506912 0.029779 0.055588
2 0.311670 0.546759 0.096046 0.109178
2 0.397662 0.505589 0.025313 0.015882
8 0.516035 0.465505 0.008934 0.037059
2 0.889767 0.468663 0.047647 0.058502
2 0.416730 0.501701 0.010723 0.015597
8 0.429890 0.417651 0.005849 0.013864
9 0.486917 0.448845 0.012673 0.010398
8 0.497639 0.438447 0.008773 0.010398
2 0.379613 0.503779 0.007362 0.014958
2 0.436408 0.501565 0.013673 0.015648
2 0.785857 0.482615 0.028946 0.030598
2 0.821062 0.484701 0.033640 0.029207
2 0.673592 0.493741 0.035987 0.025035
2 0.618046 0.497218 0.040682 0.023644
12 0.761996 0.474270 0.040682 0.050070