9 0.640683 0.318418 0.025136 0.028550
9 0.612056 0.317399 0.027530 0.026511
9 0.567893 0.314340 0.056208 0.040785
9 0.394600 0.353814 0.025236 0.024471
9 0.369364 0.352795 0.022942 0.026511
9 0.330171 0.369449 0.010324 0.018353
9 0.306656 0.341918 0.048178 0.057100
2 0.527744 0.377047 0.014912 0.018790
2 0.536839 0.384403 0.016059 0.016314
2 0.547736 0.383384 0.019501 0.018353
2 0.363446 0.392851 0.011836 0.020974
2 0.385996 0.394600 0.012618 0.020393
2 0.375761 0.409597 0.022384 0.040334
2 0.595532 0.385083 0.019501 0.026511
2 0.615576 0.393095 0.020587 0.026801
2 0.588076 0.409554 0.027530 0.034668
2 0.723706 0.399635 0.028076 0.035222
2 0.503737 0.368963 0.009177 0.018353
2 0.401107 0.394161 0.014545 0.020590
2 0.559762 0.390125 0.014864 0.023644