9 0.529808 0.271213 0.016572 0.032927
9 0.544430 0.307606 0.016572 0.012131
9 0.596582 0.312805 0.019496 0.032927
9 0.621440 0.295475 0.016572 0.067587
9 0.824687 0.244352 0.029244 0.093582
9 0.818839 0.064121 0.042892 0.062388
8 0.293417 0.246951 0.011698 0.043325
8 0.389923 0.239153 0.009748 0.045058
8 0.241752 0.375193 0.011698 0.019063
6 0.627776 0.485238 0.042892 0.180231
6 0.626801 0.473107 0.027295 0.173299
6 0.278795 0.447978 0.019496 0.046791
2 0.947026 0.589708 0.104304 0.214186
2 0.795528 0.516892 0.230224 0.198483
2 0.542542 0.454085 0.150973 0.232303
2 0.361166 0.453177 0.084808 0.140372
2 0.452798 0.431997 0.026320 0.040628
1 0.129162 0.409853 0.215433 0.098781
6 0.019009 0.428049 0.008773 0.031194