2 0.248965 0.596242 0.069211 0.077045
2 0.511679 0.574271 0.043749 0.058690
2 0.439067 0.552210 0.022258 0.038849
2 0.364152 0.564350 0.024584 0.038849
2 0.293131 0.594701 0.024584 0.050989
2 0.385322 0.553424 0.017755 0.031565
2 0.319764 0.583775 0.028681 0.043705
2 0.333422 0.572849 0.023218 0.046133
2 0.490487 0.570421 0.023218 0.036421
2 0.480926 0.560708 0.020487 0.036421
2 0.394882 0.542498 0.017755 0.019424
2 0.405808 0.537642 0.015024 0.024281
2 0.470000 0.544926 0.012292 0.029137
9 0.622035 0.447836 0.018621 0.019489