8 0.299160 0.180971 0.014041 0.062404
8 0.522058 0.426426 0.012871 0.020801
8 0.588752 0.430586 0.010531 0.016641
8 0.622099 0.472188 0.009361 0.012481
8 0.491637 0.475309 0.005850 0.018721
9 0.694059 0.428506 0.017551 0.033282
9 0.482276 0.454507 0.012871 0.010401
8 0.314956 0.183051 0.012871 0.066564
8 0.284534 0.187211 0.010531 0.066564
9 0.623855 0.459708 0.019891 0.012481
9 0.480521 0.414985 0.011701 0.010401
9 0.477011 0.474268 0.009361 0.016641
9 0.591678 0.481549 0.009361 0.014561
2 0.565351 0.494030 0.008190 0.018721
2 0.571786 0.495070 0.011701 0.016641
2 0.602208 0.497150 0.009361 0.024961
2 0.639066 0.488829 0.010531 0.020801
2 0.630875 0.500270 0.012871 0.018721
2 0.641352 0.505895 0.015318 0.042452
2 0.657202 0.509631 0.028082 0.062404
2 0.533759 0.499230 0.015211 0.024961
2 0.519718 0.498190 0.015211 0.027042
2 0.501582 0.505470 0.023401 0.037442
2 0.478766 0.509293 0.052653 0.058919
2 0.549555 0.501729 0.023401 0.042440
2 0.565007 0.501372 0.007503 0.029245
2 0.616249 0.503809 0.021061 0.038279
2 0.585827 0.503390 0.021061 0.033282
2 0.683528 0.517951 0.054993 0.079045
2 0.420847 0.508590 0.065524 0.093606
6 0.202044 0.534592 0.021061 0.112327
6 0.728576 0.492990 0.016381 0.062404
6 0.749637 0.497150 0.011701 0.054083
6 0.793515 0.497150 0.015211 0.062404
6 0.780644 0.503390 0.010531 0.062404
6 0.715120 0.506510 0.010531 0.043683
6 0.238316 0.525231 0.028082 0.093606
6 0.181028 0.538752 0.025651 0.124807
6 0.103881 0.536672 0.032518 0.141448
6 0.052417 0.511822 0.010953 0.036161
6 0.030511 0.510431 0.014082 0.038943
6 0.014473 0.504868 0.013300 0.027816