8 0.521592 0.382500 0.006592 0.032812
8 0.459629 0.382500 0.006592 0.032812
8 0.528843 0.383672 0.007910 0.025781
8 0.516978 0.382500 0.007910 0.032812
8 0.466880 0.383672 0.007910 0.030469
8 0.455015 0.381328 0.007910 0.030469
8 0.381187 0.466875 0.010547 0.018750
8 0.596079 0.473906 0.013184 0.018750
9 0.383164 0.432890 0.011865 0.011719
12 0.462332 0.495000 0.017270 0.060937
1 0.555210 0.506718 0.034277 0.065625
1 0.240325 0.456691 0.221889 0.307758
12 0.438347 0.498774 0.033336 0.076826
12 0.701548 0.495000 0.179297 0.295312
2 0.524229 0.545897 0.064600 0.093185
1 0.087102 0.440376 0.174205 0.476689
12 0.919077 0.435234 0.160840 0.227344