9 0.273921 0.321470 0.037043 0.015597
9 0.549792 0.374326 0.015597 0.034660
9 0.673592 0.304140 0.021446 0.019063
8 0.328998 0.310472 0.006824 0.033265
8 0.450361 0.338408 0.007798 0.021746
8 0.517136 0.411586 0.008773 0.012131
8 0.234929 0.413319 0.011698 0.015597
2 0.051665 0.541678 0.103330 0.154473
2 0.142322 0.506034 0.101380 0.117843
2 0.206659 0.488704 0.050690 0.090116
2 0.252475 0.481772 0.052640 0.069320
2 0.873915 0.469749 0.250526 0.721141
2 0.678525 0.534094 0.187281 0.214225
2 0.588784 0.502568 0.079934 0.128241
2 0.526793 0.467041 0.057332 0.071053
2 0.366040 0.459243 0.047766 0.062388
2 0.485454 0.458376 0.023395 0.036393
2 0.329972 0.460976 0.028269 0.038126
2 0.432815 0.473107 0.097481 0.152503