8 0.430689 0.327099 0.007605 0.032242
8 0.546233 0.304738 0.005850 0.031202
8 0.504403 0.386383 0.004095 0.015601
8 0.597131 0.411864 0.015211 0.020801
8 0.539993 0.305431 0.007020 0.029122
8 0.655537 0.346687 0.013456 0.041602
6 0.581043 0.475308 0.014626 0.056163
9 0.587868 0.368529 0.018136 0.010401
9 0.595474 0.384649 0.012286 0.009361
2 0.389444 0.452080 0.060844 0.083205
2 0.502258 0.423998 0.009946 0.024961
2 0.504598 0.430239 0.007605 0.027042
2 0.515422 0.429199 0.018721 0.039522
2 0.518347 0.437519 0.019891 0.035362
2 0.520394 0.446360 0.012286 0.030162
2 0.534143 0.453640 0.031592 0.042643
2 0.623068 0.502086 0.080735 0.122392
2 0.696295 0.511364 0.132023 0.176810
2 0.847123 0.548707 0.289760 0.285175
2 0.971262 0.710500 0.055529 0.230458
2 0.470471 0.424865 0.016966 0.026002
2 0.545941 0.468548 0.036857 0.042643
2 0.487042 0.473228 0.044668 0.060324