8 0.471366 0.559494 0.012292 0.019424
8 0.442002 0.565564 0.010926 0.016996
9 0.683062 0.418667 0.039608 0.029137
9 0.707647 0.382246 0.045071 0.024281
9 0.205721 0.532786 0.024584 0.019424
8 0.194795 0.570421 0.016389 0.026709
8 0.709012 0.461158 0.025950 0.036421
8 0.209818 0.569207 0.010926 0.024281
2 0.481609 0.616554 0.019121 0.031565
2 0.470683 0.626266 0.024584 0.055845
2 0.407174 0.627559 0.015024 0.024438
2 0.393360 0.628254 0.015336 0.025829
2 0.382590 0.627480 0.015024 0.024281
2 0.363399 0.632085 0.025810 0.043202
2 0.338885 0.633550 0.023218 0.046133
2 0.304740 0.643262 0.055997 0.070414
2 0.438587 0.627594 0.053266 0.082782
2 0.800520 0.600771 0.088776 0.053417
2 0.872906 0.600771 0.039608 0.053417
6 0.887247 0.571635 0.010926 0.029137
2 0.556045 0.612912 0.034145 0.033993
2 0.533509 0.618982 0.013658 0.021853
6 0.629114 0.608055 0.019121 0.077698
6 0.823738 0.609269 0.023218 0.114119
6 0.849688 0.599557 0.023218 0.133543
9 0.419466 0.515789 0.017755 0.014568
8 0.351177 0.164935 0.020487 0.104407
8 0.381907 0.283910 0.019121 0.070414