2 0.082374 0.490103 0.164748 0.435005
2 0.887930 0.448540 0.222623 0.490960
2 0.184551 0.464800 0.107897 0.203957
2 0.229622 0.450170 0.086044 0.140951
2 0.265816 0.425951 0.046437 0.121403
2 0.289717 0.441733 0.025950 0.084982
2 0.303375 0.438091 0.031413 0.077698
2 0.313618 0.423909 0.043705 0.078469
2 0.689630 0.457516 0.274600 0.296223
2 0.554679 0.450232 0.094239 0.169964
2 0.497221 0.450232 0.042150 0.106835
8 0.418783 0.336113 0.008195 0.038849
8 0.235768 0.337327 0.008195 0.036421
9 0.596335 0.297264 0.035510 0.063130
9 0.456342 0.368892 0.012292 0.012140
8 0.442491 0.394218 0.014502 0.023437