2 0.511906 0.241294 0.026912 0.045763
12 0.494750 0.233430 0.030802 0.042515
2 0.438726 0.234562 0.020960 0.025945
2 0.382028 0.264711 0.120517 0.075954
2 0.539987 0.257935 0.045633 0.066564
12 0.176096 0.232142 0.167320 0.112327
2 0.102966 0.443067 0.205932 0.503390
1 0.865150 0.226734 0.182531 0.228814
2 0.878021 0.377543 0.243375 0.555393
8 0.055578 0.090485 0.024571 0.047843
8 0.090095 0.092566 0.023401 0.056163
8 0.571579 0.017681 0.010531 0.035362
8 0.594396 0.019761 0.011701 0.039522
8 0.583865 0.020801 0.009361 0.041602
8 0.256245 0.120647 0.011701 0.041602
8 0.263851 0.166410 0.015211 0.020801
8 0.742995 0.181617 0.023401 0.034575
9 0.026912 0.006448 0.049143 0.012065
9 0.249225 0.030162 0.009361 0.060324
9 0.252735 0.075925 0.009361 0.014561
9 0.236354 0.084245 0.016381 0.014561
9 0.252150 0.167450 0.015211 0.039522
9 0.246300 0.201772 0.017551 0.024961
9 0.755865 0.142489 0.009361 0.022881
6 0.005850 0.179723 0.011701 0.033282
6 0.098871 0.229334 0.031592 0.095686