2 0.033659 0.920371 0.063623 0.155068
2 0.793547 0.806351 0.409447 0.379459
2 0.065470 0.914898 0.098513 0.162365
2 0.524687 0.868378 0.208315 0.259054
2 0.403084 0.874763 0.092356 0.133176
2 0.358959 0.865642 0.071833 0.125878
2 0.317398 0.871115 0.040021 0.074797
2 0.295060 0.873333 0.025593 0.066712
2 0.120518 0.921046 0.034434 0.090996
2 0.140382 0.905777 0.032838 0.078446
2 0.158853 0.910338 0.012314 0.058378
2 0.216615 0.875760 0.019063 0.029358
2 0.182042 0.888889 0.023063 0.029571
6 0.239921 0.872027 0.022576 0.080270
8 0.269681 0.728642 0.008209 0.041126
8 0.181643 0.797230 0.007781 0.025541
8 0.187597 0.796317 0.008231 0.023716
2 0.252749 0.868378 0.023602 0.032838
9 0.141113 0.842185 0.013075 0.010728
8 0.353888 0.789017 0.012169 0.020510
8 0.317630 0.816258 0.014081 0.012517
9 0.276392 0.818918 0.010058 0.010683
9 0.307902 0.803614 0.009398 0.019924
9 0.402750 0.787763 0.014826 0.044474