9 0.862909 0.182487 0.031594 0.053491
9 0.736861 0.076779 0.025790 0.015283
2 0.392583 0.261085 0.017193 0.020377
2 0.403329 0.261085 0.010029 0.020377
2 0.409060 0.262359 0.012895 0.028019
2 0.421955 0.259812 0.015761 0.028019
2 0.426253 0.264906 0.012895 0.022925
2 0.437716 0.267453 0.018626 0.033113
2 0.448209 0.273344 0.020563 0.060179
2 0.349599 0.253444 0.011462 0.015283
2 0.207037 0.249623 0.018626 0.022925
2 0.186262 0.258538 0.028656 0.030566
2 0.163337 0.261731 0.020059 0.036951
2 0.143278 0.261085 0.025790 0.040755
2 0.227813 0.288779 0.071639 0.075764
2 0.477465 0.276788 0.055142 0.097633
2 0.325958 0.254717 0.015761 0.022925
2 0.362707 0.264806 0.023350 0.032913
2 0.333839 0.259812 0.017193 0.022925
2 0.972144 0.231793 0.020059 0.033113
2 0.963547 0.250896 0.034387 0.050943
2 0.962115 0.258538 0.034387 0.061132
2 0.941600 0.284522 0.061641 0.099058
2 0.902654 0.303390 0.095997 0.088599
12 0.270080 0.245802 0.015761 0.030566