2 0.014135 0.494769 0.028269 0.161168
2 0.099430 0.460976 0.154020 0.162901
2 0.198373 0.456643 0.047766 0.095315
2 0.251988 0.438447 0.055564 0.093582
2 0.309989 0.434114 0.046791 0.053723
2 0.343132 0.429782 0.019496 0.038126
2 0.360679 0.434114 0.017547 0.025995
2 0.377738 0.437580 0.014622 0.019063
2 0.393822 0.435847 0.013647 0.019063
2 0.408932 0.434114 0.012673 0.015597
2 0.419655 0.433248 0.010723 0.013864
2 0.430865 0.438447 0.007798 0.013864
2 0.746703 0.541560 0.272946 0.303274
2 0.614129 0.482638 0.113078 0.157702
2 0.563926 0.464442 0.041917 0.093582
2 0.539556 0.464442 0.022421 0.062388
2 0.537607 0.442779 0.041917 0.081451
2 0.513724 0.434981 0.019496 0.055456
2 0.501051 0.439313 0.015597 0.043325
2 0.490816 0.435847 0.010723 0.032927
2 0.481555 0.435847 0.015597 0.022529
2 0.469857 0.436714 0.007798 0.020796
2 0.460597 0.438447 0.010723 0.013864