2 0.827024 0.464442 0.343907 0.433248
2 0.035580 0.605681 0.071161 0.223556
2 0.354343 0.460109 0.086758 0.126508
9 0.426966 0.359596 0.015597 0.008665
8 0.351418 0.367394 0.004874 0.020796
8 0.409419 0.360462 0.005849 0.020796
2 0.091632 0.546759 0.155969 0.188896
2 0.174003 0.508633 0.114053 0.133440
2 0.219819 0.473107 0.108204 0.121309
2 0.275871 0.458376 0.056539 0.088383
2 0.299753 0.447978 0.020471 0.057189
2 0.640449 0.458376 0.142322 0.223556
2 0.561002 0.447978 0.075060 0.140372
2 0.520547 0.435847 0.056539 0.109178
2 0.490328 0.429782 0.021446 0.076252
2 0.474731 0.432381 0.015597 0.057189
2 0.457185 0.430648 0.019496 0.060655
2 0.399671 0.415918 0.021446 0.034660