9 0.281457 0.482143 0.023372 0.015306
9 0.557764 0.505746 0.017508 0.010958
8 0.296666 0.535715 0.005166 0.021429
8 0.445183 0.474490 0.007749 0.018367
8 0.499854 0.477551 0.005166 0.024490
8 0.591609 0.525000 0.005166 0.018367
8 0.644559 0.514286 0.007749 0.027551
8 0.333257 0.453210 0.007749 0.030909
2 0.099934 0.587537 0.037022 0.027551
2 0.210999 0.577588 0.023246 0.026020
2 0.290639 0.575292 0.029273 0.024490
2 0.271267 0.578353 0.012915 0.027551
2 0.251554 0.581834 0.042009 0.028391
2 0.423782 0.562282 0.012915 0.026020
2 0.412589 0.578134 0.018080 0.027551
2 0.400105 0.569716 0.012054 0.019898
2 0.384450 0.575120 0.017781 0.024583
2 0.510002 0.679046 0.221269 0.332143
2 0.707102 0.596939 0.080931 0.094898