8 0.854753 0.505979 0.009751 0.026003
8 0.846830 0.488643 0.015846 0.030337
8 0.746271 0.409550 0.017065 0.028170
9 0.728473 0.411263 0.018531 0.016078
8 0.619506 0.380297 0.014627 0.030337
8 0.479942 0.446388 0.010970 0.023836
8 0.273338 0.342375 0.014627 0.041172
8 0.369631 0.372712 0.012189 0.041172
8 0.350738 0.261115 0.028035 0.117014
9 0.358661 0.110514 0.034129 0.080177
9 0.206299 0.334791 0.039005 0.026003
9 0.187406 0.406300 0.018283 0.017335
9 0.609754 0.461557 0.012189 0.028170
9 0.635351 0.369462 0.009751 0.026003
9 0.693859 0.472391 0.014627 0.032504
2 0.466381 0.571404 0.151144 0.261177
2 0.197005 0.480904 0.031691 0.036838
2 0.617677 0.515188 0.062164 0.056340
2 0.794113 0.544984 0.053632 0.039005
2 0.760593 0.544984 0.023159 0.039005
2 0.738653 0.536316 0.025597 0.043339
2 0.702696 0.529815 0.026816 0.034671
2 0.680146 0.528732 0.023159 0.028170
8 0.785276 0.414426 0.010970 0.021669
8 0.257188 0.455598 0.012189 0.017335
9 0.254141 0.398174 0.015846 0.023836
9 0.347386 0.361336 0.034129 0.075843
9 0.344803 0.473767 0.031400 0.136018
2 0.240602 0.476053 0.015987 0.021316
2 0.490896 0.487599 0.012989 0.015987