6 0.914370 0.506034 0.019496 0.069320
9 0.750602 0.362195 0.015597 0.024262
9 0.562464 0.471374 0.009748 0.010398
8 0.175592 0.420822 0.006102 0.031783
8 0.294392 0.457510 0.007798 0.017330
8 0.352393 0.376926 0.008773 0.019063
8 0.554666 0.415052 0.005849 0.019063
8 0.614129 0.434114 0.007798 0.019063
8 0.488379 0.462709 0.005849 0.013864
8 0.520547 0.464442 0.007798 0.013864
8 0.663357 0.433248 0.010723 0.055456
2 0.474731 0.623877 0.150120 0.214891
2 0.785695 0.600482 0.272946 0.285944
2 0.607793 0.542426 0.090657 0.159435
2 0.569019 0.540695 0.049277 0.107449
2 0.652634 0.524230 0.030219 0.060655
2 0.298291 0.509500 0.038992 0.041592
2 0.330460 0.502568 0.025345 0.041592
2 0.494715 0.505167 0.039967 0.012131
6 0.251988 0.512966 0.008773 0.048524
2 0.531419 0.540832 0.029252 0.058243