9 0.277064 0.293343 0.016528 0.017956
9 0.255486 0.302322 0.019283 0.013059
9 0.697395 0.193440 0.031220 0.024486
2 0.421773 0.391505 0.009182 0.014692
2 0.414427 0.395586 0.011019 0.019589
2 0.403408 0.405653 0.012855 0.017956
2 0.394226 0.408102 0.014692 0.029383
2 0.382625 0.406768 0.019530 0.032051
2 0.361629 0.406473 0.033974 0.045716
2 0.322604 0.414631 0.055094 0.065296
2 0.451615 0.397491 0.017446 0.021221
2 0.466766 0.402388 0.029383 0.040810
2 0.492936 0.420345 0.059685 0.066929
2 0.485590 0.411366 0.043157 0.048972
2 0.040741 0.416590 0.081481 0.081620
2 0.012735 0.526778 0.025469 0.197521
2 0.917310 0.438301 0.142325 0.099577