9 0.474773 0.316471 0.039346 0.015244
9 0.460347 0.354043 0.078692 0.059899
9 0.435427 0.404534 0.013115 0.011658
9 0.551498 0.426871 0.017050 0.019027
9 0.533136 0.426684 0.014427 0.023316
9 0.516420 0.426684 0.016383 0.023316
2 0.207877 0.490803 0.038034 0.058290
2 0.339206 0.479145 0.036633 0.044301
2 0.541792 0.468653 0.014427 0.018653
2 0.528021 0.466321 0.013115 0.018653
2 0.516873 0.469819 0.017050 0.016321
2 0.506381 0.467487 0.019673 0.020984
2 0.247223 0.481477 0.059019 0.072280
2 0.428476 0.537435 0.169187 0.244819
2 0.107545 0.518782 0.215091 0.347409