9 0.094069 0.236553 0.028269 0.019063
9 0.508362 0.299978 0.014622 0.010056
9 0.555153 0.292876 0.006824 0.017330
8 0.089682 0.288543 0.013647 0.025995
8 0.309014 0.138639 0.009748 0.034660
8 0.398696 0.107445 0.011698 0.045058
8 0.666241 0.044742 0.022340 0.082553
8 0.641424 0.045058 0.023395 0.090116
8 0.817864 0.208826 0.011698 0.050257
8 0.811040 0.257349 0.009748 0.032927
8 0.083833 0.327535 0.011698 0.031194
8 0.405520 0.301541 0.003899 0.020796
8 0.496177 0.293742 0.005849 0.019063
8 0.537119 0.311072 0.007798 0.015597
2 0.052152 0.438447 0.102355 0.280745
2 0.215433 0.478306 0.298291 0.298075
2 0.346544 0.408986 0.086758 0.131707
2 0.401133 0.379525 0.065312 0.114377
2 0.436248 0.373447 0.033370 0.076419
2 0.491303 0.373460 0.054589 0.074519
2 0.528346 0.370860 0.023395 0.055456
1 0.627776 0.327535 0.081884 0.107445
1 0.561489 0.347465 0.050690 0.077985