2 0.552628 0.443011 0.016828 0.031787
2 0.542110 0.447685 0.014725 0.022438
2 0.506876 0.442076 0.015776 0.029917
2 0.498988 0.442076 0.018932 0.037396
2 0.486893 0.445815 0.028398 0.044875
2 0.464806 0.449555 0.030501 0.067313
2 0.432201 0.449555 0.053640 0.104709
2 0.415898 0.462644 0.054692 0.108449
2 0.360681 0.470123 0.095711 0.149585
2 0.229210 0.468253 0.234544 0.269252
2 0.091429 0.482811 0.177749 0.368352
2 0.567578 0.456767 0.019984 0.041136
2 0.581251 0.457702 0.022087 0.043006
2 0.597554 0.467986 0.031553 0.067313
2 0.626477 0.477335 0.068365 0.089751
2 0.715351 0.524614 0.113591 0.190720
2 0.857360 0.573229 0.283936 0.370223
9 0.572086 0.422576 0.009466 0.018698
9 0.282065 0.260546 0.023139 0.043006