8 0.406982 0.308473 0.008773 0.027728
8 0.503976 0.321470 0.005849 0.019063
8 0.495690 0.341399 0.004874 0.020796
8 0.459134 0.334467 0.005849 0.017330
2 0.481599 0.383109 0.027295 0.039859
2 0.452480 0.382192 0.025683 0.039724
2 0.504950 0.384724 0.015597 0.027728
2 0.420563 0.392209 0.054589 0.081451
2 0.338006 0.362929 0.125279 0.233688
2 0.232004 0.400321 0.037043 0.048524
2 0.192037 0.396855 0.052640 0.072786
2 0.150120 0.398588 0.054589 0.083184
2 0.080288 0.401218 0.109886 0.102307
2 0.020958 0.427182 0.039967 0.150770
6 0.686752 0.401188 0.039967 0.161168
8 0.798437 0.263914 0.025206 0.044059
8 0.790075 0.082295 0.018508 0.071008
9 0.773510 0.139526 0.034118 0.026034
9 0.762300 0.185430 0.013647 0.024262
6 0.884638 0.388190 0.028269 0.138639
9 0.958724 0.199294 0.028269 0.107445
6 0.652151 0.392624 0.019204 0.093888