6 0.778441 0.641312 0.045619 0.284473
6 0.733173 0.651294 0.036495 0.224584
7 0.207085 0.580318 0.028166 0.111745
2 0.197686 0.580040 0.092183 0.126162
2 0.307049 0.568530 0.040004 0.047412
2 0.426944 0.542953 0.116503 0.269917
2 0.556430 0.578720 0.059655 0.086091
2 0.325296 0.558757 0.040004 0.053651
2 0.526954 0.568738 0.037197 0.068623
2 0.500986 0.561876 0.031582 0.054898
2 0.486599 0.560628 0.009826 0.044917
7 0.354071 0.553350 0.009124 0.053651
7 0.366353 0.550855 0.009826 0.056146
9 0.519935 0.518207 0.011931 0.027449
9 0.581345 0.488054 0.011229 0.022042
9 0.643595 0.415176 0.022968 0.015083
9 0.584737 0.507186 0.013335 0.016220
2 0.264939 0.562708 0.047022 0.079852
0 0.206354 0.605005 0.026508 0.076232