8 0.121120 0.532895 0.021446 0.072786
8 0.511426 0.480039 0.013439 0.050257
8 0.627045 0.602215 0.012673 0.048524
8 0.153654 0.626600 0.011698 0.020796
8 0.166814 0.624867 0.010723 0.024262
9 0.126847 0.581879 0.041917 0.023589
8 0.113687 0.605185 0.017547 0.025995
9 0.542951 0.502360 0.036068 0.017273
9 0.744248 0.567060 0.013647 0.032927
9 0.763257 0.631180 0.030219 0.022529
8 0.155882 0.582038 0.016154 0.041592
9 0.081618 0.650933 0.019297 0.041944
9 0.620340 0.557873 0.018613 0.032302
9 0.176562 0.643930 0.008773 0.017330
9 0.253642 0.625524 0.008913 0.015177
9 0.439134 0.658661 0.011698 0.019063
6 0.679911 0.705699 0.017547 0.064121
8 0.329119 0.657423 0.007798 0.019063
2 0.366284 0.669801 0.006824 0.019063
2 0.373595 0.672401 0.011698 0.013864
2 0.373595 0.685398 0.009748 0.015597
2 0.359460 0.670668 0.008773 0.013864
2 0.345326 0.675000 0.007798 0.015597
2 0.351175 0.677062 0.009748 0.014521
2 0.360695 0.674620 0.010203 0.013103
2 0.338628 0.674935 0.009497 0.017199
2 0.323022 0.675262 0.011079 0.014969
2 0.499833 0.694063 0.019496 0.031194
2 0.514942 0.696663 0.020471 0.032927
2 0.532001 0.700995 0.033143 0.041592
2 0.600320 0.687931 0.058652 0.043458
2 0.133862 0.690451 0.089821 0.062680
2 0.562220 0.707927 0.052640 0.051990
2 0.433058 0.701862 0.137448 0.084917
12 0.792275 0.712260 0.185213 0.112644
2 0.048984 0.681066 0.097481 0.091849
9 0.525254 0.650733 0.007124 0.013606