2 0.505438 0.561489 0.014622 0.020796
2 0.480093 0.558890 0.010723 0.032927
2 0.469857 0.559756 0.007798 0.045058
2 0.447924 0.564089 0.039967 0.098781
2 0.405033 0.565822 0.069211 0.157702
2 0.309989 0.577953 0.171566 0.213158
2 0.114478 0.589663 0.228956 0.368286
2 0.540531 0.562356 0.010723 0.029461
2 0.558077 0.558890 0.020471 0.046791
2 0.576111 0.558023 0.040942 0.055456
2 0.621604 0.569679 0.045488 0.078767
2 0.671603 0.570957 0.081962 0.150643
2 0.775947 0.577953 0.196911 0.220090
9 0.573187 0.502568 0.011698 0.027728
9 0.553691 0.528562 0.009748 0.020796
9 0.393335 0.444512 0.026320 0.046791
8 0.512749 0.535494 0.005849 0.017330
8 0.502026 0.541560 0.005849 0.019063
2 0.599943 0.569279 0.028153 0.066732