9 0.916319 0.508633 0.035093 0.036393
8 0.891462 0.434114 0.014622 0.074519
8 0.449386 0.596149 0.005849 0.020796
8 0.381637 0.629076 0.004874 0.017330
8 0.594633 0.536361 0.015597 0.067587
2 0.342645 0.674134 0.012673 0.024262
2 0.333872 0.677600 0.010723 0.031194
2 0.322661 0.676733 0.013647 0.029461
2 0.313401 0.677600 0.020471 0.031194
2 0.295854 0.680199 0.020471 0.036393
2 0.143297 0.698396 0.284644 0.429782
2 0.458647 0.772914 0.256374 0.318870
2 0.902344 0.782960 0.194306 0.429078
6 0.806653 0.692330 0.022421 0.129974
6 0.779846 0.683665 0.027295 0.150770
6 0.726719 0.682799 0.034118 0.138639