9 0.330152 0.431606 0.023395 0.012131
9 0.291468 0.442779 0.017547 0.012131
9 0.497639 0.458376 0.012673 0.015597
9 0.590246 0.371727 0.020471 0.036393
9 0.503976 0.441913 0.015597 0.006932
9 0.343620 0.489570 0.014622 0.015597
9 0.370914 0.495636 0.012673 0.010398
9 0.262223 0.479172 0.013647 0.008665
9 0.482042 0.454910 0.008773 0.019063
9 0.484967 0.476573 0.014622 0.024262
8 0.372377 0.432381 0.007798 0.025995
8 0.429890 0.450578 0.007798 0.020796
2 0.425143 0.528351 0.023648 0.038549
2 0.022421 0.575353 0.044841 0.110911
2 0.085783 0.560623 0.081884 0.112644
2 0.160356 0.555424 0.065312 0.077985
2 0.212021 0.555424 0.039967 0.057189
2 0.236878 0.541560 0.044841 0.064121
2 0.269534 0.544159 0.020471 0.041592