8 0.381735 0.475482 0.009361 0.041949
8 0.204762 0.502142 0.011701 0.045763
8 0.004680 0.445240 0.009361 0.044190
8 0.510541 0.540139 0.009361 0.037442
9 0.203592 0.557473 0.025742 0.016641
9 0.700482 0.451387 0.014041 0.024961
9 0.699312 0.480509 0.014041 0.029122
9 0.338540 0.612597 0.009361 0.018721
1 0.043732 0.621527 0.087465 0.309427
2 0.373252 0.628198 0.060844 0.020801
2 0.422449 0.636633 0.020955 0.009982
2 0.440531 0.668760 0.022231 0.052003
2 0.441116 0.639638 0.021061 0.014561
2 0.131048 0.669800 0.051483 0.054083
2 0.215878 0.696842 0.108817 0.120647
2 0.470953 0.662520 0.043293 0.076965
2 0.527117 0.694762 0.087755 0.108166
2 0.884183 0.732204 0.201252 0.262096
2 0.343416 0.813329 0.293688 0.370262
2 0.696387 0.745725 0.270286 0.322419
2 0.152296 0.643184 0.026669 0.041174
8 0.166683 0.611368 0.007720 0.019963
2 0.173000 0.659404 0.013335 0.043669
9 0.259324 0.611992 0.007720 0.013725
8 0.454011 0.597269 0.007720 0.011229