8 0.285606 0.143437 0.019775 0.093750
8 0.524229 0.209062 0.011865 0.056250
8 0.168931 0.401250 0.015820 0.032812
8 0.306040 0.143437 0.015820 0.079687
8 0.538731 0.206719 0.011865 0.046875
8 0.751646 0.325078 0.021094 0.039844
9 0.160684 0.327780 0.027041 0.015689
9 0.779331 0.320390 0.023730 0.044531
9 0.803721 0.180937 0.051416 0.032812
9 0.781968 0.142266 0.029004 0.049219
9 0.601720 0.351757 0.025632 0.019299
9 0.508408 0.443437 0.011865 0.023437
9 0.768784 0.224297 0.050098 0.035156
9 0.371958 0.422343 0.021094 0.014062
8 0.443809 0.438750 0.009229 0.028125
8 0.387779 0.423515 0.010547 0.030469
2 0.289561 0.499687 0.043506 0.065625
2 0.249351 0.502031 0.042187 0.075000
2 0.480064 0.477422 0.018457 0.044531
2 0.516319 0.493828 0.072510 0.058594
2 0.736484 0.531328 0.225439 0.269531
8 0.840635 0.353203 0.027686 0.053906
2 0.184092 0.507890 0.101514 0.096094
2 0.442491 0.502031 0.075146 0.112500
2 0.355479 0.486797 0.075146 0.091406
2 0.879526 0.573515 0.239941 0.499218