2 0.446122 0.260133 0.015137 0.040365
2 0.461259 0.267982 0.027751 0.056063
2 0.507301 0.278073 0.013876 0.049336
2 0.535683 0.289286 0.035320 0.053821
2 0.932426 0.297689 0.012583 0.023982
2 0.919118 0.297689 0.011196 0.023982
2 0.884344 0.281101 0.023032 0.013232
2 0.846505 0.299397 0.024908 0.040855
2 0.830266 0.301395 0.017660 0.035880
2 0.781702 0.264394 0.031535 0.015698
2 0.768457 0.301395 0.030274 0.062791
2 0.750166 0.302516 0.021444 0.060548
2 0.902412 0.297689 0.023194 0.023982
2 0.714216 0.308123 0.063071 0.076246
2 0.951363 0.296013 0.020183 0.026910
2 0.989710 0.293322 0.020183 0.026910
2 0.797974 0.304535 0.063071 0.080731
9 0.564404 0.229582 0.012199 0.025011
9 0.254807 0.244435 0.020183 0.029153
9 0.522379 0.254033 0.018943 0.023413
2 0.409682 0.269420 0.039663 0.065668
2 0.889433 0.297862 0.014825 0.023427
2 0.876667 0.297862 0.014001 0.023427
9 0.450724 0.210846 0.016472 0.030748
9 0.436311 0.218167 0.011531 0.027820
9 0.426839 0.219631 0.005765 0.016106
2 0.357244 0.249647 0.014825 0.017570
6 0.298355 0.258433 0.012354 0.046855
9 0.081744 0.279664 0.037063 0.024892
2 0.125057 0.440622 0.247909 0.314805
2 0.391909 0.261256 0.009060 0.046855
9 0.667468 0.240758 0.005765 0.026356