8 0.632668 0.790011 0.019716 0.031428
9 0.654124 0.748689 0.027835 0.016296
9 0.659923 0.801031 0.009278 0.032990
8 0.979529 0.805744 0.013918 0.030928
12 0.335180 0.889691 0.044072 0.061856
12 0.366495 0.901031 0.020876 0.055670
2 0.276611 0.923711 0.028995 0.043299
2 0.244717 0.933333 0.044072 0.070103
2 0.511469 0.908591 0.048711 0.049485
2 0.687605 0.887000 0.102368 0.104350
9 0.702551 0.774297 0.024881 0.062856
2 0.847230 0.897938 0.025515 0.061856
2 0.764304 0.915407 0.173969 0.147194
2 0.935954 0.893127 0.113660 0.113402
2 0.327062 0.942612 0.069588 0.109278
12 0.110180 0.643643 0.220361 0.707217
2 0.440518 0.913396 0.026190 0.026772