2 0.547197 0.464559 0.031268 0.050294
2 0.437579 0.479805 0.031268 0.050294
2 0.410040 0.488711 0.039859 0.056245
2 0.565848 0.479292 0.026880 0.026818
2 0.524278 0.513582 0.089659 0.127164
2 0.036480 0.512206 0.072960 0.108529
6 0.355120 0.489706 0.025313 0.121765
6 0.236746 0.491030 0.026801 0.113824
6 0.660578 0.499842 0.018918 0.106788
2 0.279927 0.498029 0.131030 0.083943
2 0.366639 0.484913 0.058855 0.088998
9 0.756249 0.300441 0.037224 0.018529
9 0.739126 0.350736 0.035735 0.018529
8 0.084871 0.366618 0.023824 0.034412
8 0.111673 0.366618 0.014890 0.034412
8 0.311195 0.018529 0.017868 0.037059
8 0.329063 0.022500 0.014890 0.039706
8 0.675993 0.152206 0.011912 0.071471
8 0.756695 0.390441 0.017868 0.029118
8 0.649936 0.150882 0.019357 0.084706
9 0.411701 0.390441 0.010423 0.034412
2 0.430535 0.488679 0.016968 0.042232