12 0.410394 0.269480 0.025345 0.043325
2 0.408932 0.296342 0.012673 0.031194
2 0.394797 0.286810 0.015597 0.029461
12 0.374275 0.287768 0.033143 0.072786
12 0.347519 0.319098 0.057514 0.077985
12 0.306128 0.349186 0.066363 0.074543
2 0.449676 0.305041 0.033723 0.051920
2 0.485454 0.280745 0.015597 0.027728
2 0.502879 0.297013 0.027538 0.049867
2 0.530706 0.314401 0.056539 0.079718
9 0.697230 0.213158 0.029729 0.051990
9 0.693088 0.131707 0.048740 0.090116
9 0.088220 0.209692 0.047766 0.093582
9 0.060438 0.107445 0.031194 0.107445