8 0.637309 0.394386 0.013658 0.019424
8 0.602481 0.401670 0.012292 0.019424
8 0.526680 0.395600 0.010926 0.021853
2 0.261035 0.490295 0.096971 0.080126
2 0.364152 0.472084 0.027316 0.063130
2 0.057534 0.481796 0.083313 0.082554
2 0.579946 0.436877 0.010926 0.021853
2 0.590189 0.442947 0.015024 0.019424
2 0.579263 0.449018 0.012292 0.031565
2 0.553996 0.438091 0.019121 0.024281
2 0.538289 0.439305 0.015024 0.021853
2 0.562873 0.464800 0.039608 0.058273
2 0.640057 0.494784 0.087444 0.118241
2 0.752552 0.445767 0.027223 0.086627
2 0.887247 0.490295 0.221257 0.400630
2 0.460440 0.540070 0.198039 0.301079
2 0.068033 0.603373 0.136066 0.344438
7 0.718573 0.450232 0.025950 0.063130
3 0.720621 0.484224 0.021853 0.058273
9 0.601798 0.368892 0.013658 0.016996
9 0.601798 0.381032 0.010926 0.016996
9 0.687160 0.401670 0.015024 0.019424
9 0.318398 0.342183 0.039608 0.055845
9 0.857200 0.246275 0.043705 0.029137
9 0.276742 0.394386 0.016389 0.038849