2 0.473622 0.472659 0.009177 0.013595
2 0.465774 0.473597 0.009941 0.012236
2 0.453538 0.469713 0.017589 0.028550
2 0.443597 0.476511 0.014530 0.020393
2 0.435185 0.477870 0.009941 0.020393
2 0.427920 0.477870 0.013765 0.025831
2 0.417214 0.477190 0.015295 0.029909
2 0.405743 0.479909 0.022942 0.035347
2 0.609585 0.491346 0.032968 0.053260
2 0.584689 0.497965 0.035177 0.075368
2 0.383183 0.481949 0.034413 0.039426
2 0.124906 0.507100 0.088708 0.106042
2 0.049962 0.517976 0.097885 0.138671
2 0.209396 0.537708 0.208006 0.202568
2 0.526376 0.488086 0.094062 0.174018
9 0.290075 0.414795 0.016059 0.029909
6 0.661385 0.480299 0.011471 0.040785
6 0.673471 0.487840 0.015295 0.063897
6 0.701383 0.491239 0.013000 0.054381
6 0.715531 0.487840 0.012236 0.061178