8 0.362629 0.553691 0.009748 0.025995
9 0.430378 0.623011 0.008773 0.022529
2 0.408444 0.648139 0.021446 0.027728
2 0.429403 0.656804 0.020471 0.045058
2 0.444571 0.663930 0.031312 0.061999
2 0.470832 0.666335 0.044841 0.109178
2 0.526884 0.668068 0.106254 0.157702
2 0.619978 0.712260 0.185213 0.214891
2 0.823225 0.713126 0.351906 0.240886
2 0.345569 0.644673 0.014622 0.020796
2 0.311451 0.642073 0.036068 0.050257
2 0.288543 0.642073 0.015597 0.043325
2 0.275383 0.648139 0.022421 0.045058
2 0.241265 0.657443 0.049715 0.054177
2 0.180477 0.657789 0.060714 0.102483
2 0.105279 0.670668 0.132574 0.131707