9 0.723960 0.245390 0.018457 0.011719
9 0.710117 0.258281 0.027686 0.018750
2 0.329771 0.408281 0.018457 0.028125
2 0.317246 0.409453 0.019775 0.030469
2 0.367344 0.402422 0.014502 0.025781
2 0.402940 0.400078 0.011865 0.025781
2 0.459960 0.399616 0.013841 0.022228
2 0.605967 0.398444 0.027686 0.036577
2 0.781968 0.395390 0.097559 0.067969
2 0.218631 0.411797 0.050894 0.063281
2 0.166294 0.408281 0.071191 0.084375
2 0.100377 0.423515 0.084375 0.072656
2 0.635687 0.399515 0.023844 0.031594
2 0.675149 0.396562 0.042250 0.046875
2 0.480219 0.404072 0.026677 0.037327
2 0.417609 0.403507 0.018526 0.023450
2 0.385883 0.404118 0.028798 0.038735
2 0.292507 0.411590 0.032341 0.036390
2 0.030413 0.431718 0.060826 0.089062
2 0.891392 0.439922 0.216211 0.335156
12 0.521441 0.399195 0.037930 0.038077
6 0.572349 0.398906 0.010547 0.037500
6 0.557847 0.397734 0.007910 0.035156