9 0.595810 0.341273 0.018984 0.007817
8 0.632779 0.381908 0.008993 0.017763
8 0.663254 0.402336 0.009992 0.012434
9 0.857843 0.259031 0.020484 0.042010
9 0.772164 0.367697 0.007993 0.014211
9 0.771658 0.390866 0.014886 0.025022
2 0.538856 0.425428 0.022981 0.047961
2 0.609619 0.431984 0.017474 0.052231
2 0.491396 0.458289 0.081933 0.131447
2 0.576673 0.439289 0.061255 0.082788
2 0.642905 0.429437 0.022714 0.038216
2 0.689626 0.442188 0.029188 0.035297
2 0.731418 0.443510 0.042415 0.041338
2 0.757676 0.446743 0.028976 0.037303
2 0.842046 0.456559 0.021860 0.056934
2 0.912049 0.456513 0.087928 0.085263
2 0.972999 0.473516 0.053956 0.087296
2 0.799142 0.458289 0.077936 0.085263
2 0.381486 0.429868 0.023980 0.028421
2 0.708012 0.440727 0.022964 0.039956