8 0.391629 0.311939 0.014622 0.029461
8 0.596826 0.289410 0.015597 0.025995
8 0.584154 0.279012 0.007798 0.036393
9 0.326317 0.254626 0.030219 0.015348
9 0.626070 0.290607 0.040942 0.020134
2 0.575720 0.447568 0.030807 0.050822
2 0.475121 0.428222 0.021446 0.022529
2 0.297706 0.438620 0.025345 0.029461
2 0.252865 0.436887 0.052640 0.036393
2 0.120779 0.430834 0.098456 0.076228
2 0.606720 0.456817 0.035093 0.045058
2 0.766074 0.476299 0.173656 0.194520
2 0.882006 0.469814 0.062388 0.126508
2 0.949755 0.510539 0.098456 0.149037
12 0.512333 0.425189 0.054927 0.121484
2 0.324855 0.428915 0.037043 0.034660
8 0.438420 0.386457 0.010723 0.019063
9 0.435495 0.401188 0.008773 0.010398
8 0.839959 0.275546 0.011698 0.027728
8 0.867741 0.350931 0.016572 0.029461
8 0.449619 0.403475 0.006864 0.010678