9 0.463521 0.507767 0.026320 0.045058
9 0.406007 0.519898 0.012673 0.020796
6 0.196911 0.594416 0.023395 0.100514
6 0.262223 0.563222 0.009748 0.048524
6 0.244189 0.563222 0.008773 0.048524
6 0.235903 0.564955 0.009748 0.045058
6 0.124775 0.554557 0.011698 0.034660
6 0.109178 0.548492 0.009748 0.032927
12 0.185701 0.558023 0.071161 0.121309
6 0.146221 0.554557 0.019496 0.034660
6 0.869529 0.597882 0.019496 0.065854
6 0.871478 0.584885 0.007798 0.032927
12 0.945076 0.556290 0.104304 0.190629
2 0.829561 0.597882 0.072136 0.065854
2 0.523959 0.561489 0.018521 0.017330
2 0.506900 0.559756 0.015597 0.017330
2 0.491791 0.558890 0.018521 0.015597
2 0.482530 0.549358 0.029244 0.017330
2 0.465471 0.542426 0.026320 0.010398
2 0.449874 0.545026 0.014622 0.012131
2 0.432815 0.540693 0.019496 0.013864
2 0.420142 0.545892 0.007798 0.010398
2 0.402108 0.544159 0.024370 0.013864
2 0.380175 0.543293 0.023395 0.012131
2 0.365553 0.543293 0.015597 0.015597
2 0.349956 0.541560 0.017547 0.015597
2 0.326073 0.535494 0.014622 0.010398
2 0.311939 0.538960 0.011698 0.010398
2 0.723795 0.561489 0.024370 0.020796
2 0.701374 0.559756 0.012673 0.020796
2 0.647272 0.557157 0.035093 0.022529
2 0.625339 0.551091 0.014622 0.017330
2 0.796905 0.557157 0.024370 0.022529
2 0.768149 0.551091 0.011698 0.013864
9 0.688794 0.527312 0.014042 0.022881