8 0.454605 0.441499 0.003826 0.013602
8 0.408698 0.442349 0.003826 0.015302
8 0.361197 0.340334 0.011477 0.045907
8 0.518046 0.334383 0.011477 0.040806
8 0.654397 0.419396 0.017028 0.020403
2 0.454764 0.483722 0.008608 0.015302
2 0.464807 0.484572 0.007651 0.017003
2 0.473892 0.486272 0.012433 0.020403
2 0.488238 0.486272 0.012433 0.023804
2 0.415074 0.484572 0.019128 0.017003
2 0.397381 0.483722 0.018171 0.022103
1 0.376022 0.470970 0.029648 0.051008
2 0.348764 0.485989 0.030605 0.032305
2 0.166093 0.522544 0.177889 0.180227
2 0.679285 0.538697 0.143604 0.168325
12 0.248343 0.392475 0.174063 0.321348
2 0.431652 0.484289 0.009564 0.018703
2 0.443607 0.481738 0.010520 0.020403
2 0.511989 0.486839 0.026779 0.030605
2 0.565068 0.503842 0.073642 0.091814
2 0.072845 0.436115 0.140590 0.355353
2 0.863941 0.468136 0.271615 0.646096
8 0.508496 0.332114 0.010520 0.042506