2 0.258786 0.312095 0.007175 0.021260
2 0.218126 0.309969 0.014350 0.029764
2 0.200786 0.297213 0.020330 0.025512
2 0.169096 0.294024 0.047835 0.044646
2 0.123055 0.280205 0.044247 0.034016
2 0.782455 0.383102 0.051422 0.021260
2 0.782455 0.363969 0.027505 0.012756
2 0.702332 0.375662 0.053814 0.014882
2 0.662869 0.357591 0.032288 0.012756
2 0.636560 0.360780 0.060989 0.023386
2 0.574195 0.355465 0.027146 0.012756
2 0.542086 0.350150 0.027505 0.019134
2 0.511592 0.349087 0.016742 0.012756
2 0.319894 0.310819 0.010763 0.012756
2 0.276843 0.318756 0.032288 0.032882
2 0.345605 0.347647 0.045443 0.039427
9 0.511831 0.301890 0.035876 0.038268
9 0.162040 0.169282 0.104040 0.192933
2 0.367131 0.439547 0.083711 0.095669
2 0.496285 0.377894 0.059793 0.048898
9 0.387461 0.326870 0.010763 0.014882
9 0.560178 0.293841 0.016742 0.036142
9 0.529085 0.291715 0.023917 0.036142
9 0.543657 0.472488 0.031588 0.054596