9 0.897694 0.459783 0.041020 0.024901
9 0.903196 0.501581 0.032016 0.062253
9 0.655724 0.396640 0.026013 0.056917
9 0.672732 0.489131 0.024012 0.021344
8 0.473128 0.543676 0.007549 0.017787
2 0.418707 0.613637 0.009004 0.028459
2 0.407201 0.614526 0.018009 0.033794
2 0.429212 0.618083 0.024012 0.037352
2 0.509252 0.608301 0.022011 0.017787
2 0.513254 0.626087 0.026013 0.035573
2 0.560277 0.617194 0.016008 0.021344
2 0.472634 0.632312 0.066833 0.104941
2 0.337667 0.622530 0.021010 0.035573
2 0.370683 0.634091 0.071035 0.090711
2 0.306151 0.641206 0.058029 0.065810
2 0.804698 0.670909 0.311154 0.174308
2 0.979784 0.679803 0.039019 0.099605
2 0.977283 0.738498 0.044022 0.120949
6 0.550522 0.617194 0.013006 0.030237
6 0.552523 0.630534 0.011005 0.046245
6 0.593043 0.626087 0.012006 0.055138
6 0.602047 0.630534 0.018009 0.074704
6 0.643568 0.626087 0.017008 0.058696
0 0.216007 0.655969 0.021010 0.042688
0 0.227012 0.663083 0.023011 0.035573
8 0.418729 0.549407 0.003432 0.013729