9 0.032085 0.183278 0.064170 0.187748
9 0.141113 0.082252 0.105608 0.064371
9 0.293491 0.108179 0.098568 0.066159
9 0.289468 0.216358 0.098568 0.182384
9 0.139604 0.194587 0.104603 0.183012
9 0.414186 0.234238 0.112649 0.185960
9 0.365435 0.511609 0.025204 0.035325
9 0.402655 0.513902 0.034197 0.038614
9 0.439834 0.516755 0.023133 0.039338
2 0.015204 0.617781 0.028799 0.066159
2 0.345792 0.595430 0.034197 0.050066
2 0.410666 0.599901 0.019110 0.026821
2 0.390550 0.593642 0.015087 0.021457
2 0.503702 0.593642 0.016093 0.017881
9 0.262934 0.534952 0.010797 0.027725
9 0.437483 0.560545 0.011996 0.019194