8 0.464594 0.347067 0.010763 0.012756
8 0.616469 0.298169 0.005979 0.021260
8 0.490305 0.287539 0.004783 0.021260
8 0.483728 0.288602 0.005979 0.023386
8 0.610490 0.296043 0.005979 0.021260
8 0.661912 0.342815 0.013155 0.017008
9 0.660118 0.318366 0.016742 0.010630
9 0.651747 0.330059 0.011959 0.012756
2 0.643974 0.381083 0.022721 0.034016
2 0.494491 0.391713 0.015546 0.029764
2 0.418553 0.403406 0.043051 0.074409
2 0.670283 0.405532 0.049031 0.070157
2 0.519305 0.380020 0.035876 0.074409
2 0.467584 0.414036 0.059793 0.087165
2 0.587768 0.451240 0.137525 0.187087
2 0.781798 0.427854 0.151875 0.174331
2 0.110618 0.465945 0.221235 0.240236