8 0.235285 0.422793 0.015610 0.065296
8 0.420767 0.436669 0.008264 0.037545
8 0.492819 0.429323 0.009125 0.032648
8 0.562174 0.416264 0.006428 0.032648
8 0.647569 0.438301 0.008264 0.031016
8 0.429490 0.439117 0.009182 0.032648
8 0.412503 0.439934 0.006428 0.037545
8 0.655833 0.439934 0.008264 0.031016
9 0.399262 0.487222 0.016528 0.032648
8 0.568602 0.417080 0.008264 0.031016
8 0.558589 0.426602 0.009182 0.048972
9 0.576699 0.462090 0.028465 0.031016
9 0.539969 0.466171 0.022956 0.039178
12 0.838590 0.499548 0.190992 0.163241
2 0.409989 0.562364 0.020201 0.021221
2 0.392543 0.563996 0.022037 0.027751
2 0.373260 0.568894 0.020201 0.027751
2 0.349845 0.570526 0.033974 0.031016
2 0.568383 0.582769 0.037647 0.084885
2 0.668470 0.546856 0.017446 0.029383
2 0.918688 0.638271 0.159772 0.264450
2 0.619593 0.596676 0.107433 0.161608
2 0.310566 0.573851 0.042217 0.036776
2 0.489875 0.646433 0.179973 0.293833
2 0.746061 0.648882 0.229557 0.269347
9 0.738307 0.478414 0.022956 0.089782