9 0.104455 0.229168 0.068054 0.139273
2 0.042340 0.453693 0.062507 0.074560
2 0.486269 0.405861 0.013453 0.015475
2 0.475586 0.408675 0.007913 0.018288
2 0.514361 0.417819 0.044314 0.087222
2 0.409115 0.408675 0.012661 0.015475
2 0.392893 0.413599 0.013453 0.019695
8 0.371527 0.368581 0.007122 0.011254
8 0.440372 0.327784 0.005539 0.022509
8 0.547992 0.315123 0.005539 0.016882
8 0.554323 0.315826 0.005539 0.023916
8 0.332752 0.362954 0.008705 0.019695
9 0.440768 0.355920 0.011079 0.008441
8 0.437602 0.370691 0.004748 0.012661
8 0.443933 0.370691 0.004748 0.018288
9 0.462133 0.373505 0.006331 0.009848
9 0.462133 0.385463 0.007913 0.011254
2 0.678561 0.424150 0.065680 0.077374
2 0.722083 0.436811 0.068845 0.085815
9 0.641606 0.301055 0.011079 0.005627
12 0.611298 0.380998 0.089420 0.160864
2 0.560258 0.452989 0.107620 0.135053
2 0.333939 0.462133 0.113951 0.142087
9 0.214449 0.369285 0.011079 0.007034
9 0.207327 0.352403 0.011079 0.012661
2 0.800425 0.436811 0.127403 0.128019