2 0.058340 0.412311 0.116680 0.198930
12 0.089696 0.383159 0.179392 0.181430
2 0.224752 0.434415 0.082250 0.090113
2 0.330359 0.435562 0.044687 0.036984
2 0.429420 0.434415 0.043994 0.069710
2 0.460662 0.421946 0.021041 0.045907
2 0.521871 0.436965 0.022953 0.027204
2 0.553432 0.433281 0.038256 0.059509
8 0.490789 0.386524 0.006695 0.013602
8 0.482659 0.396442 0.007651 0.011902
2 0.504656 0.435548 0.013389 0.018703
9 0.759057 0.172009 0.047820 0.100315
8 0.387976 0.381140 0.009564 0.011902
2 0.393715 0.434131 0.024866 0.027204