9 0.967497 0.279012 0.018521 0.027728
9 0.967009 0.302407 0.011698 0.022529
2 0.980657 0.342266 0.035093 0.043325
2 0.907059 0.346598 0.014622 0.024262
2 0.933379 0.351797 0.039967 0.045058
2 0.874890 0.348331 0.047766 0.038126
2 0.832973 0.357863 0.049715 0.050257
2 0.788132 0.350064 0.036068 0.024262
2 0.728181 0.363928 0.056539 0.103980
2 0.631675 0.360462 0.027295 0.034660
2 0.516999 0.353530 0.074786 0.086650
2 0.071453 0.426874 0.142905 0.558864
2 0.448412 0.358729 0.081884 0.093582
2 0.678888 0.401453 0.115872 0.139842
2 0.723649 0.384685 0.030405 0.099099