2 0.505107 0.492334 0.078299 0.121638
2 0.924293 0.580822 0.151414 0.387905
2 0.027295 0.471374 0.054589 0.062388
2 0.067262 0.477439 0.027295 0.039859
2 0.097968 0.480905 0.034118 0.036393
2 0.137448 0.478306 0.029244 0.034660
2 0.196492 0.477335 0.022557 0.032718
2 0.247114 0.479172 0.012673 0.025995
2 0.260761 0.480039 0.010723 0.024262
2 0.776665 0.546463 0.155455 0.146713
2 0.710148 0.512966 0.100405 0.117843
2 0.651172 0.511233 0.044841 0.086650
2 0.624364 0.503434 0.043866 0.071053
2 0.613154 0.493903 0.048740 0.072786
2 0.579036 0.487837 0.025345 0.039859
2 0.562464 0.483505 0.009748 0.031194
2 0.554178 0.481772 0.010723 0.034660
2 0.284644 0.474840 0.035093 0.027728
2 0.312913 0.480039 0.015597 0.017330
2 0.327048 0.478306 0.012673 0.020796
2 0.338746 0.480905 0.014622 0.015597
2 0.348981 0.477439 0.007798 0.019063
2 0.359704 0.474840 0.005849 0.020796
2 0.398209 0.474840 0.012673 0.027728
2 0.415756 0.473973 0.008773 0.025995
8 0.071161 0.294609 0.009748 0.031194
8 0.399184 0.365661 0.004874 0.017330
8 0.315838 0.377792 0.003899 0.024262
8 0.487404 0.388190 0.003899 0.020796
8 0.526396 0.376926 0.003899 0.019063
9 0.477656 0.358729 0.023395 0.010398
9 0.468883 0.370860 0.017547 0.013864
2 0.544663 0.500625 0.010547 0.042187
2 0.425352 0.478359 0.011865 0.021094