12 0.068071 0.480509 0.087755 0.045763
2 0.016588 0.465948 0.029252 0.024961
2 0.134180 0.494030 0.044463 0.018721
2 0.172793 0.498190 0.028082 0.027042
2 0.197364 0.504430 0.021061 0.018721
2 0.225446 0.507550 0.028082 0.016641
2 0.255868 0.511711 0.023401 0.016641
2 0.296820 0.507550 0.032762 0.029122
2 0.376410 0.523384 0.019059 0.023346
2 0.440739 0.528352 0.086585 0.178891
2 0.789420 0.657319 0.236354 0.232974
2 0.645501 0.608436 0.121687 0.135208
2 0.579392 0.584515 0.078395 0.104006
2 0.532589 0.551233 0.062014 0.104006
2 0.504507 0.556433 0.015211 0.056163
2 0.500412 0.555393 0.018721 0.074884
2 0.489882 0.542913 0.011701 0.041602
2 0.391596 0.513791 0.011701 0.020801
2 0.360004 0.515871 0.018721 0.016641
9 0.200874 0.429546 0.014041 0.031202
8 0.198534 0.409785 0.009361 0.037442
8 0.284534 0.439946 0.005850 0.027042
8 0.347133 0.435786 0.007020 0.031202
8 0.448344 0.453467 0.008190 0.020801
9 0.462385 0.456587 0.024571 0.014561