8 0.679819 0.472258 0.012292 0.021853
8 0.520705 0.481970 0.010926 0.021853
8 0.546996 0.530936 0.012292 0.019424
8 0.620066 0.532150 0.010926 0.021853
9 0.483487 0.484398 0.027316 0.012140
9 0.447294 0.517177 0.015024 0.014568
9 0.708159 0.480756 0.028681 0.014568
9 0.634406 0.532959 0.017755 0.012140
9 0.663088 0.541862 0.012292 0.012140
9 0.654210 0.530936 0.013658 0.019424
9 0.073752 0.397392 0.024584 0.053417
2 0.539484 0.568166 0.021853 0.029137
2 0.581141 0.573427 0.015024 0.026709
2 0.593433 0.568571 0.015024 0.021853
2 0.601628 0.575855 0.015024 0.021853
2 0.630309 0.578283 0.064192 0.080126
2 0.422710 0.573022 0.036876 0.043705
2 0.391980 0.579092 0.043705 0.055845
2 0.351689 0.579092 0.064192 0.065558
2 0.296958 0.581539 0.083112 0.080164
2 0.156410 0.558130 0.195252 0.225971
2 0.560654 0.567761 0.023218 0.031565
2 0.490316 0.600540 0.111994 0.169964
2 0.792382 0.626243 0.318228 0.412378
12 0.876209 0.496059 0.246231 0.357883