8 0.528268 0.673933 0.006423 0.025592
8 0.504063 0.651540 0.005998 0.031991
8 0.447680 0.678199 0.005998 0.029858
8 0.468673 0.690995 0.004799 0.017062
8 0.500464 0.676066 0.005998 0.025592
9 0.479470 0.673933 0.009597 0.012796
2 0.487868 0.705924 0.011996 0.012796
2 0.400893 0.721919 0.029991 0.049052
2 0.375495 0.729943 0.041577 0.060835
0 0.318718 0.746445 0.014396 0.042654
7 0.316918 0.708056 0.022793 0.042654
6 0.283928 0.729383 0.011996 0.068246
2 0.164564 0.696327 0.068380 0.070379
2 0.088019 0.700434 0.136124 0.065798
2 0.465674 0.710189 0.017995 0.017062
2 0.685617 0.782287 0.100387 0.139930
2 0.565828 0.837316 0.244695 0.271315
2 0.842904 0.849002 0.314191 0.299806