2 0.455424 0.480457 0.016093 0.033974
2 0.431788 0.479563 0.025145 0.032185
2 0.401347 0.489372 0.036495 0.041075
2 0.336740 0.485821 0.086498 0.109073
2 0.274381 0.490291 0.050290 0.089404
2 0.522993 0.497508 0.052663 0.071651
2 0.552710 0.495495 0.017553 0.039640
2 0.810469 0.590424 0.283634 0.261060
8 0.573102 0.436649 0.008046 0.017881
8 0.513760 0.428603 0.004023 0.016093
8 0.439834 0.423238 0.005029 0.019669
8 0.422233 0.437543 0.006035 0.016093
9 0.531864 0.441119 0.008046 0.019669
2 0.891939 0.488503 0.046267 0.057219
2 0.960836 0.496550 0.069400 0.076887
2 0.980068 0.486486 0.038514 0.054054