2 0.324742 0.369072 0.027835 0.037113
2 0.313724 0.369072 0.022036 0.032990
2 0.294588 0.354639 0.037113 0.065979
2 0.204124 0.259794 0.027835 0.053608
2 0.183827 0.243299 0.045232 0.074227
2 0.151353 0.217526 0.052191 0.080412
2 0.039020 0.165803 0.078041 0.183858
2 0.129427 0.251351 0.075606 0.102703
2 0.259214 0.336083 0.077706 0.094845
2 0.465657 0.529897 0.056830 0.115464
2 0.510309 0.554639 0.046392 0.041237
2 0.404188 0.489691 0.156572 0.200000
2 0.591396 0.620468 0.250317 0.186091
2 0.690328 0.816010 0.487615 0.367155
9 0.317784 0.314433 0.018557 0.026804
9 0.416946 0.404124 0.010438 0.024742
9 0.478995 0.477320 0.016237 0.030928
9 0.993132 0.776907 0.010438 0.061856
9 0.985593 0.847010 0.025515 0.082474
2 0.957178 0.964536 0.082345 0.070103
2 0.012162 0.094595 0.024324 0.045045
2 0.022297 0.089189 0.026351 0.030631
2 0.055236 0.145946 0.043581 0.082883
2 0.079561 0.169369 0.035473 0.064865
2 0.089696 0.173874 0.029392 0.055856
2 0.101858 0.172973 0.045608 0.061261
2 0.328378 0.405405 0.056757 0.050450