9 0.102264 0.287355 0.024006 0.054057
9 0.099863 0.370574 0.012803 0.018493
9 0.098663 0.386934 0.010402 0.019916
9 0.579174 0.146523 0.044810 0.122339
9 0.305511 0.391201 0.020805 0.017071
9 0.337518 0.408983 0.016004 0.018493
9 0.257900 0.394047 0.015204 0.014226
9 0.252698 0.379110 0.009602 0.024183
8 0.211089 0.370574 0.011203 0.018493
8 0.177481 0.379821 0.011203 0.019916
8 0.222371 0.379110 0.039849 0.018493
9 0.535164 0.365596 0.025606 0.025606
9 0.568771 0.300158 0.044810 0.039831
9 0.592777 0.263172 0.032007 0.025606
2 0.206948 0.398822 0.014403 0.015648
2 0.192544 0.402379 0.017604 0.014226
2 0.148934 0.395977 0.015204 0.018493
2 0.128530 0.390287 0.020805 0.021338
2 0.076918 0.396688 0.040809 0.039831
2 0.030507 0.395977 0.060014 0.049789
2 0.288742 0.419892 0.027555 0.035839
2 0.221121 0.411763 0.031089 0.047219
2 0.450604 0.489494 0.157636 0.130195
2 0.581580 0.493060 0.125121 0.084628