8 0.482700 0.357890 0.010547 0.030469
8 0.580259 0.321562 0.010547 0.032812
8 0.470835 0.398906 0.013184 0.023437
8 0.692319 0.395390 0.013184 0.030469
9 0.681113 0.353203 0.022412 0.021094
9 0.690342 0.328594 0.014502 0.014062
2 0.549937 0.437578 0.010547 0.025781
2 0.543345 0.437578 0.015820 0.035156
2 0.705294 0.456481 0.054953 0.110462
2 0.749390 0.465937 0.090410 0.152811
2 0.596738 0.443437 0.006592 0.018750
2 0.604649 0.444609 0.011865 0.030469
2 0.527525 0.448125 0.026367 0.046875
2 0.574717 0.447838 0.036377 0.055676
2 0.868074 0.481982 0.223986 0.243243