0 0.390696 0.732227 0.057583 0.191943
7 0.394295 0.685308 0.055184 0.238862
0 0.191556 0.689573 0.038389 0.123697
2 0.304922 0.671445 0.145157 0.219668
2 0.538852 0.621327 0.013196 0.021327
2 0.558853 0.628406 0.028379 0.039750
2 0.586238 0.651184 0.045586 0.076777
2 0.519283 0.626658 0.028342 0.040521
2 0.652219 0.671445 0.095972 0.138626
6 0.730196 0.651184 0.011996 0.055450
6 0.895147 0.666113 0.013196 0.068246
6 0.875952 0.662914 0.010797 0.066114
6 0.864556 0.665342 0.011996 0.062439
6 0.853159 0.663981 0.013196 0.063981
9 0.775782 0.563744 0.016795 0.008531
8 0.775782 0.604265 0.011996 0.021327
8 0.519058 0.560545 0.007198 0.019194
6 0.748790 0.652251 0.008398 0.053317
6 0.430885 0.623459 0.008398 0.025592
6 0.439882 0.624526 0.009597 0.027725
2 0.712201 0.651184 0.028791 0.046919
8 0.714732 0.496172 0.010547 0.030469
8 0.544004 0.513750 0.006592 0.023437
8 0.705503 0.497343 0.007910 0.028125
9 0.301426 0.496172 0.022412 0.086719