9 0.678263 0.307512 0.023401 0.043683
9 0.665392 0.345994 0.016381 0.020801
9 0.687623 0.353275 0.023401 0.035362
9 0.303840 0.427119 0.023401 0.016641
9 0.323147 0.412558 0.008190 0.016641
9 0.381650 0.450000 0.010531 0.016641
6 0.589338 0.542566 0.018721 0.068644
6 0.603963 0.546726 0.019891 0.060324
2 0.514453 0.520725 0.016381 0.024961
2 0.501582 0.524885 0.021061 0.041602
2 0.493977 0.541526 0.022231 0.066564
2 0.544875 0.535285 0.042123 0.074884
2 0.791175 0.477042 0.064354 0.062404
2 0.801705 0.505124 0.038612 0.052003
2 0.557746 0.554007 0.049143 0.066564
2 0.452962 0.552935 0.083264 0.126562