8 0.391011 0.390023 0.012871 0.027042
8 0.447174 0.414985 0.012871 0.027042
9 0.414412 0.388983 0.031592 0.020801
9 0.461800 0.386903 0.039782 0.033282
9 0.606304 0.447227 0.022231 0.016641
8 0.494562 0.497150 0.007020 0.016641
8 0.472331 0.495070 0.004680 0.016641
8 0.456535 0.495070 0.008190 0.016641
2 0.492807 0.523151 0.010531 0.014561
2 0.485786 0.522111 0.012871 0.012481
2 0.472916 0.522111 0.012871 0.012481
2 0.457120 0.517951 0.016381 0.020801
2 0.497487 0.529392 0.026912 0.039522
2 0.446589 0.547073 0.042123 0.062404
2 0.368779 0.540832 0.057333 0.074884
2 0.518548 0.569816 0.069034 0.112604
6 0.548385 0.535632 0.011701 0.047843
2 0.248847 0.567874 0.105306 0.112327
2 0.150507 0.750655 0.301014 0.498690
6 0.647256 0.530432 0.010531 0.070724
9 0.789420 0.506510 0.016381 0.039522
2 0.317296 0.506510 0.019891 0.031202
2 0.228371 0.488829 0.024571 0.024961
9 0.888290 0.528352 0.017551 0.024961
2 0.413827 0.511711 0.028082 0.024961