9 0.862756 0.644075 0.080376 0.068246
9 0.805773 0.649407 0.021594 0.036256
9 0.454877 0.665402 0.008398 0.025592
2 0.330126 0.716672 0.007646 0.013693
2 0.229282 0.712322 0.013196 0.012796
2 0.196292 0.708056 0.009597 0.021327
2 0.090723 0.704857 0.028791 0.027725
2 0.129711 0.708056 0.037189 0.034123
2 0.178897 0.708056 0.017995 0.021327
2 0.273078 0.714039 0.009615 0.013627
2 0.291064 0.714455 0.009597 0.012796
2 0.305117 0.714574 0.008913 0.013036
1 0.156075 0.698369 0.028137 0.041980
1 0.216686 0.699373 0.031191 0.040521
1 0.253275 0.703639 0.022793 0.031991
2 0.351500 0.713725 0.014626 0.021667
12 0.295862 0.705010 0.011996 0.017062
1 0.340531 0.713292 0.010238 0.017334