8 0.430495 0.405763 0.008430 0.018305
8 0.393094 0.486174 0.006006 0.015254
8 0.259239 0.433547 0.009439 0.022881
8 0.182443 0.507530 0.008581 0.018305
8 0.299138 0.522022 0.006864 0.013729
8 0.290557 0.525073 0.008581 0.010678
8 0.324879 0.527361 0.006864 0.012203
8 0.384085 0.507530 0.005148 0.012203
8 0.340324 0.531937 0.006864 0.009153
9 0.466458 0.492821 0.012013 0.022881
9 0.493057 0.420363 0.017161 0.015254
9 0.419694 0.507748 0.007722 0.015254
9 0.254948 0.516901 0.011155 0.021356
9 0.285409 0.498596 0.008581 0.012203
9 0.289270 0.509274 0.007722 0.012203
9 0.610655 0.411102 0.022309 0.016780
9 0.432180 0.501864 0.010297 0.012203
9 0.062361 0.485085 0.022309 0.021356
9 0.696031 0.406525 0.019735 0.068644
2 0.402149 0.536186 0.012013 0.025932
2 0.410729 0.533898 0.006864 0.021356
2 0.418881 0.531610 0.009439 0.022881
2 0.431322 0.529322 0.015445 0.021356
2 0.456206 0.544576 0.048051 0.064068
2 0.393568 0.542288 0.008581 0.028983
2 0.384988 0.546102 0.027458 0.045763
2 0.368685 0.538474 0.008581 0.015254
2 0.361820 0.543813 0.006864 0.022881
12 0.360533 0.530847 0.012871 0.024407
12 0.332647 0.551441 0.008581 0.019831
2 0.327927 0.554491 0.007722 0.025932
2 0.318489 0.556780 0.011155 0.027458
2 0.312911 0.560593 0.022309 0.035085
2 0.292318 0.565169 0.036038 0.050339
2 0.349379 0.552966 0.030032 0.041186
2 0.652270 0.547627 0.136430 0.125085
2 0.094538 0.590339 0.040328 0.039661
6 0.271487 0.568220 0.012013 0.047288
6 0.207562 0.572797 0.009439 0.041186
6 0.201127 0.575085 0.008581 0.039661
6 0.569660 0.518644 0.011155 0.061017
6 0.534909 0.518644 0.012013 0.051864
6 0.482997 0.521695 0.009439 0.027458
6 0.749765 0.545949 0.037754 0.160169
2 0.934877 0.556017 0.124823 0.157119
2 0.925010 0.766373 0.146274 0.332542
2 0.258102 0.565169 0.025742 0.035085
8 0.349671 0.493568 0.003898 0.012474
8 0.342654 0.513665 0.007017 0.011088