8 0.420359 0.322322 0.007722 0.013729
8 0.388611 0.322322 0.009439 0.016780
8 0.399337 0.351305 0.006864 0.010678
9 0.498442 0.352830 0.011155 0.019831
9 0.364157 0.322627 0.012013 0.010678
9 0.189114 0.245593 0.022309 0.045763
9 0.018791 0.247119 0.033464 0.030508
8 0.538341 0.350085 0.006864 0.007627
2 0.401902 0.396360 0.017143 0.036109
2 0.378504 0.403772 0.035559 0.075340
2 0.371525 0.414516 0.035329 0.075473
2 0.354289 0.414152 0.031748 0.077797
2 0.317393 0.436271 0.095244 0.134237
2 0.425507 0.408051 0.023167 0.053390
2 0.138060 0.407288 0.036896 0.039661
2 0.085719 0.427119 0.090095 0.079322
2 0.217001 0.491949 0.230816 0.242542
2 0.618569 0.471661 0.129566 0.170847
9 0.708964 0.308136 0.009439 0.032034
9 0.814505 0.277627 0.019735 0.050339
9 0.720977 0.104492 0.048051 0.030508
9 0.742857 0.080085 0.043761 0.018305
9 0.731703 0.051102 0.016303 0.027458
9 0.727841 0.135763 0.010297 0.025932
9 0.721406 0.176949 0.028316 0.056441
2 0.088176 0.576667 0.176351 0.479098
2 0.822308 0.552966 0.353517 0.575085
2 0.467361 0.401186 0.070360 0.086949