2 0.033446 0.542590 0.066892 0.276983
2 0.194880 0.428653 0.185916 0.209361
2 0.280156 0.430807 0.036876 0.121403
2 0.341617 0.411383 0.042339 0.058273
2 0.363469 0.398028 0.023218 0.046133
2 0.376444 0.390744 0.019121 0.041277
2 0.388053 0.385888 0.012292 0.031565
2 0.786179 0.462372 0.133847 0.131115
2 0.902009 0.483015 0.194631 0.190727
2 0.416052 0.387102 0.019121 0.029137
2 0.491853 0.399242 0.025950 0.033993
8 0.786862 0.337327 0.023218 0.036421
8 0.274010 0.331257 0.019121 0.024281
8 0.074606 0.265699 0.013658 0.029137
8 0.084166 0.123658 0.013658 0.021853
8 0.398297 0.228064 0.008195 0.046133
8 0.513705 0.253559 0.009560 0.033993
8 0.409223 0.347039 0.010926 0.016996
8 0.454294 0.345825 0.010926 0.014568
8 0.647552 0.364035 0.015024 0.016996
12 0.758863 0.406527 0.207599 0.155396
6 0.643455 0.424737 0.012292 0.080126
6 0.656430 0.418667 0.010926 0.082554
6 0.628431 0.419881 0.012292 0.065558
2 0.395565 0.381032 0.010926 0.026709
2 0.448523 0.395774 0.013658 0.014568
2 0.436914 0.389704 0.012292 0.016996
8 0.407928 0.229452 0.008195 0.041277
9 0.289105 0.225810 0.010926 0.038849
9 0.280227 0.268301 0.020487 0.007284
9 0.286373 0.284083 0.021853 0.014568
9 0.188037 0.206385 0.019121 0.053417
9 0.775324 0.295009 0.027316 0.016996
9 0.782836 0.265873 0.017755 0.012140
9 0.776690 0.244020 0.013658 0.012140
9 0.297300 0.161466 0.010926 0.026709
9 0.517874 0.206385 0.009560 0.024281