8 0.332884 0.257410 0.008119 0.037113
8 0.675603 0.017365 0.016237 0.034729
8 0.593258 0.338853 0.009278 0.035052
8 0.644289 0.024581 0.018557 0.049162
8 0.162394 0.195554 0.012758 0.049485
8 0.342742 0.257410 0.011598 0.037113
8 0.724894 0.174936 0.012758 0.053608
8 0.600796 0.368750 0.012758 0.024742
8 0.246479 0.369781 0.018557 0.022680
9 0.255758 0.328544 0.020876 0.014433
9 0.244160 0.305863 0.018557 0.014433
9 0.302729 0.268750 0.035954 0.018557
9 0.728374 0.225451 0.012758 0.022680
9 0.592678 0.399678 0.012758 0.016495
6 0.221544 0.415142 0.022036 0.080412
6 0.202987 0.399678 0.019716 0.074227
6 0.630951 0.417204 0.015077 0.039175
6 0.316647 0.425451 0.012758 0.051546
6 0.283013 0.417204 0.019716 0.088660
6 0.528889 0.439884 0.012758 0.047423
6 0.738812 0.490400 0.093943 0.317526
6 0.773026 0.501740 0.078866 0.340206
6 0.955113 0.479059 0.085825 0.286598
2 0.694740 0.428544 0.070747 0.045361
2 0.945835 0.431637 0.104381 0.055670
2 0.414046 0.400687 0.011598 0.016495
2 0.441882 0.400687 0.011598 0.016495
2 0.452320 0.403780 0.018557 0.022680
2 0.452900 0.414089 0.010438 0.026804
2 0.462178 0.416151 0.017397 0.030928
6 0.333441 0.416495 0.005799 0.047423
9 0.161818 0.240019 0.015597 0.022529