2 0.035791 0.607576 0.070556 0.150945
8 0.094986 0.480017 0.021526 0.023386
8 0.300675 0.368555 0.014350 0.051327
8 0.565559 0.406671 0.010763 0.034016
8 0.573333 0.410923 0.007175 0.029764
9 0.732981 0.459516 0.027505 0.072283
8 0.734177 0.505529 0.027505 0.031890
8 0.241480 0.509781 0.013155 0.019134
9 0.249253 0.471209 0.019134 0.010630
9 0.252840 0.452683 0.023917 0.014882
9 0.239088 0.489888 0.013155 0.017008
6 0.242675 0.569612 0.013155 0.053150
2 0.315201 0.576336 0.040307 0.056102
2 0.339541 0.576749 0.010763 0.051024
2 0.354868 0.546339 0.024676 0.077828
2 0.545828 0.576749 0.019134 0.051024
2 0.587204 0.595422 0.082752 0.128482
2 0.662514 0.660578 0.180397 0.198012
2 0.715043 0.576749 0.051422 0.029764
2 0.755104 0.616080 0.081319 0.078661
2 0.849919 0.741324 0.300162 0.516614
2 0.441787 0.631266 0.200906 0.308268
8 0.637909 0.528915 0.016742 0.014882
9 0.627147 0.514033 0.047835 0.014882
9 0.628342 0.492773 0.016742 0.010630
8 0.313951 0.375000 0.010547 0.042187
9 0.290220 0.370312 0.007910 0.056250
9 0.122129 0.420703 0.027686 0.016406
2 0.076646 0.573046 0.052734 0.063281
2 0.822178 0.585937 0.054053 0.037500