2 0.417140 0.548878 0.009471 0.013469
2 0.405517 0.552551 0.013776 0.027551
2 0.387436 0.548725 0.010332 0.019898
2 0.378827 0.541072 0.008610 0.013776
2 0.373390 0.561314 0.028731 0.029770
2 0.495919 0.554847 0.006888 0.013776
2 0.507542 0.558674 0.011193 0.018367
2 0.777671 0.513521 0.027551 0.019898
2 0.844396 0.512755 0.018080 0.018367
2 0.874961 0.511990 0.025829 0.019898
2 0.884431 0.513521 0.029273 0.019898
2 0.893902 0.514286 0.018941 0.021429
2 0.923175 0.511225 0.022385 0.021429
2 0.949865 0.504337 0.029273 0.013776
2 0.940394 0.513521 0.029273 0.016837
2 0.957614 0.514286 0.029273 0.018367
2 0.986026 0.510459 0.025829 0.029082
2 0.209642 0.561630 0.043901 0.040006
2 0.329721 0.549147 0.020603 0.026865
2 0.447704 0.560970 0.020663 0.035204
2 0.464063 0.552551 0.010332 0.015306
2 0.484295 0.561429 0.021524 0.031224
2 0.521317 0.564796 0.021524 0.033673
2 0.548007 0.564031 0.024968 0.035204
2 0.634669 0.593484 0.063644 0.072287
2 0.755501 0.599235 0.086958 0.075000
2 0.968575 0.856184 0.062851 0.284694
9 0.122688 0.260714 0.071460 0.036735
9 0.494340 0.468878 0.104177 0.061225
9 0.535667 0.436225 0.016358 0.012245
9 0.292238 0.386261 0.056824 0.179082
9 0.147595 0.337281 0.129145 0.120918
12 0.363760 0.545664 0.023246 0.045918