2 0.299497 0.605559 0.071613 0.105226
2 0.319440 0.576495 0.052415 0.075981
2 0.338984 0.572161 0.017880 0.059834
2 0.350028 0.572161 0.018932 0.041136
2 0.358968 0.571226 0.011569 0.031787
2 0.368960 0.573096 0.012621 0.043006
2 0.375270 0.573096 0.012621 0.043006
2 0.391478 0.577179 0.036622 0.064756
2 0.576368 0.591794 0.018932 0.024307
2 0.594774 0.592729 0.024191 0.029917
2 0.618965 0.588989 0.043122 0.044875
2 0.634863 0.609702 0.051780 0.063864
2 0.667872 0.604883 0.029449 0.050485
2 0.550074 0.583380 0.016828 0.014958
2 0.546393 0.573096 0.024191 0.028047
9 0.375581 0.498337 0.051107 0.039199
9 0.276615 0.451558 0.027346 0.035526
9 0.597929 0.525416 0.026294 0.022438
9 0.565850 0.524481 0.025242 0.028047
2 0.517995 0.563747 0.015776 0.016828
2 0.445658 0.612394 0.107398 0.155129
2 0.202147 0.622268 0.175009 0.216110
2 0.694350 0.613580 0.047851 0.061539
2 0.780126 0.641635 0.090103 0.104978
2 0.923533 0.697333 0.152934 0.190869