9 0.161565 0.296445 0.026392 0.055450
9 0.884887 0.274966 0.021594 0.036256
9 0.862694 0.369871 0.015595 0.046919
9 0.727734 0.347478 0.016795 0.019194
2 0.631013 0.395103 0.014396 0.015955
2 0.643009 0.402014 0.009597 0.014929
2 0.651407 0.399881 0.009597 0.014929
2 0.662803 0.397749 0.013196 0.023460
2 0.671201 0.405213 0.010797 0.017062
2 0.617217 0.394550 0.010797 0.025592
2 0.607186 0.393419 0.014727 0.023332
12 0.561230 0.343768 0.078769 0.124504
12 0.491767 0.341822 0.083800 0.159001
12 0.325703 0.295734 0.245927 0.328436
2 0.680798 0.396682 0.013196 0.034123
2 0.688596 0.393483 0.016795 0.049052
2 0.698792 0.394550 0.017995 0.046919
2 0.701792 0.397749 0.016795 0.053317
2 0.722737 0.393525 0.046883 0.078994
2 0.761774 0.422275 0.086374 0.115166