2 0.134535 0.425728 0.010763 0.029764
2 0.148775 0.422717 0.020108 0.027282
2 0.117195 0.429980 0.038268 0.038268
2 0.095071 0.432106 0.025113 0.029764
2 0.073004 0.437706 0.021414 0.031320
2 0.038268 0.444862 0.016742 0.046772
2 0.019732 0.450177 0.039464 0.048898
2 0.245153 0.412441 0.011959 0.021260
2 0.246946 0.412441 0.008371 0.021260
2 0.252926 0.413504 0.015546 0.027638
2 0.260101 0.416693 0.017938 0.034016
2 0.272658 0.418819 0.021526 0.042520
2 0.287367 0.417756 0.015068 0.044646
9 0.125566 0.367795 0.016742 0.029764
8 0.074742 0.227480 0.020330 0.017008
9 0.050636 0.220502 0.019954 0.025941
9 0.201768 0.219697 0.017409 0.028323
9 0.357086 0.349725 0.014350 0.023386
9 0.308653 0.355039 0.010763 0.017008
9 0.309371 0.367795 0.009806 0.017008
2 0.378611 0.431575 0.066969 0.110551
2 0.428781 0.440505 0.085307 0.144673
2 0.639846 0.328651 0.134779 0.079034
2 0.520262 0.444995 0.154900 0.199549
2 0.307555 0.419552 0.037041 0.050885
2 0.735775 0.467943 0.389495 0.345220
2 0.770616 0.283606 0.047835 0.029764
8 0.177153 0.224291 0.019134 0.019134