2 0.375458 0.479841 0.016114 0.025066
2 0.424129 0.465929 0.010114 0.015635
2 0.429288 0.478029 0.012990 0.017947
2 0.408299 0.506972 0.015391 0.028925
2 0.368502 0.515180 0.014072 0.028143
2 0.355589 0.516462 0.012634 0.030271
2 0.350022 0.523724 0.017613 0.037634
2 0.337099 0.525843 0.017953 0.049033
2 0.310800 0.526562 0.045925 0.064794
2 0.299243 0.541369 0.044414 0.068013
2 0.174357 0.536288 0.091026 0.067231
2 0.247541 0.556949 0.082606 0.104084
2 0.064960 0.645763 0.129920 0.277520
2 0.441499 0.533942 0.067720 0.095375
2 0.541760 0.526906 0.084430 0.098502
2 0.954679 0.710478 0.090642 0.292972