12 0.230799 0.333333 0.071907 0.065979
12 0.302706 0.326117 0.081186 0.129897
12 0.350548 0.343565 0.019138 0.041081
2 0.381052 0.354693 0.031969 0.049377
2 0.420756 0.353105 0.033413 0.052801
2 0.457918 0.364877 0.054525 0.075458
2 0.317590 0.391065 0.086985 0.119588
8 0.396070 0.298969 0.005799 0.020619
8 0.415786 0.295876 0.005799 0.018557
9 0.507098 0.303891 0.041989 0.050638
1 0.810116 0.216151 0.047552 0.026804
9 0.003479 0.121993 0.006959 0.088660
2 0.487825 0.342857 0.017219 0.018367
9 0.505475 0.269388 0.040466 0.018367