9 0.581244 0.503213 0.014641 0.020823
9 0.587100 0.472847 0.020497 0.019087
8 0.734973 0.494537 0.013665 0.017352
8 0.585148 0.457230 0.010737 0.022558
9 0.919448 0.433804 0.023425 0.034704
9 0.916520 0.477185 0.023425 0.038175
9 0.939458 0.440745 0.016593 0.048586
9 0.939209 0.486335 0.016096 0.039123
2 0.889191 0.543991 0.080037 0.085026
2 0.787366 0.570985 0.075498 0.098518
2 0.710819 0.545609 0.033682 0.047084
2 0.679931 0.550018 0.042182 0.055901
2 0.616542 0.545287 0.028626 0.039032
2 0.483699 0.566535 0.081212 0.082006
2 0.550293 0.550365 0.033784 0.031185
2 0.404089 0.579563 0.089798 0.083290
2 0.282081 0.589974 0.160074 0.114524
2 0.100540 0.594074 0.201080 0.172461