2 0.108891 0.525508 0.216742 0.457355
6 0.444942 0.449047 0.011955 0.052669
6 0.523166 0.493400 0.015593 0.106263
2 0.540347 0.463306 0.071727 0.110883
2 0.595442 0.485021 0.091478 0.119199
2 0.676428 0.508121 0.155736 0.189425
2 0.856382 0.561232 0.287235 0.366173
2 0.395597 0.445494 0.009123 0.020953
2 0.286733 0.482223 0.115727 0.163008
2 0.379954 0.450482 0.017959 0.024944
2 0.413909 0.450482 0.017398 0.026939
2 0.466945 0.460460 0.026939 0.034921
12 0.444528 0.428286 0.038463 0.073922
8 0.306609 0.401027 0.008836 0.020329
8 0.329478 0.313706 0.007796 0.021253
8 0.345591 0.400565 0.006757 0.015708
8 0.357546 0.418583 0.004678 0.012936
8 0.371579 0.410267 0.003638 0.011088
8 0.379896 0.396869 0.005717 0.015708
8 0.418618 0.321561 0.009356 0.022177
8 0.398867 0.398717 0.005198 0.010164
8 0.397567 0.413963 0.004678 0.007392
8 0.401466 0.420893 0.004158 0.008316
8 0.417578 0.418583 0.005198 0.012936
9 0.196796 0.391721 0.009356 0.019405
9 0.238897 0.374164 0.014553 0.023101
9 0.497034 0.334629 0.010915 0.005544
9 0.472902 0.404393 0.009876 0.017556
9 0.489534 0.380368 0.007796 0.021253
9 0.461940 0.383470 0.009876 0.014784
2 0.357786 0.450981 0.024133 0.035919