2 0.290147 0.434311 0.040466 0.077296
2 0.258721 0.443878 0.063712 0.085714
2 0.236336 0.444643 0.055102 0.071939
2 0.207924 0.440817 0.046492 0.107143
9 0.566949 0.391072 0.010332 0.018367
2 0.558339 0.439286 0.018941 0.038265
2 0.587468 0.454464 0.018941 0.050255
7 0.572576 0.447814 0.018019 0.088776
0 0.572832 0.468112 0.013776 0.062755
2 0.637405 0.464286 0.060268 0.088776
2 0.696381 0.477806 0.100733 0.127041
2 0.779034 0.505102 0.167889 0.158163
2 0.098198 0.462527 0.195440 0.341327
2 0.919586 0.527309 0.160828 0.321965
2 0.388856 0.437892 0.025537 0.036101
2 0.505663 0.476599 0.105899 0.165306