2 0.007293 0.687918 0.014587 0.065593
2 0.088215 0.656750 0.114059 0.073014
2 0.388406 0.641245 0.043953 0.067414
2 0.509396 0.617288 0.017161 0.018305
2 0.477219 0.613474 0.012871 0.013729
2 0.492664 0.612203 0.007722 0.015254
2 0.498241 0.613729 0.010297 0.021356
2 0.464777 0.614491 0.006864 0.013729
2 0.459629 0.614491 0.008581 0.016780
2 0.455339 0.613729 0.010297 0.015254
2 0.450620 0.617542 0.012871 0.022881
9 0.518520 0.567458 0.007722 0.018305
9 0.542116 0.572034 0.006864 0.015254
9 0.627450 0.537712 0.008581 0.036610
9 0.330564 0.562119 0.012013 0.018305
9 0.228027 0.585763 0.014587 0.025932
8 0.343006 0.603305 0.009439 0.015254