9 0.270174 0.293898 0.030330 0.037944
9 0.420752 0.416559 0.021189 0.037297
9 0.727819 0.357031 0.010110 0.017973
2 0.436882 0.397747 0.020691 0.016302
2 0.433793 0.416333 0.014513 0.023066
2 0.400310 0.417694 0.030930 0.054294
9 0.473065 0.412888 0.010110 0.019970
9 0.483455 0.411890 0.009548 0.017973
7 0.481580 0.421875 0.006178 0.016975
7 0.481299 0.416383 0.006740 0.017973
2 0.679287 0.442345 0.075825 0.071893
2 0.385497 0.427034 0.043810 0.053920
2 0.455706 0.424538 0.034823 0.052922
2 0.504851 0.417548 0.027522 0.038942
9 0.406838 0.385215 0.010110 0.016975