2 0.516601 0.424755 0.015501 0.045611
2 0.480087 0.426562 0.063281 0.105469
2 0.551611 0.434732 0.056658 0.080770
2 0.633098 0.419529 0.048691 0.065566
2 0.688513 0.416015 0.061963 0.070312
2 0.746935 0.437772 0.056200 0.083049
2 0.953198 0.425390 0.093603 0.126562
2 0.250390 0.406907 0.018654 0.034622
2 0.202482 0.406719 0.022641 0.049375
2 0.155566 0.408047 0.044824 0.063281
2 0.114559 0.413827 0.044549 0.061765
2 0.046143 0.403359 0.092285 0.086719
8 0.496780 0.368112 0.010332 0.015306
2 0.219682 0.411927 0.013897 0.042761
2 0.235985 0.404800 0.017639 0.045611