8 0.318762 0.178498 0.013647 0.072786
8 0.461084 0.240886 0.013647 0.065854
8 0.335334 0.181098 0.015597 0.071053
8 0.344595 0.168967 0.010723 0.050257
8 0.352880 0.175032 0.005849 0.045058
8 0.197399 0.022529 0.022421 0.041592
8 0.169617 0.023395 0.025345 0.043325
8 0.736467 0.016463 0.024370 0.032927
8 0.438664 0.298941 0.011698 0.060655
8 0.771560 0.229621 0.026320 0.064121
2 0.402033 0.421983 0.121700 0.091849
2 0.483351 0.429506 0.066593 0.085521
2 0.706736 0.437580 0.077985 0.064121
2 0.065800 0.488382 0.131599 0.404877
9 0.029244 0.277279 0.015597 0.017330
2 0.280257 0.412452 0.184239 0.097048
6 0.532732 0.473107 0.078959 0.377792
9 0.962957 0.101726 0.074085 0.124775