2 0.053484 0.663560 0.106968 0.158089
2 0.970023 0.747571 0.059954 0.243966
2 0.894458 0.678689 0.210077 0.250751
2 0.803460 0.634438 0.063184 0.128968
2 0.199119 0.642759 0.085415 0.087365
2 0.280354 0.633222 0.039612 0.072451
2 0.328811 0.612447 0.055939 0.060638
12 0.361174 0.589668 0.077225 0.089350
2 0.407538 0.593433 0.022524 0.038637
2 0.437081 0.593214 0.037147 0.046520
2 0.423188 0.570994 0.018721 0.014561
2 0.464140 0.584515 0.016381 0.033282
2 0.478181 0.574114 0.011701 0.024961
2 0.490467 0.570994 0.008190 0.018721
2 0.502835 0.580710 0.021227 0.029833
2 0.519106 0.572947 0.016327 0.023137
2 0.538598 0.567243 0.010847 0.019540
12 0.642750 0.574207 0.061666 0.124992
2 0.588752 0.570994 0.010531 0.027042
8 0.516793 0.445147 0.007020 0.024961
8 0.456535 0.451387 0.008190 0.020801
8 0.691719 0.463868 0.008190 0.020801
8 0.076262 0.518991 0.012871 0.022881
8 0.068195 0.410030 0.014963 0.053592
8 0.839733 0.507550 0.014041 0.033282
8 0.852018 0.505470 0.008190 0.029122
9 0.053445 0.462828 0.014041 0.014561
9 0.049350 0.481549 0.024571 0.022881
9 0.819419 0.449798 0.036598 0.023979
9 0.692304 0.496110 0.016381 0.010401
9 0.695229 0.517951 0.010531 0.029122
2 0.684113 0.567874 0.016381 0.029122
9 0.917542 0.436826 0.026912 0.029122