2 0.146026 0.557331 0.276043 0.282770
2 0.351775 0.479797 0.102618 0.142297
2 0.423317 0.466189 0.032256 0.049405
2 0.445338 0.460460 0.015153 0.040908
2 0.459524 0.456625 0.008209 0.026628
2 0.468760 0.454257 0.008209 0.018243
2 0.492875 0.453345 0.007183 0.016419
2 0.500059 0.452432 0.007183 0.021892
2 0.506216 0.453345 0.015393 0.023716
2 0.518530 0.462466 0.011288 0.031014
2 0.527862 0.459875 0.014077 0.050060
2 0.542982 0.464208 0.034216 0.067335
2 0.576919 0.472275 0.062803 0.087119
2 0.634488 0.502601 0.107749 0.147770
2 0.280456 0.467027 0.044126 0.047432
2 0.847070 0.579109 0.305859 0.377407
6 0.480064 0.451640 0.010547 0.030469
2 0.455440 0.456469 0.011786 0.030930