7 0.443659 0.487961 0.010723 0.020796
7 0.501173 0.516555 0.034118 0.102247
7 0.425138 0.500092 0.012673 0.034660
3 0.444147 0.505291 0.009748 0.017330
3 0.425138 0.517422 0.016572 0.031194
3 0.501173 0.550349 0.032169 0.090116
2 0.412424 0.501968 0.011026 0.030014
2 0.403263 0.504602 0.017511 0.034057
2 0.387161 0.506034 0.024370 0.045058
2 0.379347 0.509625 0.018606 0.042877
2 0.366771 0.512687 0.018261 0.051452
2 0.348825 0.514328 0.033481 0.061647
2 0.309404 0.513606 0.054439 0.086367
2 0.293210 0.526775 0.049615 0.086979
2 0.255254 0.534372 0.048966 0.113770
2 0.189347 0.544950 0.114846 0.156395
2 0.074904 0.568638 0.149807 0.207274
2 0.469619 0.516669 0.042724 0.077791