9 0.158122 0.318412 0.023425 0.039910
9 0.019033 0.328824 0.026354 0.039910
9 0.055147 0.404306 0.016593 0.024293
9 0.140065 0.407776 0.012689 0.024293
8 0.028306 0.399968 0.027330 0.019087
8 0.082477 0.401703 0.024401 0.019087
9 0.344549 0.360058 0.017569 0.012147
9 0.348941 0.372204 0.026354 0.015617
9 0.246455 0.423393 0.014641 0.006941
9 0.244015 0.438142 0.011713 0.012147
8 0.289402 0.337500 0.008785 0.032969
8 0.319172 0.391292 0.011713 0.043380
8 0.317219 0.439010 0.013665 0.024293
8 0.334789 0.432937 0.007808 0.022558
6 0.082965 0.519698 0.013665 0.071144
6 0.063932 0.505816 0.024401 0.060733
2 0.101022 0.539653 0.018545 0.041645
2 0.148849 0.537917 0.096630 0.145758
2 0.199116 0.570887 0.105414 0.197815
2 0.079151 0.710572 0.157940 0.525771
2 0.347477 0.629519 0.327956 0.347774
6 0.917984 0.632487 0.034162 0.133612
12 0.658840 0.384351 0.556354 0.730527