9 0.021347 0.205703 0.042694 0.103401
9 0.015067 0.280102 0.030134 0.033673
9 0.858674 0.216837 0.056824 0.045918
9 0.857526 0.102296 0.096429 0.176020
9 0.229448 0.270918 0.016358 0.021429
2 0.342235 0.280867 0.012915 0.019898
2 0.327599 0.293112 0.014636 0.032143
2 0.357733 0.280867 0.018080 0.019898
2 0.351276 0.300000 0.020663 0.018367
2 0.351706 0.322194 0.016358 0.026020
2 0.326738 0.324490 0.031856 0.042857
2 0.343527 0.322959 0.012054 0.027551
2 0.318989 0.337245 0.035300 0.042857
2 0.869749 0.408139 0.259852 0.410382
2 0.477537 0.310429 0.027751 0.026910
2 0.483844 0.351916 0.047934 0.078488
2 0.493305 0.388918 0.051718 0.067276