12 0.540655 0.319394 0.017158 0.029165
7 0.543108 0.334770 0.025000 0.039540
2 0.530281 0.367658 0.034701 0.067363
2 0.569293 0.374010 0.020059 0.038208
2 0.575750 0.380421 0.017151 0.040418
2 0.590775 0.382312 0.020078 0.065000
2 0.607659 0.383612 0.029117 0.072326
2 0.636799 0.392668 0.063372 0.092505
12 0.396664 0.400275 0.057037 0.090053
2 0.476206 0.484843 0.152094 0.227610
6 0.675319 0.373585 0.014328 0.061132
6 0.689647 0.390566 0.011462 0.071321
6 0.698960 0.365095 0.010029 0.050943
6 0.720452 0.385472 0.024357 0.081510
6 0.702598 0.398844 0.025903 0.118442
6 0.782061 0.401180 0.027223 0.124811
6 0.831492 0.396085 0.037252 0.124811
6 0.873043 0.401180 0.054446 0.140094
6 0.936086 0.397359 0.040118 0.132453
6 0.948264 0.371887 0.027223 0.081510
6 0.966174 0.361698 0.020059 0.045849
6 0.298111 0.387047 0.016422 0.045602
6 0.063219 0.421902 0.026723 0.109198
6 0.278908 0.411445 0.018134 0.104587
6 0.261451 0.413748 0.025128 0.105653
6 0.186999 0.448014 0.032039 0.142065
6 0.009373 0.449484 0.018746 0.109344
6 0.365375 0.426624 0.033461 0.145135
8 0.556398 0.086179 0.020059 0.068774
8 0.579322 0.077264 0.022925 0.081510
9 0.812073 0.196712 0.053447 0.024933
9 0.771789 0.171952 0.017550 0.020563
9 0.766005 0.203506 0.013960 0.022691
9 0.711158 0.250682 0.014367 0.019100
9 0.681049 0.283986 0.022735 0.021981
8 0.784211 0.292076 0.017193 0.040755
8 0.804270 0.286981 0.031521 0.035660
2 0.426578 0.382548 0.013162 0.033327
2 0.580337 0.385030 0.015157 0.049636