9 0.272330 0.265426 0.027288 0.018018
9 0.722186 0.322253 0.011695 0.015246
8 0.264534 0.297998 0.008576 0.019405
8 0.256737 0.320867 0.010135 0.015246
8 0.709711 0.365221 0.008576 0.015246
8 0.644221 0.217608 0.010135 0.019405
8 0.656695 0.228696 0.010135 0.044353
8 0.418514 0.221766 0.009356 0.038809
8 0.431378 0.343737 0.007017 0.016632
8 0.501546 0.349281 0.007017 0.011088
8 0.404480 0.220380 0.009356 0.038809
7 0.896826 0.448383 0.052236 0.189887
0 0.894097 0.498280 0.051457 0.106725
0 0.792354 0.437294 0.027288 0.081776
7 0.794303 0.413732 0.021830 0.067916
8 0.745575 0.353439 0.007017 0.019405
6 0.409119 0.347202 0.005458 0.013860
6 0.036838 0.404723 0.032745 0.134446
6 0.317121 0.383239 0.008576 0.036037
2 0.538540 0.396406 0.035084 0.042967
2 0.474219 0.387397 0.010915 0.024949
2 0.449271 0.388090 0.009356 0.020791
2 0.442644 0.383932 0.005458 0.018018
2 0.436796 0.381160 0.009356 0.015246
2 0.400543 0.388090 0.021050 0.029107
2 0.416287 0.384179 0.011726 0.025314
2 0.459486 0.389975 0.018552 0.030103
2 0.498778 0.410267 0.052236 0.076232
6 0.372086 0.397792 0.009356 0.042967
6 0.360781 0.397099 0.008576 0.044353
6 0.353764 0.395020 0.005458 0.034651
6 0.137997 0.404723 0.024949 0.158008
6 0.107591 0.391555 0.026508 0.142762
7 0.191013 0.376309 0.031186 0.062372
0 0.191403 0.397099 0.027288 0.040195
8 0.723121 0.262654 0.005458 0.037423
8 0.717664 0.264733 0.005458 0.030493
6 0.871644 0.410267 0.014034 0.060986
9 0.260611 0.231537 0.023862 0.019963