2 0.573885 0.385105 0.022800 0.022286
2 0.523569 0.374896 0.018932 0.016828
2 0.487156 0.374896 0.021832 0.031787
2 0.398350 0.400049 0.036062 0.049412
2 0.361960 0.406010 0.047235 0.051832
2 0.308799 0.409488 0.048381 0.052355
2 0.252150 0.410102 0.076695 0.088523
2 0.113394 0.422041 0.040780 0.049686
2 0.866025 0.387985 0.012621 0.028047
2 0.845515 0.387050 0.019984 0.029917
2 0.806600 0.391725 0.062054 0.046745
2 0.797660 0.408553 0.056795 0.057964
2 0.185637 0.430056 0.072572 0.074792
2 0.446686 0.423604 0.084775 0.103026
2 0.623273 0.391526 0.037435 0.035130
2 0.551441 0.378636 0.013673 0.016828
2 0.539346 0.378636 0.014725 0.020568
2 0.523331 0.395726 0.023616 0.031264
2 0.561959 0.381441 0.013673 0.018698
2 0.763688 0.410423 0.066261 0.076662
2 0.880749 0.386115 0.016828 0.028047
2 0.902310 0.383603 0.036812 0.040550
2 0.729295 0.393594 0.025242 0.046745
0 0.714325 0.409799 0.022087 0.031787
7 0.710293 0.387050 0.018932 0.041136
8 0.525533 0.336254 0.006311 0.016828
2 0.586009 0.354328 0.009466 0.020568
9 0.650868 0.303220 0.017880 0.046745