9 0.357754 0.288543 0.025345 0.015597
9 0.334359 0.298075 0.021446 0.010398
9 0.819813 0.268614 0.021446 0.038126
9 0.556128 0.318004 0.010723 0.032927
9 0.822250 0.302407 0.020471 0.015597
8 0.031681 0.196695 0.012673 0.043325
8 0.236391 0.197561 0.008773 0.041592
8 0.242240 0.194095 0.006824 0.034660
8 0.502026 0.288543 0.007798 0.036393
8 0.509825 0.292009 0.007798 0.036393
6 0.874403 0.325802 0.021446 0.062388
6 0.841747 0.327535 0.024370 0.062388
2 0.131112 0.422850 0.100405 0.131707
2 0.184594 0.388663 0.022684 0.033715
2 0.217254 0.386499 0.023652 0.027812
2 0.269430 0.382255 0.026528 0.038501
2 0.241610 0.377533 0.019212 0.023744
2 0.062388 0.381258 0.035093 0.017330
2 0.549792 0.363928 0.042892 0.041592