9 0.552716 0.496502 0.021446 0.060655
9 0.483992 0.499088 0.018521 0.013837
9 0.473269 0.560623 0.014622 0.025995
2 0.964572 0.538094 0.038018 0.050257
2 0.906571 0.563222 0.038992 0.051990
2 0.879277 0.558890 0.052640 0.053723
2 0.830049 0.565822 0.030219 0.043325
2 0.802267 0.567555 0.060438 0.050257
2 0.768149 0.575353 0.019496 0.034660
2 0.751089 0.573620 0.038018 0.045058
2 0.718433 0.578819 0.023395 0.027728
2 0.691626 0.577953 0.026320 0.022529
2 0.672130 0.575353 0.022421 0.017330
2 0.183264 0.610013 0.019496 0.034660
2 0.158894 0.614346 0.040942 0.043325
2 0.140372 0.623011 0.062388 0.046791
12 0.063363 0.588351 0.126725 0.136906
2 0.355805 0.624744 0.009748 0.043325
2 0.391873 0.584018 0.007798 0.013864
2 0.395285 0.598749 0.012673 0.019063
2 0.408932 0.590950 0.010723 0.017330
2 0.407470 0.622144 0.013647 0.020796
1 0.374814 0.597882 0.018521 0.024262
2 0.336309 0.618678 0.037043 0.058922
2 0.315803 0.633621 0.027225 0.050681
2 0.286594 0.629076 0.050690 0.083184
2 0.434764 0.628209 0.048740 0.081451
2 0.375301 0.634275 0.037043 0.048524
2 0.228105 0.652471 0.111128 0.129974
2 0.630544 0.744867 0.272254 0.358291