2 0.467917 0.693211 0.013658 0.016996
2 0.456308 0.701709 0.015024 0.014568
2 0.452211 0.683499 0.015024 0.016996
2 0.437187 0.690783 0.028681 0.046133
2 0.502062 0.698399 0.054631 0.094031
2 0.351826 0.717492 0.024584 0.031565
2 0.326559 0.718706 0.023218 0.048561
2 0.305389 0.728418 0.021853 0.043705
2 0.280805 0.734734 0.035510 0.045641
2 0.241744 0.746628 0.038242 0.055845
2 0.197219 0.749357 0.057363 0.075870
2 0.139993 0.758057 0.069655 0.088415
2 0.065080 0.781053 0.102845 0.097320
3 0.015024 0.802474 0.030047 0.075270
2 0.563190 0.702923 0.037268 0.065558
2 0.567854 0.706565 0.030670 0.058273
2 0.581824 0.708993 0.046437 0.067986
2 0.588319 0.720749 0.029379 0.087505
2 0.654151 0.709072 0.112112 0.158288
2 0.717188 0.746628 0.149994 0.167536
2 0.398416 0.733662 0.093112 0.149764
8 0.343904 0.592447 0.010926 0.024281
8 0.334344 0.592447 0.008195 0.029137
8 0.498238 0.590018 0.010926 0.019424
8 0.490253 0.588384 0.007776 0.021013
9 0.547406 0.645864 0.010926 0.019424
9 0.967828 0.354323 0.051900 0.041277
9 0.204355 0.633550 0.016389 0.012140