8 0.441914 0.075937 0.012656 0.039375
8 0.941836 0.136875 0.010547 0.045000
8 0.454570 0.077812 0.010547 0.043125
8 0.435058 0.075937 0.011602 0.031875
8 0.958183 0.189375 0.013711 0.030000
9 0.550519 0.191055 0.022481 0.037890
9 0.411855 0.167812 0.011602 0.050625
9 0.417129 0.122812 0.009492 0.013125
9 0.400658 0.115636 0.015012 0.012164
9 0.557402 0.165000 0.007383 0.018750
9 0.556875 0.131250 0.016875 0.045000
9 0.557402 0.087187 0.015820 0.039375
9 0.557929 0.051562 0.010547 0.020625
9 0.495049 0.206512 0.026879 0.044476
2 0.579551 0.296250 0.043242 0.082500
2 0.274746 0.278437 0.102305 0.080625
2 0.386015 0.294375 0.097031 0.086250
2 0.697169 0.299707 0.148711 0.187500
2 0.507853 0.363295 0.162422 0.232176