2 0.632118 0.404251 0.035091 0.039926
2 0.439116 0.400508 0.033688 0.052403
2 0.926545 0.488277 0.145769 0.163834
2 0.134173 0.391566 0.042811 0.041174
2 0.194530 0.397805 0.042811 0.041174
2 0.235938 0.394062 0.038600 0.028697
2 0.264712 0.392190 0.011931 0.014972
2 0.278749 0.391566 0.013335 0.016220
2 0.293487 0.393438 0.013335 0.014972
2 0.315244 0.387200 0.021757 0.017468
2 0.419114 0.387823 0.006316 0.018715
2 0.461574 0.395933 0.008422 0.019963
2 0.471049 0.395310 0.009124 0.013725
2 0.599600 0.409034 0.028073 0.038678
2 0.503801 0.400300 0.014738 0.016220
2 0.523101 0.402172 0.022458 0.027449
9 0.485085 0.361206 0.013335 0.026201
9 0.751335 0.372435 0.030599 0.033688
9 0.803129 0.412985 0.008422 0.022458
9 0.761020 0.406123 0.007018 0.013725
9 0.661010 0.391151 0.007720 0.013725
2 0.576089 0.416104 0.017546 0.028697