9 0.292442 0.279012 0.058488 0.072786
9 0.357267 0.279878 0.055564 0.074519
9 0.315350 0.225289 0.067262 0.155969
9 0.240778 0.321470 0.013647 0.043325
9 0.818839 0.229621 0.013647 0.032927
9 0.777409 0.343132 0.018521 0.045058
9 0.789107 0.324936 0.028269 0.046791
9 0.021446 0.224422 0.040942 0.154236
8 0.005849 0.103980 0.011698 0.076252
8 0.210071 0.300674 0.010723 0.039859
8 0.208121 0.189763 0.010723 0.084917
9 0.135498 0.371727 0.007798 0.015597
9 0.010235 0.340533 0.018521 0.022529
6 0.983581 0.434114 0.031194 0.123042
6 0.943614 0.394256 0.023395 0.050257
9 0.638987 0.358729 0.010723 0.013864
9 0.585372 0.297208 0.006824 0.015597
2 0.139885 0.393389 0.026320 0.020796
2 0.118439 0.396855 0.036068 0.024262
2 0.037043 0.391656 0.025345 0.017330
2 0.128675 0.431515 0.052640 0.065854
2 0.012185 0.388190 0.020471 0.020796
2 0.009748 0.443646 0.019496 0.083184
2 0.052640 0.444512 0.101380 0.116110
2 0.625827 0.323203 0.029244 0.015597
2 0.584397 0.325802 0.020471 0.010398
2 0.666769 0.312805 0.040942 0.022529
2 0.816402 0.590363 0.365553 0.576527
2 0.439638 0.576220 0.553691 0.840501
9 0.250038 0.362195 0.012673 0.027728
8 0.264173 0.363062 0.009748 0.012131
8 0.250526 0.387324 0.007798 0.015597
2 0.631675 0.380392 0.033143 0.036393