9 0.483898 0.500390 0.016064 0.035156
9 0.405494 0.521214 0.006757 0.016946
9 0.417349 0.514178 0.009043 0.015857
8 0.369981 0.471093 0.006592 0.023437
8 0.315269 0.451172 0.007910 0.025781
8 0.337681 0.471093 0.005273 0.023437
8 0.364048 0.499218 0.005273 0.023437
8 0.379209 0.496875 0.003955 0.018750
9 0.392393 0.496875 0.006592 0.018750
8 0.265171 0.450000 0.005273 0.028125
2 0.347959 0.542675 0.018994 0.030663
2 0.315007 0.545017 0.023206 0.030661
2 0.286265 0.547769 0.031641 0.038837
2 0.375175 0.554021 0.043347 0.059145
2 0.164791 0.559454 0.031270 0.064221
2 0.092072 0.578561 0.136320 0.143072
2 0.016002 0.566015 0.029004 0.030469