2 0.532108 0.284600 0.013514 0.019405
2 0.522493 0.287372 0.008836 0.019405
2 0.510278 0.293378 0.016632 0.031417
2 0.503261 0.297998 0.009876 0.033265
2 0.488188 0.296065 0.028587 0.051915
2 0.482731 0.307700 0.017672 0.045277
2 0.473635 0.310934 0.023389 0.064682
2 0.432314 0.308162 0.074846 0.110883
2 0.397749 0.334959 0.075366 0.099795
2 0.542200 0.292916 0.006757 0.012936
2 0.552856 0.294302 0.016632 0.028645
2 0.561172 0.302156 0.013514 0.027721
2 0.570008 0.307238 0.019751 0.043429
2 0.587940 0.313860 0.036903 0.062834
2 0.594437 0.324025 0.019751 0.051745
2 0.606911 0.324949 0.014553 0.075770
2 0.633159 0.321715 0.067050 0.098871
2 0.658888 0.342659 0.094597 0.115503
2 0.778866 0.433830 0.190753 0.202361