2 0.106701 0.352136 0.018557 0.018557
2 0.086985 0.362445 0.037113 0.039175
2 0.046972 0.360200 0.052191 0.043666
2 0.138015 0.356259 0.055670 0.055670
2 0.209901 0.357441 0.030198 0.036161
2 0.232539 0.353903 0.033634 0.039175
2 0.277191 0.362150 0.020876 0.022680
2 0.305026 0.367305 0.011598 0.016495
2 0.291688 0.362150 0.024356 0.030928
2 0.254575 0.363476 0.033634 0.041237
2 0.336920 0.364536 0.015077 0.016495
2 0.316624 0.369022 0.011598 0.021343
2 0.368814 0.363505 0.009278 0.026804
12 0.403608 0.358763 0.023196 0.041237
2 0.382732 0.367010 0.025515 0.037113
9 0.202384 0.217526 0.017397 0.030928
9 0.202964 0.250516 0.020876 0.030928
8 0.198325 0.277320 0.009278 0.026804
8 0.213982 0.277320 0.008119 0.035052
8 0.396650 0.330928 0.006959 0.018557
8 0.419266 0.334021 0.005799 0.016495
2 0.421585 0.376289 0.012758 0.010309
2 0.436083 0.375258 0.011598 0.016495
2 0.449420 0.367010 0.017397 0.037113
2 0.461598 0.359794 0.025515 0.051546
2 0.468557 0.372165 0.013918 0.043299
2 0.488853 0.370103 0.038273 0.059794
2 0.708982 0.320619 0.038273 0.059794
2 0.657371 0.278351 0.044072 0.053608
2 0.780309 0.322680 0.034794 0.047423
2 0.748995 0.370512 0.085825 0.086598
8 0.552642 0.293814 0.010438 0.026804
8 0.776250 0.248454 0.026675 0.051546
8 0.757114 0.250516 0.013918 0.043299
9 0.720000 0.188660 0.020876 0.030928
9 0.751894 0.205155 0.022036 0.035052
9 0.757693 0.147423 0.015077 0.035052
6 0.700516 0.385567 0.023196 0.119588
2 0.035093 0.340100 0.027295 0.027728