9 0.639474 0.389057 0.023395 0.032927
9 0.542481 0.345732 0.012673 0.022529
9 0.541506 0.376059 0.012673 0.020796
9 0.541993 0.403787 0.011698 0.017330
9 0.564414 0.412452 0.013647 0.027728
9 0.775460 0.336200 0.034118 0.020796
8 0.012185 0.368261 0.018521 0.025995
8 0.040942 0.369994 0.015597 0.025995
8 0.549792 0.093582 0.019496 0.079718
8 0.569288 0.082317 0.019496 0.071053
8 0.790569 0.372593 0.013647 0.024262
8 0.765712 0.371727 0.008773 0.025995
8 0.450849 0.397722 0.006824 0.022529
8 0.512749 0.419384 0.007798 0.020796
8 0.348494 0.408120 0.006824 0.022529
2 0.762787 0.561239 0.316813 0.304505
2 0.451623 0.477051 0.052065 0.077886
2 0.567871 0.503276 0.098364 0.116427
2 0.406046 0.455779 0.028192 0.038122