9 0.516648 0.623877 0.007798 0.017330
9 0.493421 0.625610 0.013983 0.010398
9 0.469370 0.653338 0.006824 0.013864
9 0.436227 0.644673 0.006824 0.017330
2 0.502913 0.681932 0.013823 0.022529
2 0.516648 0.692330 0.021446 0.046791
2 0.529808 0.696663 0.022421 0.048524
2 0.551254 0.693197 0.032169 0.076252
2 0.561977 0.693197 0.030219 0.090116
2 0.578548 0.697529 0.045816 0.095315
2 0.638987 0.684532 0.119901 0.155969
2 0.736467 0.703841 0.162793 0.208452
2 0.410394 0.692330 0.015597 0.022529
2 0.395772 0.694063 0.015597 0.032927
2 0.387974 0.694063 0.015597 0.036393
2 0.377738 0.700129 0.016572 0.034660
2 0.365553 0.705328 0.017547 0.034660
2 0.349469 0.715726 0.032169 0.045058
2 0.284347 0.733478 0.038399 0.065009
2 0.247114 0.737135 0.041917 0.075104
2 0.222142 0.749610 0.025117 0.077802
12 0.106007 0.653275 0.212013 0.356871
2 0.878302 0.667594 0.241752 0.247566
2 0.442733 0.683665 0.017072 0.019063
8 0.480580 0.629076 0.005849 0.024262
8 0.439638 0.636874 0.005849 0.019063
8 0.404545 0.668068 0.003899 0.015597
2 0.455364 0.676734 0.015211 0.012481
9 0.257623 0.638252 0.019891 0.014561