2 0.507687 0.594379 0.016373 0.029107
2 0.430502 0.603388 0.022610 0.044353
2 0.410621 0.593686 0.017152 0.019405
2 0.393079 0.593686 0.021050 0.019405
2 0.366961 0.592300 0.035864 0.033265
2 0.340063 0.594379 0.022610 0.026335
2 0.308926 0.594379 0.030310 0.031879
2 0.231303 0.596458 0.017152 0.024949
2 0.201676 0.601309 0.026508 0.026335
2 0.166203 0.601309 0.030406 0.031879
2 0.135017 0.606160 0.038203 0.041581
2 0.045747 0.607546 0.051457 0.063758
2 0.089018 0.612397 0.075626 0.062372
2 0.010170 0.623714 0.020341 0.093322
2 0.531466 0.604081 0.026508 0.040195
2 0.553686 0.604774 0.038203 0.058214
2 0.559924 0.613090 0.025728 0.049897
2 0.584352 0.617248 0.041321 0.060986
2 0.471174 0.624178 0.084202 0.124743
8 0.203721 0.503824 0.014813 0.029107
8 0.222043 0.504517 0.014034 0.030493
8 0.315211 0.304928 0.011695 0.058214
8 0.303516 0.306314 0.014813 0.074846
8 0.632137 0.315323 0.017152 0.070688
8 0.722575 0.519764 0.014034 0.027721
8 0.708186 0.517916 0.015593 0.033265
8 0.457140 0.557880 0.007796 0.012474
8 0.479360 0.558573 0.005458 0.011088
9 0.523376 0.575344 0.008576 0.020791
9 0.698796 0.359815 0.025728 0.058214
9 0.717118 0.436047 0.023389 0.016632
9 0.699186 0.451293 0.024949 0.016632
9 0.220484 0.422880 0.028067 0.020791
9 0.415395 0.556632 0.009356 0.008316
9 0.545596 0.549563 0.012474 0.009702
6 0.886670 0.611892 0.029627 0.108111