9 0.684345 0.228766 0.100733 0.042468
9 0.855900 0.134210 0.024872 0.091837
9 0.894691 0.237527 0.045631 0.026020
8 0.864127 0.160996 0.030995 0.136225
12 0.296030 0.556888 0.104177 0.157653
2 0.743679 0.517377 0.052519 0.113265
2 0.342704 0.568162 0.039993 0.107691
2 0.861831 0.631378 0.274649 0.469898
2 0.548868 0.546429 0.380549 0.658164
6 0.304353 0.588521 0.032717 0.142347
8 0.178883 0.423244 0.014636 0.041327
6 0.150874 0.598623 0.018080 0.071939
6 0.130641 0.606123 0.013776 0.067347
6 0.120310 0.609184 0.020663 0.076531
6 0.102660 0.601531 0.018080 0.064286
6 0.056168 0.594643 0.012915 0.019898
2 0.094859 0.752147 0.189718 0.422237
9 0.171596 0.454159 0.025968 0.012477
9 0.188440 0.519039 0.025968 0.017468
8 0.911145 0.355591 0.034389 0.043669
9 0.871203 0.301228 0.043513 0.027449