8 0.406965 0.384572 0.010991 0.062171
8 0.490896 0.592271 0.006994 0.026904
8 0.597808 0.610164 0.004996 0.023092
8 0.974998 0.363257 0.017985 0.090592
8 0.993982 0.353487 0.011990 0.088816
9 0.834613 0.620822 0.022981 0.051513
6 0.283067 0.643914 0.032973 0.126118
2 0.257588 0.635033 0.017985 0.030197
2 0.242600 0.635921 0.027977 0.042632
2 0.215123 0.635033 0.032973 0.044408
2 0.179291 0.635536 0.034694 0.041862
2 0.153338 0.630737 0.028164 0.054242
2 0.093530 0.626801 0.099533 0.078634
2 0.027278 0.627528 0.052956 0.070076
2 0.528690 0.657237 0.010991 0.021316
1 0.509705 0.651262 0.024979 0.053567
2 0.542678 0.665611 0.026978 0.039079
2 0.577150 0.666499 0.023980 0.037303
2 0.630820 0.682105 0.019984 0.028421
2 0.641811 0.682105 0.017985 0.031974
2 0.655800 0.682993 0.021982 0.037303
2 0.674284 0.691875 0.038968 0.040855
2 0.693269 0.699868 0.030975 0.042632
2 0.719747 0.701645 0.043964 0.056842
2 0.754718 0.706974 0.059951 0.071053
2 0.780197 0.722961 0.050958 0.067500
2 0.848602 0.735361 0.120900 0.124409