2 0.414605 0.462629 0.014007 0.016008
2 0.403599 0.461739 0.014007 0.024901
2 0.390593 0.464407 0.020010 0.037352
2 0.368582 0.469743 0.032016 0.048024
2 0.337067 0.475079 0.055027 0.080040
2 0.441885 0.463636 0.010005 0.017787
2 0.449389 0.461858 0.009004 0.017787
2 0.452890 0.462747 0.010005 0.023123
2 0.455892 0.463636 0.008004 0.028459
2 0.458893 0.465415 0.010005 0.028459
2 0.460394 0.464526 0.009004 0.026680
2 0.463896 0.465415 0.008004 0.032016
2 0.467398 0.468083 0.013006 0.037352
2 0.469899 0.469862 0.008004 0.037352
2 0.478903 0.468083 0.020010 0.037352
2 0.511920 0.479644 0.062031 0.085376
2 0.558076 0.461384 0.030015 0.039130
2 0.200445 0.491621 0.166190 0.199210
2 0.094297 0.544644 0.188093 0.340475
2 0.729110 0.595850 0.252125 0.250791
2 0.862176 0.654546 0.274135 0.382411