8 0.481204 0.189711 0.015987 0.075316
8 0.669449 0.389369 0.015188 0.031263
8 0.497990 0.196105 0.014388 0.068211
8 0.349712 0.405711 0.007194 0.018474
8 0.409663 0.414237 0.008793 0.015632
2 0.347230 0.451805 0.016956 0.028241
2 0.366898 0.452605 0.019184 0.027000
2 0.298954 0.451184 0.009592 0.024158
2 0.289762 0.454026 0.013589 0.024158
2 0.280569 0.455447 0.015987 0.021316
2 0.272176 0.458290 0.011990 0.027000
2 0.257388 0.459711 0.027178 0.035526
2 0.159868 0.471079 0.039967 0.055421
2 0.111508 0.478895 0.075938 0.071053
2 0.056753 0.476763 0.047961 0.052579
2 0.030775 0.500921 0.059951 0.078158
2 0.407665 0.444790 0.015987 0.022737
2 0.432045 0.442658 0.023181 0.032684
2 0.470813 0.455447 0.027178 0.044053
2 0.496783 0.468585 0.037553 0.044749
9 0.426449 0.413526 0.013589 0.008526
9 0.657059 0.330395 0.025579 0.018474
9 0.664253 0.309790 0.031974 0.019895
9 0.654262 0.369474 0.011990 0.045474
9 0.492795 0.390079 0.010391 0.032684
2 0.220618 0.469658 0.033572 0.035526