8 0.742804 0.208826 0.021446 0.091849
9 0.683828 0.278145 0.034118 0.060655
8 0.757913 0.310206 0.022421 0.038126
6 0.891462 0.423716 0.039967 0.157702
6 0.960186 0.456643 0.077985 0.285944
2 0.384074 0.441046 0.017547 0.046791
2 0.289518 0.460976 0.042892 0.055456
12 0.255887 0.469641 0.075060 0.058922
2 0.233466 0.477439 0.047766 0.060655
2 0.085296 0.516432 0.114053 0.086650
2 0.174491 0.519898 0.130624 0.124775
2 0.411369 0.481420 0.079934 0.097750
2 0.537119 0.499142 0.177415 0.294528
2 0.451060 0.447890 0.029004 0.035156
1 0.338340 0.428203 0.072510 0.133594