8 0.561841 0.061364 0.017551 0.060324
8 0.623855 0.275617 0.015211 0.056163
8 0.944454 0.313059 0.019891 0.056163
8 0.625610 0.400424 0.011701 0.027042
8 0.606304 0.400424 0.010531 0.022881
8 0.532004 0.101926 0.018721 0.087365
8 0.330752 0.414985 0.009361 0.031202
8 0.413827 0.403544 0.009361 0.016641
8 0.419677 0.446187 0.007020 0.018721
8 0.427283 0.433706 0.008190 0.022881
2 0.382235 0.457627 0.016381 0.016641
2 0.367609 0.460748 0.015211 0.022881
2 0.435473 0.456587 0.012871 0.018721
2 0.443079 0.465948 0.014041 0.020801
2 0.452439 0.468028 0.021061 0.037442
2 0.460630 0.477389 0.021061 0.039522
2 0.403296 0.457627 0.021061 0.033282
2 0.307351 0.462828 0.030422 0.043683
2 0.278099 0.473228 0.023401 0.031202
2 0.264643 0.474268 0.031592 0.033282
2 0.345378 0.460748 0.022231 0.039522
2 0.324317 0.460748 0.026912 0.039522
2 0.228371 0.491950 0.040952 0.052003
2 0.477011 0.481549 0.025742 0.039522
2 0.638480 0.461788 0.037442 0.058243
2 0.760168 0.468028 0.117007 0.095686
2 0.871324 0.455547 0.053823 0.095686
2 0.938603 0.452427 0.057333 0.072804
9 0.495732 0.420185 0.007020 0.024961