9 0.866600 0.576844 0.014403 0.035564
2 0.535481 0.672462 0.120028 0.168289
2 0.470609 0.628158 0.018404 0.054057
2 0.461227 0.637160 0.009602 0.046944
2 0.449224 0.636449 0.014403 0.048367
2 0.424818 0.632893 0.040809 0.072550
2 0.387209 0.639835 0.047211 0.072208
2 0.246719 0.675205 0.166422 0.160020
2 0.599927 0.629388 0.012266 0.054159
2 0.612061 0.632893 0.020005 0.069705
2 0.635667 0.638583 0.046411 0.092466
2 0.663673 0.659921 0.052812 0.126607
2 0.760183 0.659249 0.202912 0.225313
2 0.349450 0.657989 0.043633 0.084375