2 0.500205 0.290524 0.010531 0.020801
2 0.491429 0.298498 0.016381 0.029815
2 0.507225 0.308205 0.017551 0.027042
2 0.538817 0.314099 0.031592 0.054083
2 0.116714 0.314099 0.046803 0.039522
1 0.151232 0.321238 0.054993 0.125090
2 0.065231 0.345619 0.105306 0.090403
12 0.224946 0.299538 0.119347 0.172650
2 0.560171 0.322419 0.050313 0.068644
2 0.617505 0.333860 0.012871 0.033282
12 0.688879 0.279777 0.134558 0.208012
12 0.848277 0.247535 0.202959 0.301618
9 0.404142 0.211133 0.030422 0.022881
9 0.252033 0.139368 0.028082 0.020801
9 0.258469 0.159130 0.029252 0.018721
8 0.404142 0.107126 0.011701 0.052003
8 0.550518 0.240948 0.008190 0.022881
6 0.972475 0.351690 0.024571 0.068644
6 0.991196 0.335049 0.015211 0.110247
12 0.596532 0.301808 0.047723 0.075104