9 0.072032 0.309375 0.027686 0.042187
9 0.204527 0.366797 0.010547 0.025781
9 0.495225 0.292969 0.011865 0.032812
8 0.391075 0.295312 0.003955 0.023437
8 0.395030 0.302344 0.003955 0.023437
8 0.385801 0.297656 0.003955 0.023437
8 0.306040 0.301172 0.005273 0.025781
8 0.311314 0.302344 0.005273 0.023437
2 0.360752 0.379687 0.009229 0.032812
2 0.345591 0.387713 0.023730 0.035510
2 0.324497 0.391406 0.021094 0.032812
2 0.297471 0.399124 0.040869 0.052935
2 0.245396 0.412378 0.052734 0.070932
2 0.151486 0.424896 0.082352 0.101530
2 0.203511 0.423798 0.021699 0.064783
2 0.413487 0.393432 0.101514 0.172802
2 0.567715 0.477757 0.264952 0.360202
2 0.771185 0.330469 0.063754 0.032812
1 0.611240 0.326953 0.077783 0.063281
2 0.661840 0.351128 0.031327 0.046006
2 0.911167 0.298828 0.018457 0.025781
2 0.889414 0.304687 0.019775 0.018750
2 0.860410 0.305859 0.019775 0.016406
2 0.948081 0.297656 0.029004 0.032812
8 0.938852 0.196875 0.007910 0.028125
9 0.875571 0.232031 0.013184 0.014062
9 0.547570 0.223843 0.013665 0.027763
9 0.538297 0.190874 0.014641 0.027763
2 0.988569 0.300417 0.022862 0.058414
2 0.736961 0.330320 0.026599 0.034771