8 0.520887 0.613010 0.006888 0.027551
8 0.339222 0.661225 0.005166 0.026020
8 0.515721 0.611480 0.005166 0.024490
8 0.212660 0.762245 0.010332 0.022959
8 0.610428 0.688776 0.012054 0.016837
9 0.061559 0.659694 0.012915 0.010714
9 0.064573 0.674235 0.005166 0.012245
9 0.055102 0.691072 0.020663 0.015306
9 0.068878 0.723215 0.029273 0.021429
9 0.229879 0.725511 0.006888 0.019898
9 0.557908 0.621429 0.017219 0.022959
6 0.675861 0.721684 0.010332 0.048980
6 0.696955 0.722449 0.012915 0.044388
6 0.702551 0.716327 0.006888 0.032143
6 0.645727 0.738521 0.012054 0.052041
6 0.658211 0.727806 0.014636 0.039796
6 0.155836 0.833419 0.013776 0.064286
2 0.372943 0.784184 0.007749 0.027551
2 0.362612 0.788011 0.018080 0.029082
2 0.352711 0.791837 0.012054 0.027551
2 0.342809 0.794898 0.021524 0.033673
2 0.332478 0.801021 0.021524 0.036735
2 0.318702 0.796429 0.028412 0.048980
2 0.615737 0.766582 0.043909 0.075000
2 0.574893 0.782722 0.084375 0.107143
2 0.255043 0.851299 0.142060 0.186135
2 0.071774 0.861179 0.143547 0.169159
2 0.451344 0.788079 0.154114 0.304592
1 0.831462 0.498504 0.332334 0.997007