2 0.151875 0.401811 0.023917 0.017008
2 0.234390 0.449646 0.098061 0.044646
2 0.292629 0.449646 0.029897 0.027638
2 0.346443 0.441142 0.044247 0.031890
2 0.459452 0.447520 0.011959 0.023386
2 0.451679 0.448583 0.017938 0.038268
2 0.467823 0.445394 0.009567 0.031890
2 0.473204 0.445394 0.015546 0.040394
2 0.527018 0.451772 0.020330 0.036142
2 0.633303 0.446982 0.019556 0.037218
2 0.817633 0.473953 0.133181 0.123025
12 0.314991 0.434764 0.023917 0.019134
9 0.364620 0.403937 0.032288 0.034016
9 0.521996 0.431575 0.010763 0.021260
9 0.646844 0.247677 0.115999 0.099921
2 0.575231 0.477747 0.109101 0.143255
2 0.496165 0.451772 0.053814 0.074409
2 0.405762 0.485396 0.101162 0.164117
2 0.928468 0.525035 0.140490 0.210014
1 0.579397 0.398051 0.099257 0.081221