8 0.204222 0.292876 0.014622 0.058922
9 0.524447 0.472240 0.017547 0.046791
9 0.522984 0.413319 0.024370 0.067587
9 0.488379 0.429782 0.009748 0.020796
2 0.342158 0.530295 0.013647 0.020796
2 0.328998 0.535494 0.018521 0.024262
2 0.371402 0.547625 0.048740 0.062388
2 0.443036 0.554621 0.045843 0.059048
2 0.108691 0.545026 0.065312 0.064121
2 0.039967 0.567555 0.079934 0.147304
2 0.032169 0.498235 0.062388 0.057189
9 0.096993 0.518165 0.018521 0.034660
2 0.185701 0.532028 0.014622 0.031194
9 0.151583 0.486104 0.012673 0.036393
3 0.215433 0.569235 0.038992 0.102141
7 0.215433 0.534628 0.035093 0.098781
6 0.491791 0.557157 0.016572 0.071053
6 0.489841 0.558890 0.012673 0.067587
0 0.603893 0.576220 0.059463 0.060655
3 0.578548 0.556290 0.063363 0.090116
2 0.010235 0.705328 0.020471 0.131707
3 0.680416 0.567555 0.040942 0.091849
6 0.817864 0.545026 0.019496 0.109178
6 0.784233 0.541560 0.018521 0.081451
6 0.852957 0.559756 0.021446 0.055456
6 0.840284 0.551958 0.015597 0.071053
6 0.953362 0.575353 0.023395 0.117843
6 0.890974 0.536361 0.015597 0.036393
3 0.903647 0.608280 0.081884 0.093582
7 0.905109 0.562356 0.041917 0.133440
6 0.931429 0.602215 0.043866 0.109178
8 0.152557 0.450578 0.008773 0.034660
8 0.137448 0.455777 0.013647 0.020796
8 0.490328 0.467908 0.013647 0.027728
9 0.203247 0.250417 0.012673 0.019063
12 0.417296 0.511351 0.045611 0.109425