2 0.364835 0.394386 0.015024 0.033993
2 0.151090 0.408955 0.032779 0.043705
2 0.440957 0.398028 0.033420 0.060701
2 0.299028 0.400088 0.019989 0.025972
2 0.273327 0.402884 0.025950 0.031565
2 0.217281 0.404602 0.028582 0.025288
2 0.115345 0.431971 0.074222 0.085082
2 0.350487 0.403919 0.034423 0.043345
2 0.400947 0.403612 0.063369 0.110718
2 0.026377 0.425913 0.052753 0.053494
2 0.706964 0.473298 0.243109 0.259802
9 0.527363 0.345825 0.015024 0.014568
9 0.527363 0.357965 0.009560 0.019424
9 0.465220 0.269341 0.035510 0.016996
9 0.441319 0.268127 0.012292 0.024281
9 0.334105 0.279053 0.013658 0.021853
8 0.319764 0.277839 0.015024 0.033993
8 0.367566 0.274197 0.012292 0.031565
8 0.411954 0.270555 0.010926 0.033993
8 0.157919 0.221994 0.016389 0.048561
8 0.084849 0.221994 0.015024 0.048561
9 0.136749 0.219566 0.023218 0.038849
9 0.015450 0.045960 0.030901 0.075270