9 0.688638 0.335801 0.071120 0.028550
9 0.764728 0.424509 0.011471 0.018353
9 0.783655 0.438784 0.024089 0.018353
8 0.030207 0.471752 0.016059 0.089728
8 0.631857 0.314728 0.021795 0.077492
8 0.791111 0.504381 0.018353 0.032628
8 0.768743 0.510498 0.012618 0.028550
8 0.020456 0.547205 0.026383 0.040785
8 0.005544 0.548225 0.010324 0.034668
8 0.600694 0.313708 0.020648 0.075453
2 0.275684 0.611782 0.029824 0.036707
2 0.392688 0.617900 0.022942 0.044864
2 0.682501 0.644411 0.077276 0.089728
2 0.177035 0.604645 0.032119 0.018353
2 0.133113 0.628097 0.053430 0.057100
2 0.407026 0.625038 0.040148 0.055060
2 0.319361 0.630502 0.045710 0.048209
2 0.195388 0.645430 0.096356 0.087689
2 0.493159 0.669902 0.152764 0.246752
2 0.835848 0.769826 0.325774 0.454758