9 0.257623 0.267643 0.087755 0.124807
9 0.344208 0.265563 0.080735 0.124807
9 0.430208 0.264523 0.079565 0.126888
9 0.403967 0.412905 0.025742 0.049923
9 0.441409 0.411865 0.028082 0.056163
9 0.469491 0.409785 0.028082 0.052003
9 0.681273 0.428506 0.021061 0.039522
9 0.661967 0.427466 0.022231 0.033282
9 0.512783 0.446187 0.018721 0.033282
9 0.131340 0.396264 0.042123 0.066564
9 0.176973 0.398344 0.039782 0.066564
9 0.218511 0.395224 0.040952 0.068644
9 0.215585 0.447227 0.028082 0.031202
2 0.202130 0.478429 0.029252 0.027042
2 0.158837 0.483629 0.026912 0.024961
2 0.087463 0.506510 0.024571 0.024961
2 0.040075 0.505470 0.028082 0.031202
2 0.309191 0.456587 0.011701 0.012481
2 0.336688 0.473228 0.012871 0.016641
2 0.329667 0.492990 0.024571 0.014561
2 0.367110 0.490909 0.017551 0.014561
2 0.434389 0.487789 0.011701 0.016641
2 0.476511 0.492990 0.014041 0.014561
2 0.460715 0.494218 0.015211 0.020425