2 0.247287 0.608372 0.032224 0.019926
2 0.280913 0.605881 0.023818 0.014945
2 0.325747 0.603390 0.015412 0.014945
2 0.338356 0.597163 0.015412 0.012454
2 0.571983 0.561047 0.008406 0.019926
2 0.585293 0.569765 0.012610 0.012454
2 0.559374 0.567274 0.014011 0.017435
2 0.495625 0.559802 0.012610 0.012454
2 0.562876 0.588446 0.015412 0.019926
2 0.532053 0.585955 0.012610 0.019926
2 0.519443 0.593427 0.021016 0.039852
2 0.587395 0.582219 0.014011 0.022417
2 0.545013 0.601094 0.030823 0.039463
2 0.771931 0.593299 0.055234 0.060034
9 0.698079 0.553575 0.028021 0.019926
2 0.981093 0.611485 0.036428 0.092159
2 0.684776 0.641704 0.124710 0.151279
2 0.419068 0.671707 0.182538 0.230757
2 0.127497 0.697417 0.254993 0.199262
9 0.588796 0.529290 0.028021 0.012454