2 0.227781 0.337784 0.056427 0.040806
2 0.309552 0.331833 0.022953 0.025504
2 0.376500 0.332683 0.009564 0.023804
2 0.332027 0.333533 0.004782 0.018703
2 0.522987 0.436682 0.018171 0.076511
2 0.556939 0.439232 0.063122 0.108816
2 0.566981 0.462185 0.058340 0.107116
2 0.649709 0.452834 0.140271 0.217632
2 0.806526 0.499024 0.307002 0.345151
2 0.343345 0.331549 0.017215 0.023804
2 0.362951 0.330699 0.020084 0.032305
12 0.476283 0.397009 0.063122 0.103715
2 0.928497 0.568735 0.142502 0.385957
9 0.533667 0.341326 0.011477 0.010202
9 0.528885 0.354928 0.007651 0.013602
9 0.523625 0.340476 0.006695 0.015302
9 0.106638 0.275866 0.012433 0.018703
9 0.108072 0.289468 0.007651 0.008501
9 0.306524 0.299670 0.027735 0.022103
9 0.341432 0.300520 0.013389 0.017003
9 0.405988 0.307321 0.006695 0.013602