6 0.530818 0.401030 0.010423 0.034412
6 0.547197 0.403677 0.007445 0.034412
6 0.565809 0.406324 0.008934 0.039706
1 0.477189 0.389319 0.028237 0.058637
1 0.432546 0.366618 0.028290 0.023824
12 0.390855 0.379853 0.031268 0.050294
2 0.288860 0.400445 0.041691 0.080890
2 0.026801 0.411618 0.041691 0.066177
2 0.069237 0.412941 0.072960 0.063529
2 0.136241 0.447353 0.126563 0.111177
2 0.335763 0.411618 0.064026 0.092647
2 0.424357 0.455294 0.110184 0.158824
2 0.789006 0.457941 0.418401 0.375883
9 0.238235 0.239559 0.020846 0.023824
9 0.238235 0.267353 0.017868 0.015882
9 0.131030 0.250147 0.032757 0.013235
9 0.117629 0.287206 0.014890 0.060882
9 0.695350 0.157500 0.035735 0.034412
9 0.131030 0.272647 0.011912 0.015882
8 0.361076 0.252794 0.007445 0.034412
8 0.518907 0.256765 0.010423 0.037059
8 0.225579 0.326912 0.019357 0.029118
8 0.598567 0.353383 0.017868 0.029118
8 0.687160 0.218383 0.010423 0.045000
9 0.705028 0.231618 0.025313 0.018529
9 0.693861 0.277941 0.029779 0.015882
9 0.591122 0.322941 0.020846 0.015882