2 0.146243 0.510431 0.292485 0.303199
9 0.108928 0.133212 0.035203 0.051854
9 0.109430 0.180596 0.048278 0.050066
9 0.112448 0.234238 0.034197 0.053642
9 0.111945 0.286093 0.035203 0.057219
9 0.206490 0.126060 0.035203 0.041126
9 0.207998 0.159139 0.034197 0.017881
9 0.207998 0.192219 0.040232 0.037550
9 0.209004 0.228874 0.032185 0.035762
9 0.209004 0.264636 0.026151 0.025033
9 0.669155 0.322748 0.017099 0.048278
8 0.138598 0.294139 0.012070 0.037550
8 0.976928 0.318278 0.011064 0.035762
8 0.995536 0.313808 0.006035 0.030397
9 0.978437 0.145728 0.040232 0.062583
9 0.979443 0.201159 0.038220 0.019669
9 0.987489 0.067053 0.022127 0.066159
9 0.473025 0.333477 0.011064 0.019669
2 0.404128 0.415728 0.036209 0.055430
2 0.469505 0.409470 0.028162 0.032185
2 0.514766 0.418411 0.032185 0.039338
2 0.360879 0.407682 0.012070 0.014305
2 0.343781 0.405000 0.016093 0.016093
2 0.441343 0.404106 0.018104 0.025033
8 0.374457 0.352252 0.005029 0.021457
8 0.423741 0.344205 0.007041 0.019669