2 0.817317 0.459710 0.036437 0.040245
2 0.443621 0.492784 0.090464 0.078351
1 0.516108 0.472455 0.070747 0.095425
2 0.570329 0.489691 0.035374 0.047423
2 0.881779 0.464080 0.043982 0.049161
2 0.940251 0.466477 0.070644 0.056737
2 0.706946 0.476356 0.092887 0.068150
2 0.381681 0.458989 0.031096 0.041689
9 0.618750 0.360825 0.025515 0.055670
8 0.749807 0.424742 0.015077 0.024742
8 0.114705 0.075440 0.031965 0.044353
2 0.642038 0.491003 0.019491 0.042967
2 0.602112 0.492760 0.035413 0.049251
12 0.772239 0.471252 0.017932 0.033265
8 0.094961 0.023563 0.026508 0.041581
8 0.139790 0.041581 0.033525 0.044353