2 0.288517 0.640398 0.023140 0.032138
2 0.258885 0.646841 0.025696 0.038723
2 0.233188 0.649533 0.027469 0.037806
2 0.199851 0.658060 0.044522 0.058010
2 0.146613 0.671071 0.069478 0.073713
2 0.059933 0.679104 0.119538 0.113419
2 0.479056 0.613352 0.018608 0.025035
2 0.500934 0.613565 0.014177 0.033081
2 0.523529 0.624592 0.020380 0.039382
2 0.543466 0.631680 0.014177 0.047258
2 0.562074 0.640344 0.026583 0.055134
2 0.588213 0.646645 0.025696 0.064586
2 0.636948 0.640473 0.087722 0.107093
2 0.427332 0.639975 0.060254 0.080338
2 0.338154 0.640397 0.061392 0.076344
2 0.383757 0.624518 0.018035 0.030520
2 0.749132 0.666752 0.154031 0.145742
8 0.474646 0.538215 0.015950 0.025204
8 0.425026 0.577071 0.008861 0.015753
2 0.890777 0.694715 0.218446 0.285118