8 0.263788 0.329242 0.011188 0.034807
8 0.244210 0.416259 0.008391 0.029834
8 0.828775 0.324270 0.011188 0.034807
8 0.126737 0.313188 0.016782 0.067626
2 0.448213 0.526243 0.015383 0.009945
2 0.418146 0.546133 0.016782 0.034807
2 0.402762 0.538674 0.019579 0.034807
2 0.368639 0.527395 0.018459 0.067308
2 0.432131 0.544889 0.008391 0.032320
2 0.327244 0.524171 0.061533 0.088675
2 0.444717 0.548619 0.022376 0.024862
2 0.485273 0.542403 0.027970 0.037293
2 0.516547 0.544889 0.026189 0.037293
2 0.463827 0.545624 0.015844 0.025879
9 0.511145 0.469061 0.015383 0.009945
9 0.509746 0.479006 0.006992 0.019890
8 0.511844 0.504282 0.011188 0.017403
2 0.739971 0.513101 0.387379 0.253353
9 0.097740 0.153984 0.031641 0.049219
9 0.973130 0.309844 0.047461 0.032812
2 0.384127 0.525730 0.015647 0.069541
6 0.076278 0.447844 0.014864 0.041725