2 0.283451 0.358068 0.007362 0.035526
2 0.429647 0.384245 0.030501 0.061704
2 0.605292 0.372092 0.030501 0.018698
2 0.676286 0.378636 0.029449 0.020568
2 0.645259 0.373026 0.028398 0.016828
2 0.736026 0.389855 0.047540 0.035526
2 0.874965 0.394637 0.091504 0.052139
2 0.938071 0.376766 0.062054 0.035526
2 0.803970 0.401074 0.090452 0.061704
2 0.237173 0.360873 0.045226 0.071053
2 0.185431 0.378075 0.081398 0.093490
2 0.351290 0.388672 0.136730 0.229360
2 0.484864 0.409862 0.098866 0.119668
2 0.023139 0.395090 0.046278 0.110319
8 0.090978 0.327216 0.013673 0.018698
8 0.083090 0.270187 0.004207 0.020568
8 0.091504 0.272057 0.008414 0.016828
8 0.278718 0.288885 0.008414 0.016828
8 0.284503 0.306648 0.009466 0.014958
8 0.407034 0.304779 0.006311 0.018698
8 0.509844 0.324879 0.009466 0.016828
8 0.460937 0.294962 0.004207 0.016828
8 0.846409 0.352926 0.009466 0.013089
8 0.793295 0.354796 0.008414 0.009349
8 0.968940 0.277199 0.008414 0.018698
2 0.705472 0.389387 0.013673 0.033657
1 0.217716 0.317867 0.048381 0.014958
9 0.417025 0.282808 0.011569 0.022438
9 0.417025 0.310855 0.013673 0.029917
9 0.042071 0.319737 0.010518 0.011219
9 0.248217 0.305713 0.010518 0.009349