2 0.284851 0.462646 0.025228 0.066545
2 0.254577 0.469739 0.035320 0.071761
2 0.220519 0.476466 0.040365 0.094186
2 0.178892 0.475345 0.052980 0.091943
2 0.127174 0.505619 0.060548 0.085216
2 0.489201 0.440586 0.017660 0.022425
2 0.505600 0.440586 0.020183 0.026910
2 0.536212 0.452401 0.019924 0.040612
2 0.555170 0.454590 0.023967 0.052784
2 0.577235 0.457018 0.027499 0.066131
2 0.597053 0.455162 0.036581 0.082973
2 0.629142 0.466908 0.054241 0.106515
2 0.730763 0.460768 0.150109 0.188372
2 0.881181 0.522615 0.235268 0.217878
2 0.041512 0.520195 0.083024 0.100914
2 0.390180 0.452920 0.036581 0.056063
2 0.337783 0.465812 0.071903 0.095402
8 0.472803 0.401342 0.017660 0.029153
8 0.424869 0.404705 0.017660 0.026910
9 0.681810 0.282869 0.023595 0.051013
2 0.434167 0.441876 0.014305 0.014835
2 0.520432 0.446642 0.017221 0.040546