9 0.681920 0.478317 0.012915 0.044388
9 0.665131 0.509082 0.006888 0.044694
2 0.334917 0.534490 0.013776 0.015306
2 0.318989 0.532194 0.014636 0.013776
2 0.376244 0.532959 0.012054 0.009184
2 0.364190 0.532959 0.012054 0.015306
2 0.349984 0.534490 0.014636 0.018367
2 0.302631 0.530663 0.016358 0.016837
2 0.288425 0.529898 0.012054 0.018367
2 0.276371 0.529898 0.015497 0.015306
2 0.260443 0.526684 0.016358 0.018673
2 0.448350 0.525766 0.006027 0.013776
2 0.460404 0.532653 0.024968 0.033673
2 0.569747 0.549009 0.055102 0.071370
2 0.592993 0.534949 0.015497 0.019898
2 0.609351 0.552551 0.034439 0.042857
2 0.631306 0.559439 0.040466 0.044388
2 0.829114 0.734507 0.339222 0.405612
2 0.247098 0.526531 0.017219 0.019898
2 0.426180 0.554847 0.055102 0.088776
2 0.671556 0.566327 0.068878 0.071939
2 0.508095 0.520533 0.077487 0.153250