2 0.890000 0.688864 0.212508 0.358729
2 0.074085 0.629942 0.087733 0.077985
2 0.128187 0.626477 0.032169 0.067587
2 0.164255 0.622144 0.014622 0.062388
2 0.221281 0.607396 0.033143 0.039894
2 0.358729 0.637741 0.130624 0.214891
1 0.404058 0.575353 0.100405 0.173299
6 0.614129 0.609147 0.021446 0.098781
6 0.552229 0.590950 0.016572 0.079718
6 0.599994 0.601348 0.010723 0.072786
9 0.792519 0.426316 0.035093 0.062388
9 0.511774 0.562356 0.029244 0.074519
9 0.498614 0.505167 0.016572 0.032927
9 0.265635 0.482638 0.028269 0.029461
8 0.171566 0.337933 0.031194 0.114377
2 0.286106 0.607414 0.010723 0.012131
2 0.278795 0.605681 0.007798 0.012131