6 0.099133 0.456654 0.023862 0.091081
2 0.376003 0.462893 0.070884 0.096072
2 0.419601 0.446195 0.031411 0.059597
12 0.588170 0.426014 0.078336 0.122418
2 0.547599 0.444177 0.014738 0.051155
2 0.532159 0.441058 0.024564 0.037431
2 0.518122 0.437315 0.011931 0.029945
12 0.508999 0.429205 0.022458 0.041174
12 0.476715 0.432324 0.016844 0.029945
6 0.726915 0.457278 0.023862 0.099815
6 0.967291 0.454783 0.048426 0.162200
9 0.497769 0.379298 0.008422 0.016220
9 0.434254 0.381169 0.004913 0.009982
9 0.818508 0.170255 0.023151 0.044808
6 0.186861 0.444801 0.016844 0.067375
7 0.138435 0.461021 0.022458 0.097320
6 0.130364 0.459773 0.014738 0.077357
7 0.232480 0.461021 0.012633 0.062384
6 0.223707 0.454783 0.011931 0.057394
6 0.239849 0.454783 0.007720 0.064880
6 0.166859 0.449168 0.011931 0.066128
6 0.157735 0.466012 0.020353 0.087338
6 0.269676 0.452911 0.016844 0.058641
6 0.279502 0.455407 0.011229 0.053651
6 0.327226 0.441682 0.011229 0.046164
2 0.450045 0.438563 0.015440 0.019963
2 0.460924 0.437939 0.011931 0.016220
2 0.487944 0.433572 0.011229 0.022458
6 0.308628 0.446673 0.013335 0.051155
9 0.833441 0.209985 0.020271 0.026335
9 0.812780 0.212064 0.021050 0.033265