2 0.589217 0.480955 0.007017 0.009702
2 0.582590 0.494815 0.009356 0.015246
2 0.561150 0.532238 0.031965 0.045739
2 0.720977 0.580056 0.155149 0.160780
2 0.606564 0.523922 0.018711 0.011088
2 0.544582 0.530159 0.010135 0.020791
2 0.530159 0.530852 0.017152 0.027721
9 0.500844 0.450185 0.121625 0.024949
9 0.614283 0.443254 0.056914 0.019405
9 0.739026 0.310620 0.070948 0.028737
9 0.771381 0.339302 0.010915 0.019405
9 0.771771 0.364943 0.013254 0.015246
9 0.799448 0.357320 0.015593 0.011088
9 0.857142 0.256140 0.070168 0.030493
9 0.664570 0.425236 0.020271 0.008316
9 0.687907 0.449070 0.056134 0.027708
7 0.509109 0.539168 0.026508 0.077618
3 0.510018 0.562269 0.024169 0.066530
9 0.297279 0.475688 0.021050 0.030493