8 0.132143 0.085890 0.020330 0.051024
8 0.294183 0.092480 0.011959 0.036142
8 0.286410 0.094606 0.010763 0.036142
8 0.261895 0.215787 0.011959 0.014882
8 0.638593 0.209410 0.014350 0.014882
8 0.498078 0.230669 0.005979 0.019134
8 0.949996 0.150945 0.016742 0.029764
8 0.948203 0.011693 0.020330 0.023386
8 0.912327 0.083976 0.017938 0.065906
8 0.838781 0.123038 0.014350 0.050486
8 0.799915 0.169016 0.013155 0.014882
8 0.819647 0.060591 0.016742 0.048898
8 0.927873 0.150945 0.020330 0.029764
8 0.543402 0.116929 0.007175 0.021260
8 0.533835 0.117992 0.007175 0.027638
8 0.538020 0.117992 0.008371 0.031890
9 0.346201 0.184638 0.009332 0.013401
9 0.265482 0.123307 0.019134 0.017008
9 0.250534 0.177520 0.015546 0.014882
9 0.627232 0.161575 0.017938 0.012756
9 0.891399 0.147891 0.011959 0.049168
2 0.970924 0.266448 0.056206 0.052424
2 0.818571 0.265318 0.099257 0.067172
6 0.229606 0.282756 0.014350 0.068032
6 0.218844 0.282756 0.009567 0.063780
6 0.302554 0.276378 0.011959 0.042520
6 0.724695 0.263622 0.009567 0.089291
6 0.707355 0.263622 0.013155 0.059528
6 0.671479 0.268937 0.010763 0.057402
6 0.663108 0.268937 0.008371 0.057402
6 0.593748 0.272126 0.013155 0.055276
6 0.289998 0.276944 0.013155 0.056407
6 0.645768 0.272126 0.011959 0.051024
6 0.681644 0.267874 0.014350 0.059528
6 0.761169 0.268937 0.020330 0.078661
0 0.723499 0.290197 0.040659 0.040394
9 0.819647 0.076535 0.023917 0.021260
2 0.512429 0.252992 0.010763 0.012756
2 0.492697 0.256181 0.014350 0.014882
2 0.475955 0.258307 0.009567 0.014882
2 0.456821 0.260433 0.031093 0.044646
2 0.524985 0.249803 0.014350 0.023386
2 0.551892 0.252992 0.025113 0.034016
2 0.427522 0.270000 0.034680 0.046772
1 0.070721 0.285945 0.141112 0.567638