8 0.688722 0.401021 0.015497 0.024490
2 0.652733 0.449388 0.012054 0.018367
2 0.637236 0.448623 0.017219 0.026020
2 0.620878 0.450919 0.018941 0.033673
2 0.548556 0.483827 0.037883 0.105612
2 0.510673 0.480766 0.041327 0.117857
2 0.705253 0.450919 0.027551 0.033673
2 0.719459 0.457806 0.031856 0.059694
2 0.740983 0.465459 0.052519 0.065816
2 0.758633 0.478470 0.055102 0.082653
2 0.793072 0.496837 0.065434 0.101020
2 0.837840 0.516886 0.096661 0.161263
2 0.917632 0.568127 0.160929 0.265846
2 0.410987 0.483419 0.206633 0.234184
2 0.589208 0.465051 0.046492 0.062755
2 0.672292 0.443397 0.021524 0.031692