2 0.496777 0.446195 0.009564 0.010202
2 0.485779 0.440244 0.010520 0.018703
2 0.490083 0.452996 0.009564 0.013602
2 0.495821 0.458947 0.007651 0.018703
2 0.489604 0.474249 0.012433 0.022103
2 0.465216 0.443645 0.009564 0.011902
2 0.469998 0.449595 0.013389 0.017003
2 0.490561 0.474249 0.018171 0.018703
2 0.477650 0.468298 0.013389 0.017003
2 0.473824 0.481050 0.017215 0.022103
2 0.462826 0.461497 0.014346 0.020403
2 0.444176 0.447045 0.011477 0.018703
2 0.448958 0.465748 0.019128 0.022103
2 0.430308 0.449595 0.014346 0.020403
2 0.439394 0.458097 0.015302 0.020403
2 0.437959 0.477650 0.018171 0.028904
2 0.448958 0.507404 0.028692 0.020403
2 0.407833 0.456396 0.021041 0.023804
2 0.410702 0.464048 0.021041 0.022103
2 0.419788 0.495502 0.021997 0.027204
2 0.440350 0.484451 0.015302 0.025504
2 0.398269 0.482750 0.022953 0.025504
2 0.377228 0.502303 0.026779 0.030605
2 0.333234 0.472549 0.019128 0.028904
2 0.347580 0.479350 0.024866 0.025504
12 0.332756 0.537158 0.087032 0.093514
2 0.274416 0.571163 0.043038 0.035705
2 0.282067 0.482750 0.029648 0.022103
2 0.246203 0.524407 0.030605 0.044207
2 0.174473 0.523556 0.045907 0.025504
2 0.132870 0.558412 0.029648 0.044207
12 0.178777 0.580515 0.111898 0.112217
2 0.063532 0.554161 0.065035 0.056108
2 0.025276 0.597517 0.049732 0.040806
2 0.075965 0.458097 0.036343 0.030605
2 0.107048 0.464898 0.039212 0.034005
2 0.494865 0.423241 0.009564 0.015302
2 0.484823 0.416440 0.012433 0.011902
2 0.469042 0.431743 0.013389 0.011902
2 0.455653 0.421541 0.011477 0.008501
2 0.456609 0.430893 0.013389 0.017003
2 0.430308 0.436844 0.014346 0.015302
2 0.381532 0.427492 0.012433 0.017003
2 0.353797 0.433443 0.016259 0.015302
2 0.438438 0.425185 0.015302 0.015302
2 0.414050 0.426035 0.018171 0.017003
2 0.395400 0.414983 0.011477 0.018703
2 0.383923 0.414983 0.013389 0.015302
2 0.357622 0.418384 0.016259 0.015302
2 0.340885 0.414983 0.015302 0.018703
2 0.346624 0.447288 0.019128 0.018703
2 0.385836 0.437937 0.017215 0.020403
2 0.322236 0.435993 0.020084 0.023804
2 0.265809 0.417291 0.018171 0.023804
2 0.282067 0.436844 0.020084 0.018703
2 0.272982 0.457247 0.024866 0.025504
2 0.229466 0.452996 0.033474 0.030605
2 0.195514 0.444495 0.028692 0.030605
2 0.151520 0.423241 0.026779 0.025504
2 0.900706 0.562260 0.197447 0.190839
2 0.646043 0.461133 0.320391 0.641481
9 0.811194 0.447751 0.030605 0.056108
9 0.832713 0.460503 0.025823 0.057809