2 0.559846 0.386730 0.014396 0.021327
2 0.549649 0.397393 0.013196 0.042654
2 0.569443 0.407596 0.016795 0.054529
2 0.532254 0.406998 0.043187 0.053333
2 0.505262 0.389929 0.015595 0.031991
2 0.492666 0.397393 0.028791 0.034123
2 0.477071 0.398459 0.031191 0.040521
2 0.467474 0.406990 0.043187 0.053318
2 0.448279 0.412322 0.052784 0.055450
2 0.423087 0.416587 0.055184 0.068246
2 0.400294 0.420853 0.067180 0.072512
2 0.287527 0.415521 0.067180 0.061848
2 0.327715 0.430450 0.183545 0.095972
12 0.769126 0.414099 0.461747 0.828198