8 0.576825 0.398783 0.008993 0.030197
8 0.492395 0.464507 0.007993 0.015987
8 0.497890 0.489375 0.004996 0.015987
8 0.456424 0.495592 0.007993 0.010658
8 0.426949 0.466283 0.010991 0.019539
8 0.334525 0.391678 0.011990 0.030197
8 0.593811 0.435197 0.010991 0.017763
2 0.454426 0.516908 0.019984 0.024868
2 0.435442 0.520461 0.021982 0.031974
2 0.411461 0.515132 0.025979 0.028421
2 0.374492 0.519572 0.019984 0.026645
2 0.346070 0.523125 0.028867 0.037303
2 0.282217 0.528647 0.054656 0.055451
2 0.232075 0.537336 0.042897 0.065724
2 0.174656 0.541776 0.075938 0.095921
2 0.106712 0.555987 0.091924 0.099474
2 0.036870 0.579079 0.073739 0.113684
8 0.222617 0.471612 0.005995 0.026645
2 0.490396 0.508914 0.017985 0.015987
2 0.509381 0.511579 0.015987 0.028421
2 0.526866 0.508914 0.012989 0.026645
2 0.542354 0.514243 0.011990 0.037303
2 0.564336 0.506250 0.029975 0.039079
2 0.667251 0.524013 0.075938 0.092368
2 0.725703 0.549770 0.086928 0.104803
2 0.857140 0.568032 0.215913 0.219486
2 0.473410 0.508026 0.013988 0.024868