2 0.025694 0.816869 0.051388 0.296223
6 0.985028 0.652975 0.028937 0.206385
2 0.276059 0.644476 0.228086 0.228238
2 0.761595 0.656617 0.169357 0.208813
2 0.416735 0.608055 0.072387 0.135971
2 0.456342 0.593487 0.047802 0.101978
2 0.686477 0.609269 0.106531 0.167536
2 0.634577 0.609269 0.024584 0.089838
2 0.618871 0.601985 0.020487 0.065558
2 0.598384 0.584989 0.047802 0.041277
2 0.586775 0.570421 0.035510 0.041277
2 0.556727 0.563136 0.016389 0.041277
2 0.542387 0.563136 0.017755 0.031565
2 0.482975 0.557066 0.010926 0.029137
2 0.491853 0.554638 0.012292 0.029137
2 0.509608 0.555852 0.015024 0.026709
9 0.413320 0.490295 0.010926 0.007284
9 0.647611 0.502976 0.014907 0.008367
9 0.655747 0.490295 0.012292 0.012140
9 0.784290 0.465331 0.020168 0.023912
9 0.418101 0.501797 0.015820 0.016406