2 0.059951 0.255616 0.117952 0.102247
12 0.943127 0.201027 0.112103 0.131707
6 0.926555 0.240019 0.022421 0.081451
2 0.135498 0.260815 0.054589 0.081451
12 0.167667 0.250417 0.070186 0.071053
2 0.228105 0.273813 0.050690 0.062388
2 0.210071 0.259082 0.010723 0.025995
2 0.339721 0.283344 0.135498 0.206226
2 0.425504 0.279012 0.034118 0.072786
2 0.483505 0.294609 0.107229 0.183697
2 0.585753 0.273246 0.072349 0.099379
2 0.660432 0.248684 0.045816 0.074519
12 0.717946 0.262548 0.092607 0.095315
12 0.556524 0.261837 0.046609 0.093892
2 0.264660 0.249551 0.022421 0.041592
9 0.446949 0.206226 0.018521 0.045058
9 0.585372 0.203627 0.018521 0.039859
9 0.717459 0.201894 0.017547 0.053723
9 0.863680 0.188896 0.015597 0.051990
9 0.953849 0.042458 0.030219 0.032927
2 0.883176 0.228755 0.033143 0.048524
2 0.622415 0.245218 0.014622 0.046791