2 0.933852 0.620905 0.018921 0.172674
2 0.759970 0.627633 0.356982 0.302741
6 0.093746 0.589510 0.044150 0.159219
6 0.316387 0.697151 0.098391 0.423837
6 0.194613 0.707588 0.163985 0.466445
6 0.031937 0.616420 0.049195 0.145764
6 0.871411 0.530287 0.045411 0.098671
9 0.418006 0.246425 0.072050 0.056428
9 0.402794 0.184938 0.049195 0.067276
9 0.444421 0.129996 0.046673 0.042608
9 0.393334 0.117662 0.027751 0.053821
9 0.032568 0.502255 0.058025 0.078488
8 0.037613 0.337430 0.073162 0.206312
8 0.368153 0.327338 0.052274 0.087458