2 0.662576 0.577705 0.124286 0.182104
2 0.493219 0.538856 0.039608 0.060701
2 0.190697 0.575277 0.147505 0.133543
2 0.569622 0.530411 0.029096 0.049810
2 0.419466 0.517521 0.028681 0.037457
2 0.276059 0.548568 0.091507 0.109263
2 0.340251 0.540070 0.064192 0.077698
2 0.436231 0.514749 0.019121 0.033993
2 0.446475 0.511107 0.017755 0.031565
2 0.454669 0.514749 0.017755 0.043705
2 0.462181 0.508436 0.013658 0.024281
2 0.536241 0.521859 0.019121 0.026709
8 0.581994 0.428379 0.006829 0.024281
8 0.455659 0.421095 0.008195 0.029137
9 0.685111 0.421691 0.019121 0.018200
9 0.419884 0.452195 0.008725 0.018496
9 0.360055 0.451446 0.016389 0.012140
9 0.347763 0.466014 0.016389 0.012140
9 0.383273 0.467228 0.013658 0.009712
6 0.014768 0.557066 0.029535 0.199101
8 0.515742 0.489375 0.006328 0.018750
8 0.507305 0.495937 0.006328 0.016875
8 0.474082 0.486562 0.005273 0.016875