2 0.332804 0.572965 0.011353 0.020183
2 0.321703 0.578661 0.014379 0.022606
2 0.304521 0.587694 0.025425 0.031702
2 0.299897 0.594989 0.016177 0.028548
2 0.288363 0.602691 0.018337 0.030300
2 0.145484 0.610644 0.065594 0.095542
2 0.092504 0.627907 0.070639 0.112126
2 0.416689 0.574086 0.012614 0.022425
2 0.419842 0.576328 0.011353 0.022425
2 0.426780 0.581935 0.017660 0.029153
2 0.033848 0.636877 0.066855 0.139036
2 0.861970 0.695182 0.272467 0.349834
2 0.576889 0.607724 0.095868 0.103156
2 0.441287 0.593679 0.031535 0.046029
2 0.271957 0.608458 0.033459 0.037350