2 0.478530 0.444489 0.029918 0.033147
2 0.579709 0.445594 0.007910 0.014063
2 0.669062 0.437391 0.017150 0.023907
2 0.685283 0.444188 0.013184 0.026250
2 0.695567 0.446063 0.008438 0.018750
12 0.465803 0.430594 0.073301 0.066563
2 0.112852 0.461094 0.094922 0.074063
2 0.614461 0.441844 0.063281 0.102188
2 0.535623 0.443250 0.022676 0.022500
9 0.731690 0.273319 0.104941 0.032888
9 0.769922 0.345000 0.010020 0.023438
9 0.929444 0.317813 0.014766 0.049688
8 0.694248 0.411094 0.005801 0.015938
2 0.711715 0.442456 0.024968 0.016837