2 0.094362 0.519184 0.185969 0.220408
12 0.757997 0.495612 0.270689 0.288367
9 0.655025 0.343163 0.015153 0.020204
2 0.308891 0.484378 0.030257 0.062633
2 0.344388 0.459490 0.020663 0.023878
2 0.413154 0.456660 0.019752 0.023414
2 0.492111 0.442214 0.012435 0.012591
2 0.502978 0.437755 0.021696 0.029388
2 0.506078 0.441428 0.015497 0.025714
2 0.509177 0.445102 0.013431 0.025714
2 0.518897 0.447938 0.012287 0.038733
2 0.539139 0.449694 0.036161 0.056939
2 0.548227 0.467720 0.023342 0.063603
2 0.587650 0.458206 0.073582 0.142930
2 0.620759 0.473571 0.065089 0.167143
2 0.260701 0.490408 0.080587 0.091837
2 0.523326 0.451303 0.014287 0.047243
2 0.479893 0.442159 0.010287 0.012700
2 0.471606 0.442413 0.009715 0.012192
2 0.434888 0.444191 0.009430 0.011684
2 0.426459 0.444953 0.008572 0.013208