2 0.050278 0.678469 0.100556 0.237950
2 0.506492 0.659045 0.289546 0.242806
2 0.118994 0.549782 0.105165 0.067986
2 0.344348 0.531572 0.039608 0.050989
2 0.456342 0.440519 0.015024 0.019424
2 0.433807 0.442947 0.016389 0.019424
2 0.652332 0.668757 0.109263 0.179676
2 0.407857 0.527929 0.038242 0.063130
2 0.360055 0.509719 0.027316 0.050989
2 0.381907 0.487867 0.024584 0.031565
2 0.397614 0.464800 0.017755 0.024281
2 0.405808 0.446590 0.020487 0.021853
3 0.504534 0.513361 0.028817 0.038849
2 0.494584 0.484224 0.023218 0.029137
2 0.484341 0.462372 0.019121 0.024281
2 0.705598 0.539858 0.090142 0.053840
2 0.754766 0.510933 0.035510 0.024281
2 0.870858 0.517003 0.038242 0.026709
2 0.948579 0.497579 0.054375 0.031565
9 0.030901 0.521859 0.013658 0.031565
9 0.774570 0.438091 0.039608 0.092266
9 0.562191 0.355537 0.032779 0.019424
9 0.562873 0.402884 0.017755 0.012140
9 0.561508 0.384674 0.012292 0.033993
9 0.837396 0.322758 0.015024 0.041277
8 0.043274 0.421095 0.019283 0.067986
8 0.241914 0.445375 0.009560 0.038849
8 0.835347 0.408955 0.019121 0.072842
8 0.855151 0.405312 0.017755 0.075270
8 0.832616 0.495151 0.019121 0.036421
8 0.861297 0.487867 0.016389 0.031565
9 0.865395 0.455088 0.024584 0.024281
8 0.224159 0.449711 0.009560 0.026709
8 0.222111 0.480062 0.008195 0.019424
8 0.552630 0.477634 0.008195 0.019424
8 0.564922 0.478848 0.010926 0.021853
8 0.566971 0.438785 0.009560 0.033993
8 0.549899 0.444855 0.008195 0.031565
6 0.240549 0.535214 0.009560 0.063130
6 0.260352 0.525701 0.008195 0.029535
6 0.060948 0.540070 0.013658 0.058273
9 0.666673 0.468442 0.012292 0.031565
8 0.660527 0.428379 0.010926 0.029137
9 0.844225 0.279053 0.034145 0.036421
2 0.988950 0.495937 0.021094 0.023437