8 0.382125 0.354397 0.013647 0.029461
8 0.458647 0.338800 0.006824 0.022529
8 0.454108 0.337832 0.005683 0.020818
8 0.462546 0.337933 0.004874 0.024262
9 0.511287 0.355358 0.012673 0.007121
9 0.600969 0.318870 0.012673 0.017330
9 0.594865 0.404654 0.008262 0.029461
9 0.234441 0.342439 0.008773 0.017330
8 0.435252 0.364362 0.010723 0.017330
8 0.408932 0.366095 0.006824 0.013864
0 0.592196 0.459676 0.039967 0.048524
2 0.433789 0.388623 0.007798 0.010398
2 0.446462 0.399888 0.007798 0.029461
2 0.457672 0.401621 0.016572 0.039859
2 0.492034 0.426719 0.037530 0.062328
2 0.521466 0.446261 0.044762 0.058804
2 0.425016 0.401621 0.009748 0.012131
2 0.406495 0.407686 0.009748 0.017330
2 0.389923 0.408553 0.019496 0.036393
2 0.375847 0.425106 0.017630 0.028981
2 0.353090 0.430544 0.023815 0.052647
2 0.331938 0.437715 0.023830 0.057608
2 0.318080 0.440913 0.029830 0.066453
2 0.302794 0.450579 0.032400 0.068456
2 0.276431 0.452551 0.039407 0.090926
2 0.226874 0.457662 0.081371 0.117281
2 0.157016 0.481820 0.107725 0.130938
2 0.059463 0.515132 0.118927 0.180231
2 0.342567 0.437056 0.016859 0.048767
2 0.501272 0.440104 0.032003 0.057911