9 0.322909 0.331077 0.016261 0.040978
9 0.325343 0.368071 0.017288 0.033010
9 0.356397 0.432384 0.011525 0.020489
9 0.493509 0.411325 0.008964 0.019351
9 0.651064 0.428969 0.021129 0.022766
8 0.435904 0.227087 0.015367 0.042116
2 0.481972 0.465556 0.030093 0.044393
2 0.441315 0.470679 0.025611 0.029595
2 0.395534 0.477587 0.071071 0.086666
2 0.240906 0.476370 0.057625 0.047808
2 0.128537 0.477508 0.090280 0.070573
2 0.664773 0.458158 0.033295 0.043255
2 0.573213 0.487184 0.160071 0.265219
2 0.468206 0.470679 0.017928 0.027319
8 0.450128 0.417830 0.007655 0.025857