9 0.544821 0.435612 0.049592 0.023878
9 0.529840 0.455816 0.021696 0.020204
9 0.607328 0.465918 0.023763 0.047755
9 0.203484 0.494912 0.021450 0.014257
8 0.467607 0.426006 0.014411 0.034403
8 0.530480 0.478688 0.016285 0.029563
8 0.202574 0.463907 0.013431 0.044082
8 0.309432 0.436224 0.023763 0.025714
8 0.476420 0.429271 0.011481 0.044082
9 0.527258 0.496224 0.016531 0.012857
9 0.606295 0.497143 0.023763 0.014694
2 0.528291 0.600612 0.033061 0.062449
2 0.317771 0.565714 0.033061 0.047755
2 0.421093 0.654084 0.256728 0.297690
2 0.264957 0.580317 0.031241 0.043899
2 0.280061 0.584606 0.019630 0.036735
9 0.044524 0.408958 0.029682 0.021987
8 0.058128 0.372679 0.009894 0.046173