8 0.047656 0.128262 0.019118 0.082931
8 0.245339 0.198277 0.016824 0.065257
8 0.373813 0.238383 0.012236 0.058459
8 0.387960 0.234984 0.009941 0.048943
8 0.264839 0.190800 0.011471 0.053021
9 0.481272 0.412069 0.018353 0.025831
9 0.447624 0.401193 0.036707 0.028550
9 0.391884 0.418867 0.010876 0.014955
9 0.674519 0.447417 0.014530 0.042145
9 0.501996 0.422946 0.009941 0.028550
8 0.352339 0.429199 0.004588 0.014955
8 0.327868 0.429199 0.004588 0.017674
12 0.036762 0.423878 0.072649 0.112840
2 0.023925 0.457283 0.047850 0.077492
2 0.124705 0.457963 0.025236 0.046224
2 0.093351 0.458254 0.066531 0.069335
2 0.151853 0.458448 0.045884 0.047583
2 0.060851 0.462527 0.022942 0.044864
2 0.180913 0.461847 0.022942 0.029909
12 0.205766 0.442814 0.042060 0.029909
2 0.195060 0.462527 0.028295 0.028550
2 0.210737 0.460488 0.027530 0.027190
2 0.223738 0.460488 0.022942 0.027190
2 0.240562 0.459128 0.019883 0.019033
2 0.254709 0.461847 0.016059 0.019033
2 0.309769 0.462527 0.006883 0.009517
2 0.284916 0.461167 0.012236 0.012236
2 0.332984 0.455729 0.010706 0.020393
2 0.270386 0.459128 0.015295 0.019033
2 0.296769 0.461847 0.014530 0.013595
12 0.319329 0.454370 0.012236 0.025831
2 0.346476 0.466605 0.026765 0.031269
2 0.364830 0.462527 0.008412 0.012236
2 0.373242 0.462527 0.005353 0.012236
2 0.384713 0.463207 0.011471 0.016314