8 0.425949 0.429868 0.004996 0.014211
8 0.418955 0.430757 0.004996 0.019539
8 0.306048 0.426316 0.004996 0.021316
8 0.300053 0.426316 0.006994 0.021316
9 0.974498 0.222928 0.048960 0.126118
9 0.216622 0.467171 0.015987 0.010658
9 0.257814 0.477844 0.012442 0.010689
9 0.254091 0.460066 0.010991 0.010658
2 0.349512 0.521349 0.009992 0.015987
2 0.370995 0.516908 0.006994 0.017763
2 0.330528 0.522237 0.011990 0.021316
2 0.321036 0.524901 0.008993 0.023092
2 0.300553 0.514243 0.015987 0.015987
2 0.212125 0.524013 0.054955 0.067500
2 0.190143 0.534671 0.034971 0.067500
2 0.147678 0.527566 0.055954 0.103026
2 0.087728 0.548882 0.093923 0.117237
2 0.406965 0.518684 0.010991 0.021316
2 0.456847 0.524809 0.023980 0.061987
2 0.473651 0.526379 0.026460 0.065126
2 0.619290 0.559539 0.105913 0.142105
2 0.776661 0.571086 0.270777 0.285987
1 0.426449 0.507138 0.029975 0.058618
2 0.387481 0.527855 0.033972 0.039658
2 0.307155 0.531182 0.026813 0.031088
2 0.258088 0.529342 0.042965 0.056842
2 0.022881 0.552434 0.045762 0.152763
2 0.924039 0.647467 0.151875 0.275329
2 0.482237 0.539053 0.016043 0.056290