2 0.419655 0.413539 0.016828 0.028047
2 0.430698 0.419148 0.013673 0.043006
2 0.447527 0.425693 0.019984 0.056094
2 0.464881 0.426628 0.018932 0.069183
2 0.494856 0.424758 0.043122 0.110319
2 0.551126 0.452805 0.077831 0.158934
2 0.646661 0.474308 0.173541 0.224377
2 0.377058 0.418214 0.013673 0.022438
2 0.361808 0.421953 0.016828 0.033657
2 0.234018 0.465894 0.062054 0.106579
2 0.314478 0.457479 0.098866 0.138366
2 0.393361 0.405748 0.016828 0.018698
2 0.100970 0.445014 0.201939 0.248684
2 0.834051 0.546919 0.331306 0.437535
8 0.422810 0.372092 0.006311 0.020568
8 0.376006 0.375831 0.007362 0.020568