2 0.823497 0.499191 0.343912 0.469169
1 0.118017 0.392143 0.236033 0.784286
2 0.511128 0.401754 0.065908 0.080110
2 0.632950 0.394769 0.052553 0.068171
2 0.582767 0.376010 0.028656 0.043906
2 0.458971 0.376981 0.044137 0.076415
9 0.413699 0.201227 0.048715 0.020377
9 0.640078 0.273084 0.045849 0.026545
8 0.717098 0.166694 0.012564 0.043185
8 0.475344 0.205247 0.011448 0.054271
9 0.611559 0.308277 0.010091 0.017940
9 0.320797 0.249796 0.023763 0.014694
9 0.339911 0.272755 0.010332 0.034898
9 0.322347 0.290204 0.020663 0.011020
2 0.300134 0.412347 0.032028 0.031224
8 0.516272 0.333367 0.015497 0.009184
8 0.504390 0.311326 0.004133 0.020204
8 0.562764 0.314082 0.003099 0.022041
2 0.566897 0.365510 0.011365 0.029388
2 0.556048 0.363673 0.008265 0.022041