2 0.442685 0.508505 0.015024 0.029137
2 0.338885 0.500007 0.036876 0.050989
2 0.281522 0.509719 0.058729 0.065558
2 0.249426 0.500007 0.030047 0.060701
2 0.212379 0.502155 0.064620 0.055508
2 0.370981 0.526715 0.073752 0.089838
2 0.515071 0.529144 0.023218 0.050989
2 0.537606 0.538856 0.032779 0.065558
2 0.588140 0.548568 0.019121 0.046133
2 0.560142 0.554525 0.050534 0.068212
2 0.618188 0.557066 0.051900 0.063130
2 0.660527 0.578919 0.062826 0.077698
2 0.964414 0.632336 0.069655 0.111691
2 0.818275 0.734315 0.288180 0.441907
2 0.084808 0.638963 0.169617 0.333757
8 0.732914 0.452660 0.010926 0.043705
9 0.752035 0.459944 0.019121 0.019424
8 0.745206 0.496365 0.013658 0.024281
8 0.723353 0.493937 0.010926 0.029137
8 0.380541 0.348253 0.030047 0.019424
8 0.469317 0.363910 0.024584 0.017247
8 0.583360 0.300906 0.020487 0.031565
8 0.564782 0.333685 0.016670 0.024281
9 0.491853 0.459944 0.017755 0.024281
2 0.328845 0.511424 0.016703 0.046461
2 0.331373 0.468442 0.043705 0.026709