8 0.441701 0.355701 0.012871 0.033282
8 0.454572 0.419145 0.017551 0.035362
8 0.428129 0.416025 0.024571 0.033282
9 0.440531 0.387943 0.036272 0.027042
6 0.421225 0.537712 0.023401 0.118567
6 0.445797 0.540832 0.023401 0.091525
0 0.494355 0.562674 0.036272 0.056163
0 0.564155 0.588675 0.051846 0.066564
2 0.008190 0.481549 0.007020 0.039522
2 0.017551 0.478429 0.009361 0.058243
2 0.040952 0.478429 0.035102 0.066564
2 0.042123 0.486749 0.025742 0.058243
2 0.071374 0.497150 0.042123 0.070724
2 0.123091 0.533968 0.105774 0.127720
2 0.086585 0.511711 0.042123 0.079045
2 0.706722 0.584307 0.177851 0.110247
2 0.894519 0.588467 0.141578 0.106086