2 0.472242 0.520791 0.017219 0.030612
2 0.460188 0.521556 0.012054 0.026020
2 0.483865 0.521556 0.007749 0.022959
2 0.441677 0.521556 0.023246 0.026020
12 0.498932 0.505485 0.029273 0.067347
2 0.274822 0.560357 0.046492 0.040714
2 0.540689 0.563039 0.075765 0.100568
12 0.384544 0.510700 0.106948 0.188549
12 0.690067 0.504720 0.123119 0.185204
2 0.451363 0.538393 0.028412 0.035204
12 0.030134 0.595026 0.060268 0.215816
6 0.867685 0.526531 0.033061 0.134694
9 0.025399 0.452449 0.035300 0.075918
9 0.827650 0.305051 0.031856 0.022959
9 0.829803 0.340255 0.024107 0.041327
9 0.757481 0.377755 0.027551 0.061225
9 0.763938 0.419847 0.014636 0.016837
8 0.845731 0.391531 0.026690 0.042857
9 0.610600 0.474949 0.008610 0.013776
9 0.574439 0.480306 0.005166 0.018367
9 0.597685 0.465766 0.006888 0.010714
9 0.630833 0.403470 0.016014 0.020816
6 0.620931 0.537704 0.013776 0.068878
8 0.530099 0.423521 0.006027 0.026020
9 0.084375 0.456735 0.020663 0.058163