8 0.085215 0.173906 0.025049 0.056250
8 0.582896 0.311015 0.010547 0.025781
8 0.664634 0.311015 0.010547 0.030469
8 0.129380 0.180937 0.018457 0.060937
9 0.518296 0.330937 0.018457 0.014062
9 0.527525 0.319219 0.010547 0.018750
2 0.556529 0.380156 0.021094 0.037500
2 0.627720 0.393047 0.042187 0.082031
2 0.675181 0.408281 0.079102 0.112500
2 0.885459 0.446953 0.077783 0.114844
12 0.615195 0.347344 0.035596 0.075000
1 0.819541 0.354375 0.096240 0.107812
1 0.724619 0.333920 0.101514 0.125285
2 0.484019 0.394218 0.026367 0.065625
2 0.449082 0.396562 0.069873 0.098437
2 0.411509 0.409453 0.058008 0.124219
2 0.311314 0.408049 0.179297 0.227344
6 0.060167 0.455156 0.064600 0.262500
6 0.206504 0.432890 0.038232 0.199219
6 0.151133 0.318047 0.019775 0.044531
6 0.137950 0.400078 0.025049 0.208594
6 0.159703 0.416484 0.044824 0.227344
6 0.087193 0.407109 0.039551 0.232031
6 0.041710 0.342656 0.027686 0.112500
6 0.011387 0.430547 0.022412 0.194531
2 0.516319 0.393047 0.056689 0.091406
2 0.582237 0.382500 0.038232 0.065625
2 0.779331 0.449297 0.181933 0.194531
2 0.957969 0.448125 0.083057 0.098437
2 0.944126 0.633281 0.110742 0.262500