9 0.448924 0.313193 0.017188 0.037396
2 0.322366 0.359938 0.017880 0.011219
2 0.305538 0.359938 0.015776 0.014958
2 0.291865 0.359938 0.011569 0.018698
2 0.279244 0.361808 0.017880 0.026177
2 0.262717 0.363685 0.026897 0.037411
2 0.341298 0.358405 0.009466 0.011894
2 0.353226 0.358252 0.008749 0.015327
2 0.361808 0.360873 0.012621 0.020568
2 0.384947 0.361808 0.031553 0.041136
2 0.420181 0.364612 0.036812 0.054224
2 0.553229 0.401074 0.109384 0.130886
2 0.468562 0.353394 0.026294 0.024307
2 0.043648 0.418837 0.087297 0.129017
2 0.230665 0.367619 0.041605 0.063473
2 0.442878 0.377701 0.052757 0.069183
2 0.698899 0.421641 0.244010 0.258033
2 0.252871 0.367422 0.010665 0.037920