8 0.784779 0.245971 0.017995 0.089573
8 0.803374 0.282227 0.011996 0.085308
9 0.187957 0.436848 0.031191 0.044787
9 0.739793 0.516824 0.021594 0.017062
9 0.736794 0.544549 0.017995 0.034123
9 0.851360 0.413388 0.028791 0.049052
8 0.852559 0.495497 0.023993 0.034123
9 0.531055 0.563744 0.026392 0.063981
2 0.205352 0.574407 0.049185 0.038389
2 0.267733 0.579739 0.037189 0.031991
2 0.304922 0.577606 0.037189 0.027725
2 0.327115 0.570142 0.026392 0.029858
2 0.577841 0.594668 0.057583 0.040521
2 0.613830 0.581872 0.023993 0.027725
2 0.630025 0.595734 0.044387 0.046919
6 0.669614 0.629857 0.037189 0.166351
12 0.771583 0.592535 0.029991 0.044787
12 0.789578 0.603199 0.049185 0.031990
12 0.811771 0.587203 0.021594 0.034123
6 0.952730 0.610663 0.008398 0.034123
12 0.717000 0.590402 0.050385 0.049052
6 0.090823 0.578801 0.011064 0.048278