9 0.400254 0.350625 0.028477 0.063750
2 0.521191 0.471562 0.015820 0.035625
2 0.535957 0.469687 0.013711 0.020625
2 0.505898 0.476250 0.023203 0.045000
2 0.290039 0.475312 0.012656 0.018750
2 0.275273 0.474375 0.016875 0.024375
2 0.305859 0.475312 0.008437 0.011250
2 0.216211 0.487500 0.021094 0.024375
2 0.152930 0.492321 0.016875 0.018750
2 0.171387 0.486696 0.015820 0.018750
2 0.123297 0.492751 0.023000 0.027110
2 0.091758 0.504509 0.035859 0.031875
2 0.032313 0.514125 0.051680 0.037500
2 0.640867 0.476625 0.062227 0.090000
2 0.567039 0.494437 0.070664 0.091875
2 0.476336 0.476625 0.049570 0.090000
2 0.849023 0.613125 0.299531 0.487500
12 0.802242 0.426514 0.102832 0.117187
2 0.019764 0.514414 0.025338 0.030631