2 0.180844 0.328142 0.113696 0.077357
2 0.046796 0.301317 0.035091 0.033688
2 0.032408 0.307555 0.040004 0.031192
2 0.024451 0.333757 0.048901 0.073614
8 0.180844 0.165943 0.014037 0.047412
8 0.468242 0.157209 0.009124 0.037431
8 0.641592 0.172181 0.011931 0.044917
8 0.908052 0.142860 0.038600 0.071118
8 0.457012 0.156585 0.007720 0.041174
8 0.577025 0.214603 0.009124 0.017468
8 0.583341 0.256400 0.010527 0.021211
8 0.571410 0.004367 0.021757 0.008734
8 0.367881 0.260143 0.010527 0.016220
9 0.401919 0.182163 0.054742 0.017468
9 0.360862 0.198383 0.021757 0.012477
9 0.378057 0.234566 0.009826 0.014972
9 0.645219 0.214603 0.028073 0.029945
9 0.644166 0.305684 0.009124 0.014972
2 0.844888 0.301317 0.128434 0.113540
2 0.915421 0.298198 0.021055 0.027449
2 0.962093 0.344362 0.073692 0.189649
2 0.503560 0.484103 0.390917 0.583919