7 0.451060 0.642656 0.021094 0.075000
0 0.451719 0.667265 0.019775 0.063281
2 0.399644 0.637968 0.010547 0.018750
2 0.393052 0.637968 0.010547 0.023437
2 0.387119 0.636796 0.011865 0.025781
2 0.383824 0.640312 0.018457 0.037500
2 0.373277 0.636796 0.015820 0.044531
2 0.354161 0.641484 0.035596 0.058594
2 0.349546 0.653203 0.029004 0.053906
2 0.329392 0.661261 0.026351 0.079279
2 0.287583 0.652031 0.073828 0.131250
2 0.226102 0.674196 0.127526 0.161518
2 0.118834 0.713093 0.216211 0.215375
2 0.439854 0.643828 0.014502 0.030469
2 0.650132 0.650859 0.116016 0.091406
6 0.677158 0.618046 0.025049 0.039844
2 0.413487 0.641484 0.017139 0.025781
2 0.522251 0.655546 0.131836 0.199219
2 0.752305 0.768046 0.304541 0.283594
6 0.981040 0.727031 0.036914 0.300000
12 0.913145 0.649687 0.172705 0.210937
2 0.055236 0.769076 0.110473 0.252840