8 0.510037 0.560197 0.010763 0.021260
8 0.477151 0.561260 0.011959 0.019134
9 0.379688 0.582520 0.008371 0.023386
2 0.426326 0.616536 0.015546 0.019134
2 0.408388 0.616536 0.022721 0.027638
2 0.387461 0.622914 0.021526 0.019134
2 0.370719 0.627166 0.026309 0.031890
2 0.350987 0.629292 0.022721 0.036142
2 0.330657 0.636732 0.025113 0.025512
2 0.295379 0.646299 0.052618 0.040394
2 0.234402 0.661655 0.086601 0.071285
9 0.153868 0.620788 0.019134 0.021260
9 0.230802 0.616181 0.011959 0.023386
2 0.148885 0.679961 0.108824 0.104173
2 0.050226 0.717166 0.100453 0.123307
2 0.483927 0.600591 0.019134 0.019134
2 0.507247 0.611575 0.022721 0.029764
2 0.543920 0.606260 0.020330 0.027638
2 0.562854 0.612284 0.021526 0.046772
2 0.583184 0.612284 0.019134 0.055276
2 0.606504 0.613347 0.037072 0.078661
2 0.627431 0.625040 0.045443 0.089291
2 0.664503 0.619725 0.071752 0.150945
2 0.752798 0.631417 0.168617 0.199843
2 0.897498 0.705827 0.203297 0.321024