8 0.423067 0.396855 0.007798 0.024262
8 0.487891 0.392523 0.008773 0.015597
8 0.469370 0.412452 0.004874 0.013864
1 0.462495 0.438948 0.020881 0.037122
2 0.420668 0.450578 0.018597 0.024262
2 0.289800 0.490893 0.061515 0.078806
2 0.232979 0.509500 0.077985 0.124775
2 0.102872 0.537413 0.205743 0.215263
2 0.514698 0.449346 0.032733 0.056459
2 0.523164 0.459516 0.019188 0.062205
2 0.570006 0.454728 0.094813 0.140007
2 0.671155 0.509500 0.197886 0.253017
2 0.831671 0.616606 0.335653 0.361140
9 0.379688 0.406387 0.008773 0.012131
8 0.381637 0.422850 0.010723 0.010398
8 0.392848 0.426316 0.005849 0.013864
2 0.513287 0.456506 0.019753 0.054179
2 0.498332 0.446975 0.018060 0.049162
2 0.489866 0.449483 0.010159 0.036119
2 0.358934 0.464533 0.048535 0.060199