8 0.366417 0.441934 0.005731 0.038208
8 0.304091 0.467406 0.004298 0.033113
8 0.238182 0.407548 0.010029 0.040755
8 0.073412 0.416463 0.010029 0.038208
8 0.185169 0.454670 0.007164 0.028019
8 0.195199 0.452123 0.007164 0.033113
9 0.060517 0.453397 0.030088 0.020377
2 0.908726 0.536180 0.027223 0.043302
2 0.956007 0.541274 0.081669 0.068774
2 0.208810 0.583302 0.060177 0.137547
2 0.341224 0.559650 0.038447 0.105526
2 0.286062 0.580573 0.125847 0.165566
2 0.112286 0.629152 0.224571 0.320944
12 0.649056 0.499099 0.546086 0.998198
2 0.369999 0.551463 0.027223 0.048396
8 0.248212 0.401180 0.010029 0.033113
12 0.983615 0.497297 0.031419 0.068468