9 0.302362 0.362995 0.044150 0.026709
9 0.454363 0.433928 0.020183 0.015698
9 0.480853 0.441777 0.010091 0.022425
8 0.403906 0.331893 0.010091 0.031395
8 0.422828 0.331893 0.007569 0.031395
8 0.336673 0.359925 0.013876 0.033638
8 0.412989 0.335257 0.010091 0.042608
8 0.428252 0.428322 0.011353 0.026910
2 0.479087 0.485506 0.027751 0.051578
2 0.346300 0.482470 0.021021 0.049990
2 0.416268 0.560631 0.158939 0.237707
2 0.160200 0.522508 0.047934 0.026910
2 0.910997 0.599875 0.176599 0.446262
2 0.636319 0.479542 0.042339 0.036421