9 0.692114 0.081451 0.023395 0.038126
9 0.541993 0.410719 0.011698 0.020796
9 0.160356 0.143838 0.022421 0.034660
9 0.047766 0.529429 0.017547 0.039859
9 0.177902 0.551091 0.010723 0.031194
9 0.805679 0.434114 0.022421 0.036393
9 0.425016 0.617812 0.017547 0.043325
9 0.483992 0.616079 0.012673 0.025995
8 0.572212 0.546759 0.005849 0.025995
8 0.562952 0.560623 0.004874 0.019063
2 0.573999 0.610880 0.005524 0.019063
2 0.578711 0.611746 0.011698 0.020796
2 0.562789 0.606547 0.013647 0.020796
2 0.564739 0.615212 0.015597 0.020796
2 0.536469 0.608280 0.013647 0.020796
2 0.540368 0.615212 0.015597 0.020796
2 0.483830 0.618678 0.023395 0.024262
2 0.510149 0.606547 0.013647 0.020796
2 0.451661 0.622144 0.046791 0.062388
2 0.928343 0.627295 0.133855 0.079814
8 0.845818 0.516432 0.011698 0.034660
8 0.837045 0.353819 0.021446 0.057189
6 0.793105 0.648957 0.023249 0.123139
8 0.188311 0.505167 0.022421 0.060655
8 0.161016 0.218357 0.030219 0.117843
8 0.691311 0.160302 0.036068 0.119576
8 0.542653 0.441913 0.013647 0.048524