8 0.838657 0.454191 0.015820 0.024319
9 0.582896 0.464297 0.089648 0.086719
8 0.582040 0.223934 0.017995 0.072512
8 0.562246 0.218602 0.011996 0.066114
8 0.889748 0.446801 0.021594 0.040521
8 0.298924 0.497985 0.005998 0.023460
8 0.199781 0.486256 0.006854 0.034123
8 0.339112 0.499052 0.007198 0.021327
9 0.664815 0.225000 0.082775 0.040521
9 0.865156 0.488388 0.029991 0.051185
9 0.883750 0.323104 0.028791 0.023460
9 0.845361 0.341232 0.035989 0.012796
9 0.724197 0.492654 0.023993 0.038389
2 0.210150 0.543839 0.029991 0.025592
2 0.185557 0.544905 0.026392 0.031991
2 0.118977 0.567298 0.082775 0.098104
2 0.038195 0.586493 0.076390 0.106635
8 0.855796 0.452812 0.013184 0.018750
9 0.759556 0.491484 0.015820 0.035156
12 0.534116 0.530156 0.163476 0.150000