2 0.467975 0.614214 0.027558 0.027218
2 0.449093 0.612626 0.009186 0.031300
2 0.429190 0.610585 0.033682 0.043548
2 0.397422 0.615348 0.026792 0.044909
2 0.364888 0.610585 0.039806 0.059879
2 0.292310 0.590250 0.111176 0.142520
2 0.165776 0.590020 0.189393 0.196537
2 0.567151 0.617596 0.025860 0.039425
2 0.767285 0.633947 0.125542 0.132006
2 0.610868 0.624420 0.027558 0.036744
2 0.639957 0.623060 0.039806 0.053075
2 0.667515 0.641432 0.036744 0.048992
2 0.687801 0.636668 0.045164 0.080292
9 0.839579 0.488516 0.022199 0.072127