2 0.131794 0.423530 0.263588 0.313299
2 0.290883 0.354397 0.095531 0.133440
2 0.410297 0.395080 0.186188 0.294525
2 0.614440 0.402816 0.155579 0.178152
2 0.697280 0.323203 0.055564 0.043325
2 0.594925 0.300674 0.063363 0.067587
2 0.676322 0.319737 0.042892 0.046791
2 0.771853 0.316271 0.048740 0.050257
2 0.890779 0.318870 0.033143 0.041592
2 0.843989 0.311072 0.029244 0.036393
2 0.947318 0.318870 0.023395 0.027728
6 0.646200 0.310206 0.010723 0.024262
6 0.515088 0.318870 0.007798 0.027728
6 0.555543 0.323203 0.010723 0.043325
6 0.526299 0.316271 0.006824 0.036393
6 0.506315 0.317137 0.005849 0.031194
6 0.929284 0.302407 0.010723 0.025995
6 0.776727 0.322336 0.013647 0.048524
6 0.805581 0.322336 0.011698 0.058922
6 0.861633 0.324936 0.014622 0.071053
6 0.901015 0.305873 0.012673 0.032927
6 0.043769 0.313672 0.012673 0.048524
12 0.015499 0.269480 0.030219 0.247818
9 0.237268 0.155969 0.025345 0.041592
9 0.489256 0.213158 0.016572 0.024262
9 0.529223 0.212291 0.010723 0.019063
9 0.748945 0.193229 0.024370 0.012131
9 0.923923 0.109178 0.037043 0.072786
9 0.924898 0.174166 0.025345 0.032927
8 0.281622 0.151637 0.010723 0.039859
8 0.458062 0.203627 0.002924 0.025995
8 0.939520 0.181964 0.027295 0.051990
8 0.271874 0.151637 0.006824 0.043325
8 0.462936 0.202760 0.006824 0.027728
8 0.604771 0.153370 0.007798 0.036393
8 0.729936 0.149037 0.007798 0.048524
8 0.745533 0.245218 0.021446 0.029461
9 0.537412 0.259082 0.014622 0.008665
8 0.532050 0.285944 0.005849 0.017330
6 0.498907 0.317137 0.005849 0.031194
8 0.071551 0.207959 0.013647 0.048524
8 0.015499 0.162901 0.024370 0.020796
9 0.094946 0.097048 0.130624 0.076252
9 0.194377 0.168967 0.031194 0.043325
6 0.979250 0.309661 0.009439 0.028983