9 0.371402 0.434981 0.017547 0.031194
9 0.399671 0.438447 0.009748 0.024262
9 0.421117 0.436714 0.011698 0.020796
9 0.449386 0.434981 0.013647 0.027728
12 0.059463 0.427182 0.118927 0.341399
2 0.198373 0.501701 0.049715 0.053723
12 0.327048 0.480905 0.041917 0.057189
2 0.856856 0.596149 0.216407 0.187163
2 0.534682 0.532895 0.080909 0.116110
12 0.576111 0.480039 0.077985 0.124775
12 0.627289 0.442779 0.020471 0.025995
2 0.764249 0.435847 0.027295 0.012131
2 0.418680 0.498235 0.028269 0.043325
2 0.475706 0.505820 0.038992 0.055028
12 0.485454 0.471374 0.031194 0.048524
12 0.445975 0.479172 0.022421 0.036393
2 0.371889 0.489570 0.016572 0.022529
12 0.359217 0.474840 0.018521 0.041592
2 0.387974 0.486104 0.011698 0.019063
2 0.398696 0.480905 0.007798 0.015597
2 0.910958 0.418518 0.030219 0.005199