6 0.641645 0.656790 0.008195 0.031565
6 0.634816 0.658004 0.008195 0.029137
6 0.622524 0.653148 0.010926 0.029137
6 0.613647 0.656790 0.006829 0.026709
6 0.651206 0.654362 0.010926 0.050989
6 0.744079 0.643436 0.010926 0.043705
6 0.729055 0.643436 0.013658 0.043705
6 0.955912 0.660432 0.028681 0.097122
0 0.746264 0.668930 0.013658 0.041277
0 0.740620 0.677964 0.018760 0.035063
0 0.718581 0.667568 0.020270 0.048649
9 0.711437 0.549955 0.020487 0.036421
12 0.203502 0.672572 0.081947 0.097122
2 0.147505 0.704137 0.035510 0.038849
2 0.091216 0.715137 0.093243 0.133690
9 0.144773 0.456475 0.051900 0.067986
9 0.145456 0.547527 0.031413 0.114119
2 0.506842 0.605801 0.015024 0.016996
2 0.552596 0.604587 0.013658 0.019424
1 0.529378 0.633724 0.038242 0.082554
2 0.492502 0.658004 0.027316 0.033993
2 0.560762 0.659218 0.049226 0.065558
9 0.567620 0.571808 0.019121 0.012140
8 0.547133 0.568166 0.005463 0.019424
8 0.469283 0.585162 0.008195 0.019424
8 0.368249 0.405312 0.010926 0.065558
8 0.820324 0.321544 0.024584 0.082554
8 0.796422 0.326401 0.020487 0.072842
8 0.838079 0.318249 0.016389 0.060701
9 0.866077 0.365250 0.083313 0.024281
9 0.909782 0.440519 0.050534 0.067986
9 0.928391 0.497145 0.031413 0.016996
8 0.933172 0.534780 0.021853 0.033993
9 0.907222 0.345391 0.027316 0.038849
9 0.759717 0.551777 0.016389 0.024281
8 0.594287 0.606841 0.012292 0.016996
1 0.047635 0.681221 0.095270 0.172693