2 0.786621 0.442187 0.018457 0.023437
2 0.770141 0.442187 0.030322 0.028125
2 0.754980 0.449218 0.026367 0.042187
2 0.729272 0.451562 0.040869 0.065625
2 0.698950 0.465625 0.054053 0.065625
2 0.664672 0.475464 0.069873 0.085303
2 0.633767 0.482536 0.071343 0.113511
2 0.557307 0.497265 0.155404 0.152344
2 0.842651 0.451562 0.017139 0.023437
2 0.857153 0.451562 0.030322 0.042187
2 0.870996 0.455078 0.039551 0.077344
2 0.895825 0.475781 0.058008 0.119531
2 0.938193 0.497343 0.077783 0.168750
2 0.817564 0.439922 0.026367 0.025781
2 0.352799 0.530077 0.334266 0.312820
2 0.140969 0.594595 0.281575 0.414414
2 0.967197 0.521953 0.064600 0.217969