8 0.490629 0.527928 0.005738 0.013602
8 0.511670 0.538130 0.005738 0.013602
9 0.585790 0.467995 0.025823 0.027204
9 0.586747 0.507100 0.033474 0.051008
9 0.026779 0.530054 0.028692 0.039106
9 0.841864 0.389783 0.013389 0.027204
9 0.840430 0.410186 0.033474 0.017003
9 0.842342 0.494348 0.014346 0.045907
2 0.456199 0.585397 0.013389 0.032305
2 0.555186 0.621102 0.058340 0.093514
1 0.445201 0.572135 0.014346 0.049307
1 0.422725 0.569585 0.036343 0.061209
2 0.343823 0.627903 0.129113 0.130919
2 0.493977 0.622803 0.088944 0.127519
2 0.797858 0.755762 0.402641 0.481172
6 0.101378 0.606707 0.017215 0.059509
6 0.647796 0.599906 0.013389 0.076511
6 0.613844 0.589704 0.014346 0.049307
7 0.420813 0.595429 0.013389 0.057809
0 0.420813 0.613791 0.011477 0.030605