6 0.071281 0.464207 0.012864 0.024256
6 0.048671 0.479800 0.016762 0.048511
6 0.021383 0.495739 0.018322 0.060986
6 0.007476 0.503362 0.014951 0.056828
2 0.538743 0.490195 0.012474 0.019405
1 0.516134 0.487423 0.031186 0.038809
2 0.481050 0.494700 0.034304 0.046432
2 0.440898 0.501976 0.050677 0.055441
12 0.305045 0.517916 0.226487 0.218994
2 0.101752 0.552798 0.203488 0.176027
1 0.626389 0.540323 0.127472 0.174641
6 0.847225 0.516374 0.028523 0.127612
6 0.982146 0.508492 0.033286 0.118234
8 0.513893 0.265800 0.012085 0.061679
8 0.647797 0.441480 0.005458 0.018018
8 0.673331 0.462963 0.005847 0.012474
9 0.719816 0.447574 0.008186 0.013167
9 0.720011 0.458663 0.005458 0.007623