9 0.372685 0.369044 0.015445 0.050339
9 0.398427 0.366755 0.006864 0.015254
9 0.410868 0.372857 0.009439 0.015254
9 0.507828 0.358366 0.016303 0.032034
9 0.503109 0.399552 0.008581 0.013729
9 0.500106 0.365884 0.009439 0.015254
8 0.432372 0.385169 0.006006 0.016780
9 0.486429 0.378305 0.007722 0.021356
9 0.283071 0.408813 0.021451 0.033559
9 0.281655 0.288305 0.042903 0.144915
9 0.475146 0.406525 0.012871 0.015254
2 0.427095 0.401186 0.011155 0.016780
2 0.399208 0.401949 0.015445 0.024407
2 0.384621 0.410339 0.018877 0.019831
2 0.364457 0.411102 0.019735 0.024407
2 0.410363 0.407288 0.018877 0.025932
2 0.442668 0.410339 0.014587 0.015254
2 0.428940 0.427881 0.018019 0.038136
2 0.457684 0.437797 0.041186 0.057966
2 0.760524 0.472445 0.204216 0.122034
2 0.089505 0.537167 0.179011 0.417966
2 0.562743 0.517445 0.182765 0.224237
9 0.284229 0.440847 0.025742 0.035085