2 0.340510 0.351784 0.024792 0.021221
2 0.406622 0.361578 0.015610 0.057134
2 0.394226 0.357497 0.011019 0.016324
2 0.216090 0.351784 0.022037 0.021221
2 0.549407 0.320768 0.020201 0.014692
2 0.526451 0.323216 0.018365 0.013059
2 0.749033 0.351131 0.051421 0.027751
2 0.692562 0.360925 0.019283 0.034281
2 0.669607 0.356028 0.015610 0.027751
2 0.614054 0.356028 0.018365 0.021221
2 0.463464 0.369087 0.108351 0.174667
9 0.505703 0.248126 0.045911 0.029383
9 0.307607 0.277509 0.010101 0.022854
9 0.840615 0.199953 0.050147 0.129906