9 0.494233 0.383610 0.006386 0.008036
9 0.421229 0.377679 0.011193 0.026020
9 0.392387 0.368495 0.033578 0.026020
8 0.416279 0.340179 0.003444 0.019898
8 0.411974 0.340255 0.004305 0.016837
8 0.408100 0.341021 0.003444 0.018367
2 0.387652 0.423214 0.006888 0.015306
2 0.438449 0.420919 0.006888 0.013776
2 0.445337 0.420919 0.008610 0.019898
2 0.449641 0.427041 0.008610 0.019898
2 0.459112 0.427041 0.018941 0.026020
2 0.470520 0.433163 0.015497 0.035204
2 0.480852 0.434694 0.022385 0.056633
2 0.489892 0.435459 0.028412 0.067347
2 0.599665 0.419388 0.018941 0.035204
2 0.585029 0.414031 0.008610 0.024490
2 0.736129 0.458163 0.284120 0.348980
2 0.301555 0.433163 0.009471 0.016837
2 0.286918 0.436990 0.026690 0.036735
2 0.260659 0.438521 0.037883 0.055102
8 0.268407 0.339031 0.003444 0.021429
8 0.274004 0.339031 0.006027 0.018367
8 0.265394 0.339031 0.002583 0.021429
8 0.179943 0.369643 0.008610 0.015306
9 0.177360 0.382653 0.020663 0.010714
2 0.220839 0.450766 0.061129 0.068878
2 0.377822 0.426276 0.014636 0.019898
2 0.395472 0.427041 0.013776 0.018367
12 0.426898 0.412500 0.019802 0.032143
2 0.117092 0.454592 0.117092 0.120918
2 0.334917 0.449235 0.061990 0.076531
2 0.421445 0.436225 0.028412 0.041327
2 0.524331 0.436225 0.065434 0.090306
2 0.043784 0.459694 0.086958 0.119388
2 0.912342 0.541582 0.172734 0.436225