2 0.028847 0.552824 0.057332 0.079718
2 0.941951 0.727834 0.116098 0.337286
2 0.352734 0.503363 0.037603 0.078822
2 0.127712 0.534540 0.048764 0.057365
2 0.453625 0.518506 0.049715 0.071053
2 0.763275 0.585751 0.309989 0.298075
2 0.595120 0.545026 0.127700 0.181964
2 0.522010 0.550225 0.061413 0.116110
2 0.428428 0.519898 0.018521 0.055456
2 0.420142 0.517298 0.021446 0.053723
2 0.410394 0.516432 0.017547 0.045058
2 0.402108 0.522497 0.012673 0.043325
2 0.394310 0.519898 0.014622 0.031194
2 0.160362 0.531162 0.025049 0.043325
2 0.179022 0.529429 0.020182 0.043325
2 0.194116 0.524378 0.021187 0.043028
2 0.210274 0.531099 0.014216 0.029336
2 0.220687 0.529304 0.014837 0.032926
2 0.232492 0.531162 0.004874 0.025995
2 0.241049 0.530801 0.014031 0.029932
2 0.330460 0.520764 0.009748 0.022529