9 0.584246 0.338991 0.022265 0.031151
8 0.544458 0.326038 0.011462 0.038208
8 0.583143 0.402963 0.014328 0.035660
8 0.442730 0.421557 0.008597 0.022925
8 0.365360 0.322217 0.011462 0.022925
9 0.300885 0.374442 0.017193 0.010173
8 0.350414 0.433019 0.011946 0.020377
8 0.242141 0.393963 0.008597 0.020377
6 0.778545 0.462013 0.020406 0.070723
6 0.291103 0.455715 0.007660 0.044117
6 0.280161 0.454033 0.011360 0.050943
9 0.663379 0.320180 0.037252 0.043302
2 0.496526 0.477773 0.013028 0.013476
2 0.456342 0.473265 0.035820 0.040755
2 0.427686 0.470713 0.018626 0.021406
8 0.396981 0.345798 0.007346 0.034281