8 0.430768 0.379263 0.016389 0.048561
8 0.415062 0.380477 0.009560 0.046133
8 0.757873 0.458175 0.020487 0.046133
8 0.283263 0.495810 0.010926 0.024281
9 0.764019 0.540000 0.021853 0.038849
9 0.367942 0.401601 0.027316 0.043705
9 0.066787 0.219497 0.077850 0.140827
6 0.744215 0.618912 0.015024 0.084982
6 0.229998 0.590990 0.035510 0.223381
6 0.371357 0.583706 0.015024 0.048561
6 0.359064 0.578849 0.015024 0.048561
6 0.307848 0.580063 0.040974 0.172392
2 0.115409 0.695862 0.230817 0.608276
2 0.565981 0.636811 0.311399 0.475275
9 0.965472 0.714821 0.017755 0.043705
2 0.428751 0.614873 0.072993 0.186766
9 0.989502 0.492296 0.018721 0.033282