2 0.038982 0.444542 0.077964 0.160330
2 0.873823 0.447829 0.155198 0.142710
2 0.298803 0.424147 0.065183 0.100131
2 0.970151 0.484236 0.059697 0.139105
6 0.748819 0.462447 0.035634 0.142988
6 0.615765 0.460102 0.023763 0.123061
6 0.594585 0.458265 0.022730 0.115714
3 0.534145 0.463775 0.046492 0.078980
8 0.221613 0.225000 0.022730 0.038571
8 0.015497 0.345306 0.017564 0.022041
6 0.424655 0.434118 0.017868 0.095294
9 0.484511 0.309706 0.023824 0.047647
6 0.803033 0.460185 0.040215 0.138463
6 0.785216 0.477832 0.048360 0.139368