9 0.317340 0.249758 0.022037 0.013059
9 0.327440 0.286487 0.018365 0.040810
9 0.324227 0.327297 0.010101 0.021221
9 0.416233 0.403204 0.008264 0.016324
9 0.213488 0.173851 0.021119 0.037545
2 0.447545 0.430139 0.012855 0.017956
2 0.459022 0.430955 0.017446 0.019589
2 0.463614 0.434220 0.017446 0.022854
2 0.468205 0.439117 0.013773 0.029383
2 0.474632 0.442382 0.013773 0.042443
2 0.484733 0.447279 0.022956 0.055502
2 0.508515 0.458706 0.058032 0.075091
2 0.496670 0.453809 0.033974 0.075091
2 0.568751 0.457689 0.020201 0.024083
2 0.595545 0.477683 0.061668 0.079685
2 0.958242 0.496390 0.081949 0.058490
2 0.901805 0.661188 0.196390 0.285752
2 0.676275 0.596236 0.193746 0.290568
2 0.534024 0.479237 0.063506 0.082689
9 0.619253 0.378555 0.012855 0.017956
9 0.787840 0.372842 0.029383 0.019589
9 0.887652 0.266735 0.030302 0.035913
9 0.907919 0.146112 0.032271 0.038828
9 0.921645 0.178818 0.035848 0.023319
9 0.896834 0.196542 0.013773 0.052237
9 0.894079 0.312443 0.039484 0.039178
9 0.900834 0.348828 0.020464 0.040123