6 0.238623 0.434062 0.018457 0.084375
6 0.220166 0.436406 0.023730 0.079687
6 0.258398 0.441093 0.021094 0.112500
6 0.295576 0.430547 0.013184 0.063281
6 0.263672 0.438672 0.010547 0.096094
6 0.352661 0.438672 0.011865 0.058594
8 0.505459 0.236719 0.010547 0.042187
8 0.458657 0.379687 0.006592 0.018750
8 0.548305 0.391406 0.006592 0.018750
8 0.924697 0.420468 0.018457 0.032812
8 0.855483 0.244687 0.014502 0.056250
8 0.871303 0.242344 0.011865 0.056250
9 0.506777 0.391406 0.026367 0.023437
9 0.476455 0.389062 0.021094 0.023437
9 0.318914 0.199907 0.035602 0.055840
9 0.297362 0.284595 0.026775 0.016747
8 0.294521 0.357422 0.018457 0.030469
2 0.494998 0.448554 0.015866 0.033560
2 0.487529 0.441797 0.010547 0.025781
2 0.396297 0.443822 0.041656 0.101417
2 0.446660 0.468750 0.081738 0.121875
2 0.521622 0.408666 0.033909 0.031105
2 0.632406 0.442954 0.037727 0.060966
2 0.700708 0.505078 0.114697 0.133594
2 0.649292 0.467578 0.038232 0.063281
2 0.758028 0.482086 0.046906 0.070731
2 0.972801 0.486054 0.040900 0.031017
2 0.857584 0.532363 0.220526 0.172774
2 0.567365 0.529687 0.201709 0.225000
2 0.875861 0.585937 0.209619 0.210937
0 0.044165 0.485156 0.056689 0.105469
3 0.050098 0.462890 0.068555 0.114844
7 0.029663 0.425390 0.027686 0.147656
7 0.056689 0.397734 0.036914 0.067969
9 0.681591 0.378515 0.015820 0.039844
9 0.698071 0.396093 0.011865 0.028125
9 0.578628 0.396093 0.012920 0.014062
6 0.321152 0.433593 0.007910 0.046875
6 0.327085 0.433593 0.009229 0.046875
9 0.015820 0.069141 0.031641 0.086719
9 0.029663 0.024609 0.059326 0.049219