9 0.036914 0.304018 0.029531 0.033750
9 0.016348 0.198080 0.032695 0.073125
9 0.068555 0.211205 0.031641 0.084375
9 0.120234 0.310848 0.033750 0.061875
8 0.175078 0.134598 0.016875 0.073125
8 0.158730 0.138750 0.013711 0.067500
8 0.195117 0.137812 0.018984 0.076875
9 0.389180 0.417053 0.016875 0.026250
9 0.459844 0.372053 0.033750 0.067500
9 0.615410 0.236116 0.030586 0.024375
9 0.604336 0.330803 0.014766 0.026250
2 0.335918 0.491786 0.051680 0.033750
2 0.739110 0.510803 0.197226 0.120000
2 0.897840 0.524598 0.135000 0.121875
9 0.032695 0.399375 0.010547 0.016875