9 0.875952 0.377132 0.017995 0.031990
9 0.869954 0.415521 0.005998 0.031991
9 0.887349 0.418720 0.016795 0.042654
6 0.925738 0.530687 0.023993 0.087441
2 0.647958 0.531804 0.032390 0.053318
6 0.725934 0.530738 0.008398 0.046919
6 0.740330 0.528605 0.008398 0.051185
6 0.781118 0.538202 0.015595 0.070379
6 0.851897 0.511543 0.013196 0.068246
2 0.561583 0.528605 0.015595 0.021327
2 0.540589 0.536069 0.014396 0.023460
12 0.536991 0.516875 0.014396 0.019194
2 0.593164 0.526472 0.016376 0.029858
9 0.676149 0.480619 0.009597 0.023460
9 0.752327 0.473155 0.008398 0.034123