2 0.288789 0.398969 0.011598 0.022680
2 0.244717 0.402062 0.030155 0.037113
2 0.270812 0.403093 0.038273 0.047423
2 0.129897 0.397938 0.060309 0.065979
9 0.137436 0.353608 0.015077 0.026804
9 0.253415 0.364949 0.028995 0.041237
9 0.300387 0.384536 0.009278 0.018557
2 0.415786 0.400000 0.010438 0.016495
2 0.424485 0.397938 0.009278 0.020619
2 0.436083 0.401031 0.023196 0.039175
2 0.354317 0.453608 0.135696 0.197938
9 0.466817 0.387629 0.017397 0.032990
9 0.496972 0.387629 0.008119 0.024742
9 0.548003 0.371134 0.017397 0.024742
9 0.551482 0.395876 0.010438 0.016495