3 0.949950 0.508633 0.096506 0.611746
2 0.085783 0.499102 0.171566 0.384724
2 0.381637 0.434981 0.090657 0.131707
3 0.471320 0.416785 0.028269 0.050257
3 0.450849 0.415052 0.012673 0.039859
3 0.509825 0.419384 0.027295 0.041592
2 0.158894 0.425449 0.029244 0.084917
2 0.192037 0.422850 0.052640 0.076252
2 0.229080 0.421117 0.038992 0.058922
2 0.264660 0.416785 0.034118 0.046791
2 0.291468 0.415918 0.029244 0.038126
2 0.305115 0.400321 0.040942 0.031194
2 0.332897 0.415918 0.030219 0.048524
1 0.407470 0.384724 0.062388 0.110911