2 0.543123 0.624331 0.025113 0.038268
2 0.460010 0.621142 0.028701 0.040394
2 0.486917 0.615827 0.013155 0.021260
2 0.501865 0.613701 0.014350 0.017008
8 0.457020 0.580748 0.008371 0.019134
8 0.510834 0.585000 0.005979 0.019134
8 0.497082 0.600945 0.009567 0.017008
9 0.585576 0.580748 0.011959 0.023386
9 0.552690 0.583937 0.008371 0.017008
9 0.363145 0.541417 0.011959 0.025512
9 0.360155 0.591378 0.013155 0.023386
9 0.360753 0.567992 0.011959 0.019134
9 0.406794 0.594567 0.010763 0.025512
9 0.435495 0.605197 0.005979 0.017008
9 0.727884 0.481890 0.014350 0.017008
2 0.382877 0.611575 0.041855 0.029764
2 0.279434 0.598819 0.028701 0.021260
2 0.248940 0.596693 0.015546 0.017008
2 0.326073 0.607323 0.019134 0.021260