9 0.643327 0.258308 0.026383 0.057100
9 0.273316 0.160083 0.017206 0.030589
9 0.492698 0.215653 0.016633 0.031609
9 0.122531 0.188123 0.010897 0.023452
8 0.106185 0.182005 0.010324 0.037727
8 0.331875 0.166201 0.009750 0.034668
8 0.317823 0.206477 0.009177 0.039766
8 0.464364 0.210045 0.006309 0.022432
8 0.448592 0.273773 0.004588 0.015295
8 0.419341 0.270204 0.009177 0.018353
2 0.187420 0.341618 0.064237 0.073414
2 0.394757 0.340599 0.020074 0.038746
2 0.399058 0.331422 0.016059 0.020393
2 0.371241 0.344167 0.039575 0.052002
2 0.337689 0.362521 0.051619 0.076473
2 0.253111 0.421379 0.215120 0.336022
2 0.024819 0.421660 0.048751 0.249811
2 0.469891 0.354364 0.025810 0.072394
2 0.495414 0.368129 0.050472 0.081571
12 0.430030 0.314088 0.040148 0.079532
7 0.424007 0.346207 0.013192 0.039766
7 0.432324 0.346717 0.017206 0.044864
7 0.481075 0.386482 0.037854 0.083610
3 0.422287 0.383423 0.017780 0.053021
3 0.431750 0.395659 0.025236 0.077492
3 0.487384 0.428288 0.041295 0.085650