0 0.078049 0.599909 0.049584 0.058767
0 0.091364 0.598277 0.046830 0.062031
0 0.106974 0.598277 0.037647 0.058767
0 0.122584 0.595828 0.028465 0.060399
6 0.050043 0.586034 0.028465 0.102842
6 0.008264 0.578688 0.016528 0.091415
6 0.024333 0.576239 0.026629 0.102842
9 0.157935 0.460339 0.024792 0.019589
8 0.144162 0.486457 0.024792 0.035913
2 0.299649 0.584946 0.115697 0.133857
2 0.378616 0.575967 0.045911 0.083253
2 0.418559 0.592019 0.057848 0.052237
2 0.550325 0.600181 0.012855 0.022854
2 0.541143 0.604262 0.014692 0.027751
2 0.594400 0.612424 0.014692 0.024486
2 0.568690 0.589571 0.033056 0.060399
2 0.619192 0.593652 0.042239 0.068561
2 0.716524 0.605079 0.123043 0.169770
2 0.802379 0.619770 0.059685 0.101209
7 0.839261 0.613241 0.040402 0.140387
0 0.839261 0.649970 0.040402 0.115901
2 0.888386 0.634462 0.136816 0.137122
2 0.961385 0.651602 0.075295 0.161608
9 0.863594 0.484281 0.019283 0.019589
9 0.827324 0.364027 0.027547 0.068561
9 0.834670 0.430955 0.011019 0.019589
9 0.839720 0.447279 0.021119 0.019589
8 0.844311 0.506862 0.024792 0.037545
8 0.810796 0.517473 0.011019 0.035913
8 0.798400 0.550393 0.019283 0.027751
8 0.640464 0.383888 0.010101 0.040810
8 0.405857 0.438573 0.011019 0.035913
8 0.413203 0.440206 0.011019 0.035913
2 0.491609 0.593499 0.089068 0.150181
9 0.346252 0.571408 0.059923 0.101020