8 0.357378 0.521313 0.009439 0.038136
8 0.423019 0.625042 0.006864 0.022881
8 0.534137 0.628093 0.006006 0.016780
8 0.514401 0.647161 0.006006 0.015254
8 0.479221 0.611313 0.006006 0.013729
9 0.149301 0.604449 0.018877 0.039661
9 0.478363 0.595296 0.007722 0.012203
8 0.250551 0.625042 0.006864 0.028983
8 0.259131 0.565551 0.008581 0.025932
8 0.470641 0.606737 0.007722 0.022881
8 0.539285 0.619703 0.006006 0.036610
8 0.518263 0.584619 0.008581 0.024407
8 0.531562 0.544195 0.009439 0.028983
6 0.598490 0.670805 0.016303 0.065593
9 0.458199 0.647161 0.008581 0.012203
9 0.474073 0.660127 0.011155 0.019831
9 0.474931 0.628856 0.007722 0.018305
8 0.078083 0.616652 0.010297 0.027458
9 0.070789 0.670042 0.006006 0.018305
2 0.067408 0.687585 0.067889 0.038136
2 0.506250 0.683771 0.039470 0.027458
2 0.574465 0.677374 0.042044 0.031099
2 0.618226 0.672330 0.040328 0.028983