2 0.584450 0.400424 0.015211 0.022881
2 0.528287 0.395224 0.010531 0.012481
2 0.516650 0.412331 0.017679 0.025894
2 0.487334 0.413945 0.024571 0.037442
2 0.345756 0.408745 0.031592 0.018721
2 0.311824 0.404890 0.024571 0.013949
2 0.598296 0.406318 0.016381 0.016641
2 0.606486 0.410478 0.014041 0.016641
2 0.614092 0.414638 0.012871 0.016641
2 0.629444 0.423714 0.022514 0.031270
2 0.772636 0.443413 0.072544 0.064484
9 0.552663 0.368529 0.011701 0.018721
9 0.965515 0.232974 0.012871 0.024961
9 0.969025 0.276657 0.010531 0.029122