8 0.349101 0.319687 0.012656 0.020625
8 0.452461 0.330000 0.012656 0.018750
9 0.924433 0.188437 0.030586 0.065625
9 0.939199 0.033758 0.041133 0.059984
9 0.619101 0.300000 0.012656 0.030000
9 0.525762 0.300000 0.007383 0.015000
9 0.439805 0.234375 0.010547 0.022500
9 0.428730 0.239062 0.009492 0.028125
8 0.384433 0.339375 0.009492 0.015000
8 0.602754 0.279375 0.009492 0.022500
6 0.758465 0.378187 0.027422 0.110625
6 0.739481 0.381937 0.021094 0.099375
6 0.722606 0.378187 0.016875 0.103125
6 0.706785 0.376312 0.018984 0.114375
6 0.663543 0.369750 0.016875 0.086250
6 0.670926 0.373500 0.018984 0.105000
6 0.645614 0.368812 0.012656 0.080625
2 0.418183 0.370000 0.015820 0.033750
2 0.429806 0.378457 0.029531 0.037500
2 0.301134 0.398291 0.071719 0.080918
6 0.309572 0.350332 0.012656 0.026250
6 0.464010 0.372156 0.007722 0.032034
6 0.473449 0.372156 0.009439 0.035085
2 0.817956 0.388173 0.077225 0.057966