8 0.418680 0.608280 0.006824 0.013864
8 0.392848 0.610013 0.005849 0.013864
2 0.428428 0.641640 0.008773 0.015597
2 0.440126 0.644240 0.008773 0.020796
2 0.450361 0.645106 0.009748 0.025995
2 0.478143 0.634708 0.016572 0.025995
2 0.499102 0.652038 0.029244 0.060655
2 0.522497 0.654638 0.027295 0.051990
2 0.683340 0.681499 0.081884 0.119576
2 0.408932 0.639647 0.008773 0.019063
2 0.359217 0.644673 0.045816 0.064467
2 0.357754 0.663043 0.040942 0.072786
2 0.329485 0.683839 0.064337 0.114377
2 0.284156 0.707061 0.075060 0.151117
2 0.136961 0.770488 0.273921 0.339666
2 0.577330 0.685862 0.126725 0.150708
2 0.913687 0.760640 0.170591 0.261741
9 0.039967 0.212291 0.079934 0.098781
2 0.465995 0.650802 0.035820 0.053491
2 0.395398 0.647362 0.025113 0.040394