2 0.243215 0.472703 0.194760 0.161373
2 0.085441 0.429470 0.075844 0.061591
9 0.343404 0.348736 0.031836 0.019975
9 0.712324 0.235543 0.029963 0.036621
9 0.700620 0.292139 0.017791 0.056597
9 0.028793 0.205580 0.035581 0.023305
8 0.238066 0.184772 0.012172 0.054932
8 0.261474 0.187269 0.010300 0.059926
8 0.548464 0.180610 0.014982 0.059926
8 0.564850 0.181443 0.015918 0.064920
8 0.545186 0.467756 0.012172 0.021640
8 0.251174 0.187269 0.012172 0.059926
8 0.747437 0.460265 0.006554 0.023305
8 0.821876 0.465259 0.005618 0.013317
8 0.349022 0.372041 0.011236 0.019975