9 0.281445 0.174079 0.029975 0.049737
9 0.389357 0.270000 0.011990 0.021316
9 0.557218 0.258454 0.015987 0.033750
9 0.504262 0.274441 0.009992 0.019539
2 0.433320 0.301086 0.007993 0.015987
2 0.424827 0.302862 0.010991 0.023092
2 0.418333 0.305526 0.013988 0.021316
2 0.411838 0.310855 0.012989 0.031974
2 0.394538 0.316642 0.032973 0.043108
2 0.361380 0.317402 0.035970 0.053289
2 0.320073 0.314131 0.061269 0.091814
2 0.302928 0.331105 0.068943 0.093790
2 0.232880 0.349381 0.121112 0.133893
2 0.443812 0.300197 0.004996 0.017763
2 0.454303 0.302862 0.005995 0.015987
2 0.464295 0.299309 0.009992 0.019539
2 0.471289 0.303750 0.013988 0.024868
2 0.475785 0.309967 0.012989 0.030197
2 0.489274 0.312632 0.015987 0.042632
2 0.512255 0.317072 0.037969 0.058618
6 0.546228 0.312632 0.009992 0.039079
6 0.565711 0.310855 0.006994 0.039079