2 0.834704 0.673219 0.329858 0.429205
2 0.619946 0.549698 0.064568 0.069871
2 0.678548 0.582138 0.136856 0.122274
2 0.287982 0.509772 0.014037 0.019963
2 0.271489 0.521001 0.023160 0.037431
2 0.290790 0.529735 0.022458 0.047412
2 0.312897 0.529111 0.040004 0.093577
2 0.373956 0.476084 0.114397 0.052403
2 0.427295 0.688192 0.278625 0.399261
9 0.874357 0.432415 0.031582 0.024954
9 0.855057 0.378141 0.016844 0.033688
9 0.462737 0.389370 0.021055 0.016220
9 0.027254 0.396232 0.038600 0.087338
9 0.226222 0.466103 0.022458 0.049908
8 0.212185 0.272087 0.018247 0.063632
8 0.081295 0.270840 0.017546 0.063632
8 0.640298 0.276454 0.012633 0.062384
8 0.713288 0.398104 0.009826 0.058641
8 0.564852 0.460488 0.009124 0.048660
8 0.407994 0.361921 0.008422 0.041174
8 0.336759 0.350068 0.009124 0.042421
8 0.105157 0.462984 0.007720 0.028697
8 0.111122 0.465479 0.004211 0.026201
9 0.225169 0.508524 0.020353 0.027449
2 0.230783 0.528487 0.028775 0.032440
2 0.212536 0.517258 0.011931 0.022458
2 0.199903 0.523497 0.027371 0.032440
7 0.079891 0.525992 0.021757 0.044917
3 0.083400 0.557808 0.025968 0.053651
2 0.010761 0.532230 0.021055 0.037431
2 0.140599 0.530295 0.091237 0.056273
8 0.729430 0.394361 0.015440 0.076109
9 0.611524 0.492928 0.014037 0.011229
9 0.640415 0.500947 0.013335 0.013725