2 0.669631 0.412115 0.011005 0.023123
2 0.676634 0.421897 0.009004 0.014229
2 0.682843 0.443400 0.020598 0.039449
2 0.700646 0.446799 0.025012 0.046245
2 0.726159 0.453913 0.030015 0.056917
2 0.763677 0.463696 0.065032 0.126285
2 0.851721 0.485929 0.163081 0.188538
1 0.604098 0.406779 0.118058 0.250791
6 0.967278 0.417451 0.016008 0.040909
9 0.221735 0.113580 0.074037 0.042688
9 0.231239 0.065556 0.029014 0.053360
8 0.268758 0.255872 0.050025 0.064032
8 0.262755 0.015881 0.028014 0.031762
6 0.303775 0.514032 0.108053 0.530040
6 0.488867 0.496245 0.040020 0.216996
6 0.204226 0.515810 0.073036 0.284585
6 0.060655 0.454447 0.046023 0.215217
6 0.378312 0.490020 0.043021 0.197431
6 0.356301 0.454447 0.021010 0.147628
6 0.380813 0.478459 0.024012 0.170751
6 0.411328 0.452668 0.025012 0.161858
6 0.432339 0.461561 0.021010 0.179644
6 0.449347 0.476680 0.023011 0.170751
6 0.464855 0.481127 0.024012 0.222332
6 0.492368 0.441107 0.023011 0.152964
9 0.898643 0.340312 0.014502 0.037500