9 0.112443 0.176020 0.025829 0.056939
9 0.740089 0.293571 0.018597 0.031224
8 0.113648 0.247959 0.020663 0.047755
8 0.575782 0.384796 0.009298 0.016531
8 0.467816 0.365510 0.006199 0.018367
8 0.507076 0.327857 0.008265 0.020204
6 0.459499 0.413724 0.009298 0.036735
6 0.470864 0.413724 0.009298 0.040408
6 0.509608 0.416480 0.010332 0.056939
6 0.518906 0.415561 0.012398 0.073469
6 0.559199 0.417398 0.010332 0.055102
6 0.628163 0.433928 0.007232 0.040408
6 0.977298 0.472303 0.017564 0.080816
6 0.962318 0.475977 0.020663 0.091837
6 0.900402 0.463775 0.018597 0.084490
6 0.881805 0.457041 0.021696 0.093673
6 0.829113 0.474490 0.025829 0.106531
6 0.940867 0.464388 0.024796 0.123061
6 0.747149 0.457041 0.056824 0.233265
6 0.785376 0.478163 0.065089 0.216735
6 0.699107 0.459796 0.037194 0.135918
6 0.605650 0.438355 0.039260 0.189184
6 0.540000 0.455284 0.057857 0.196690
6 0.488342 0.435918 0.024796 0.132245
6 0.439266 0.435918 0.023763 0.117551
6 0.414471 0.435918 0.027895 0.110204
6 0.372111 0.421224 0.027895 0.080816
2 0.067437 0.527837 0.134875 0.411428
8 0.784734 0.065147 0.022730 0.088163
8 0.344560 0.308571 0.009298 0.029388
2 0.343871 0.390918 0.021696 0.053265
2 0.333023 0.417551 0.035128 0.080816
2 0.317009 0.419388 0.038227 0.088163
2 0.304611 0.426735 0.048559 0.121224
2 0.236154 0.433163 0.129682 0.163469
12 0.625580 0.416939 0.061990 0.062449
2 0.597168 0.429796 0.052691 0.044082
12 0.387953 0.383877 0.068189 0.058775
2 0.396735 0.419694 0.040293 0.060612
8 0.150206 0.049804 0.025034 0.095369