9 0.494471 0.385527 0.014636 0.029082
9 0.442812 0.382466 0.014636 0.013776
9 0.475960 0.383997 0.008610 0.019898
8 0.385988 0.377874 0.009471 0.019898
8 0.426454 0.382466 0.007749 0.016837
8 0.391585 0.398538 0.010332 0.015306
8 0.396751 0.410017 0.008610 0.010714
2 0.455296 0.419201 0.022385 0.044388
2 0.479404 0.432993 0.039605 0.062789
2 0.512551 0.437568 0.040466 0.068878
2 0.528840 0.446786 0.050797 0.084184
2 0.572749 0.459490 0.097290 0.124898
2 0.420816 0.441852 0.052519 0.099970
2 0.658013 0.473770 0.163584 0.188235
2 0.887104 0.517857 0.222130 0.345919