9 0.550992 0.435689 0.047337 0.080931
9 0.885950 0.210093 0.087755 0.153929
9 0.633215 0.332820 0.050313 0.029122
9 0.456535 0.455547 0.015211 0.024962
9 0.503494 0.490554 0.014852 0.028410
9 0.454779 0.512751 0.016381 0.031202
9 0.278892 0.515871 0.012455 0.024961
2 0.316096 0.542318 0.010592 0.015452
2 0.320160 0.547964 0.009361 0.016641
2 0.327766 0.547964 0.010531 0.024961
2 0.340637 0.555245 0.024571 0.052003
2 0.310215 0.554205 0.015211 0.033282
2 0.296759 0.562427 0.035102 0.045959
2 0.433337 0.558295 0.042762 0.058383
2 0.184432 0.583326 0.028082 0.079045
2 0.378079 0.579166 0.080735 0.099846
2 0.242282 0.580698 0.096978 0.132031
2 0.096677 0.630129 0.191892 0.347381
2 0.659383 0.577086 0.212151 0.203852