9 0.222012 0.292500 0.032695 0.060000
9 0.611719 0.247500 0.014766 0.026250
2 0.485683 0.348000 0.013711 0.033750
2 0.493594 0.352687 0.016875 0.020625
2 0.507305 0.348937 0.014766 0.031875
2 0.524707 0.351750 0.026367 0.048750
2 0.544219 0.355500 0.029531 0.048750
2 0.339609 0.369562 0.025312 0.050625
12 0.329590 0.347062 0.022148 0.035625
2 0.757814 0.416894 0.143437 0.103125
2 0.808966 0.425332 0.125508 0.108750
12 0.827929 0.337500 0.086484 0.048750
12 0.659945 0.356794 0.146221 0.083588
12 0.628066 0.341250 0.104414 0.082500
2 0.393926 0.415839 0.125508 0.177072
2 0.084375 0.432160 0.168750 0.260680
2 0.903340 0.473437 0.064336 0.103125
2 0.795931 0.349198 0.071161 0.025995
2 0.890974 0.436714 0.216407 0.142105
12 0.665306 0.162035 0.039967 0.029461
12 0.681391 0.369994 0.130624 0.102247
12 0.726232 0.390790 0.134523 0.098781
12 0.961648 0.476573 0.069211 0.155969