8 0.366059 0.348127 0.014346 0.056108
8 0.477001 0.428889 0.016259 0.047607
8 0.430137 0.558108 0.008608 0.017003
8 0.175020 0.441499 0.017215 0.034005
8 0.817556 0.554849 0.029648 0.037406
8 0.336650 0.500441 0.015302 0.027204
9 0.815643 0.439799 0.023910 0.017003
9 0.808948 0.530762 0.016259 0.022103
9 0.799385 0.512059 0.031561 0.025504
2 0.153214 0.545781 0.042081 0.078212
2 0.775921 0.657998 0.131026 0.078212
2 0.869109 0.749641 0.260139 0.283942
2 0.448548 0.587437 0.054514 0.074811
8 0.408858 0.555133 0.007651 0.017003
9 0.503772 0.528674 0.016722 0.021893
9 0.571923 0.485422 0.019128 0.013602
9 0.341894 0.339844 0.018457 0.037500