2 0.230542 0.625957 0.086758 0.103980
2 0.617541 0.621398 0.104304 0.120029
2 0.407470 0.605161 0.015597 0.020796
12 0.468541 0.594259 0.020180 0.040584
2 0.283226 0.616869 0.045726 0.084917
2 0.319510 0.616828 0.036517 0.059559
2 0.328546 0.607760 0.036971 0.067587
2 0.352640 0.610912 0.018635 0.047936
2 0.372356 0.609094 0.023436 0.039061
2 0.382125 0.609493 0.011698 0.032927
2 0.573187 0.624224 0.033143 0.076252
2 0.554666 0.619025 0.025345 0.058922
2 0.548817 0.605161 0.040942 0.072786
2 0.520547 0.610360 0.021446 0.048524
2 0.504950 0.613826 0.011698 0.027728
2 0.491578 0.604387 0.016997 0.025020
2 0.420142 0.603428 0.009748 0.020796
2 0.431969 0.603214 0.009490 0.014856
2 0.441078 0.603605 0.010995 0.014074
8 0.050690 0.476919 0.027295 0.038126
8 0.610230 0.153716 0.021446 0.091849
8 0.764737 0.473453 0.026320 0.045058
8 0.586347 0.165847 0.022421 0.088383
9 0.077010 0.412799 0.044841 0.027728
9 0.724770 0.372940 0.012673 0.024262
9 0.751577 0.382471 0.033143 0.019063
9 0.738904 0.434461 0.040942 0.025995
8 0.409181 0.538441 0.004375 0.015597
8 0.472782 0.534975 0.005849 0.015597
9 0.316813 0.534108 0.015597 0.024262
8 0.478022 0.537146 0.005717 0.015637
8 0.413810 0.538709 0.006597 0.017201