8 0.479057 0.507065 0.015298 0.066481
8 0.261201 0.449278 0.018131 0.071253
8 0.783743 0.625865 0.025710 0.048972
8 0.601596 0.655901 0.020141 0.045707
9 0.756747 0.519268 0.040402 0.021221
9 0.764092 0.562527 0.025710 0.062031
9 0.483251 0.651097 0.011019 0.026119
2 0.260777 0.742185 0.049584 0.083765
2 0.203847 0.763150 0.073458 0.109371
2 0.447361 0.698180 0.011019 0.024486
2 0.462053 0.697364 0.016528 0.026119
2 0.485454 0.712768 0.022037 0.034281
2 0.514292 0.739602 0.046814 0.072234
2 0.667644 0.769190 0.164363 0.163241
2 0.816431 0.846076 0.290160 0.302648
2 0.967714 0.939109 0.061990 0.115276
2 0.420396 0.686427 0.028465 0.034281
2 0.313881 0.718259 0.037647 0.045707
2 0.128862 0.778005 0.119370 0.143652
2 0.419940 0.841669 0.196501 0.274244
8 0.241437 0.446780 0.011465 0.078265