2 0.130517 0.420971 0.261035 0.304612
2 0.431103 0.396093 0.137109 0.229687
2 0.504460 0.348047 0.027686 0.035156
2 0.524551 0.340084 0.014190 0.028692
6 0.982836 0.342187 0.031641 0.217969
6 0.922851 0.348047 0.043506 0.201562
6 0.826611 0.369140 0.032959 0.164062
6 0.787060 0.364453 0.038232 0.187500
6 0.713891 0.338672 0.018457 0.098437
6 0.696752 0.352734 0.018457 0.117187
6 0.693457 0.343359 0.014502 0.093750
0 0.666430 0.378515 0.027686 0.075000
6 0.672363 0.336328 0.018457 0.075000
6 0.610180 0.341015 0.011865 0.053906
6 0.639184 0.338672 0.011865 0.053906
6 0.587109 0.344531 0.007910 0.051562
6 0.307837 0.362311 0.017139 0.093965
6 0.328930 0.359473 0.011865 0.080722
6 0.339616 0.359631 0.009505 0.082300
6 0.275263 0.368733 0.012635 0.082846
6 0.259717 0.359765 0.015820 0.086719
6 0.222803 0.346484 0.029004 0.091406
6 0.241919 0.347656 0.017139 0.089062
9 0.451318 0.212500 0.013184 0.032812
9 0.455107 0.250395 0.016367 0.025791
6 0.626220 0.343359 0.010547 0.044531
9 0.593354 0.270042 0.013291 0.013502