2 0.371678 0.535527 0.036219 0.046759
9 0.210820 0.492049 0.020751 0.029467
9 0.244311 0.522373 0.015597 0.027728
9 0.406704 0.464740 0.010548 0.042481
9 0.144316 0.324145 0.026474 0.039461
9 0.317486 0.333474 0.021574 0.041597
8 0.288178 0.327907 0.017547 0.029461
9 0.542577 0.061124 0.052590 0.086103
9 0.539633 0.142748 0.051904 0.064121
9 0.539072 0.216146 0.047528 0.084209
9 0.572334 0.306616 0.018521 0.039859
9 0.097534 0.451873 0.014486 0.053094
9 0.295489 0.511109 0.010723 0.015597
9 0.362552 0.357135 0.004743 0.012265