8 0.424451 0.301974 0.017985 0.042632
8 0.774163 0.235362 0.029975 0.033750
8 0.802639 0.260230 0.012989 0.026645
9 0.816128 0.202500 0.031974 0.017763
9 0.827119 0.274441 0.025979 0.019539
9 0.813630 0.324178 0.026978 0.062171
9 0.420954 0.337500 0.018984 0.014211
9 0.015887 0.063059 0.031774 0.044408
2 0.556842 0.445855 0.014988 0.024868
2 0.570331 0.446743 0.015987 0.023092
2 0.584819 0.454737 0.016986 0.021316
2 0.609798 0.463618 0.026978 0.039079
2 0.809134 0.468947 0.215822 0.138553
2 0.369995 0.643914 0.460621 0.509803
2 0.981992 0.485822 0.035970 0.097697
2 0.945522 0.706974 0.108910 0.323289
6 0.067245 0.516020 0.050958 0.271776
6 0.109210 0.492039 0.102915 0.309079
6 0.158669 0.516908 0.073939 0.238026
8 0.821763 0.391656 0.019496 0.031194