2 0.084443 0.699015 0.165717 0.161168
2 0.170713 0.677352 0.028269 0.041592
2 0.193621 0.683418 0.025345 0.032927
2 0.214580 0.679085 0.024370 0.031194
2 0.236025 0.678219 0.020471 0.019063
2 0.254059 0.674753 0.017547 0.025995
2 0.274043 0.671287 0.020471 0.022529
2 0.287690 0.675619 0.012673 0.013864
2 0.300850 0.673020 0.013647 0.015597
9 0.025954 0.638112 0.011698 0.025995
12 0.354464 0.630314 0.064337 0.103980
2 0.395187 0.673267 0.013647 0.012131
2 0.439541 0.665469 0.016572 0.017330
2 0.420532 0.661136 0.023395 0.029461
2 0.464398 0.655764 0.033143 0.041592
2 0.507736 0.659230 0.018776 0.027728
12 0.635965 0.622837 0.077985 0.128241
2 0.588199 0.647099 0.013647 0.051990
9 0.272361 0.598575 0.035093 0.062388
9 0.240193 0.644673 0.007798 0.013864
9 0.258227 0.642940 0.006824 0.013864
2 0.852469 0.660270 0.069211 0.069320
2 0.936342 0.659249 0.114132 0.094576
2 0.988943 0.679333 0.018521 0.062388
9 0.860971 0.519580 0.026863 0.049159
9 0.865629 0.564089 0.011698 0.015597
9 0.728700 0.446186 0.052341 0.079322