2 0.015789 0.375549 0.031578 0.063320
2 0.050483 0.373613 0.041895 0.055576
2 0.089724 0.380689 0.039635 0.051492
2 0.248507 0.378946 0.020035 0.026327
2 0.586183 0.415884 0.077667 0.106126
2 0.547167 0.405312 0.046437 0.075270
2 0.515362 0.407043 0.031995 0.057240
2 0.500047 0.394386 0.036876 0.053417
2 0.481609 0.401670 0.019121 0.038849
2 0.471366 0.398028 0.020487 0.031565
2 0.438587 0.384674 0.020487 0.024281
2 0.314858 0.376636 0.018869 0.020932
2 0.267998 0.381463 0.014155 0.018971
2 0.278077 0.375917 0.015339 0.025417
2 0.290428 0.377011 0.010671 0.022455
2 0.424246 0.384674 0.010926 0.019424
2 0.417418 0.379818 0.010926 0.014568
2 0.411954 0.383460 0.013658 0.012140
2 0.370981 0.379818 0.013658 0.014568
8 0.437221 0.311832 0.004097 0.024281
8 0.342982 0.314260 0.006829 0.019424
8 0.364835 0.343397 0.004097 0.019424
8 0.422198 0.345825 0.006829 0.019424
8 0.232585 0.292030 0.005662 0.018196
9 0.203680 0.293054 0.023203 0.013276
9 0.549216 0.294836 0.015024 0.019424
9 0.548533 0.313046 0.019121 0.012140
9 0.549606 0.257903 0.014244 0.044729
9 0.454560 0.314260 0.018589 0.009712
9 0.317184 0.327544 0.009863 0.016855
9 0.305423 0.348253 0.010926 0.009712
9 0.452607 0.359102 0.007553 0.016842
2 0.130193 0.373026 0.034971 0.042632
2 0.297833 0.377011 0.008493 0.018584