2 0.414368 0.464528 0.017938 0.014882
2 0.409321 0.468780 0.016074 0.010630
2 0.400615 0.456139 0.014350 0.010399
2 0.380711 0.470715 0.023066 0.019516
2 0.358526 0.467442 0.015468 0.021272
2 0.336289 0.467410 0.010069 0.020646
2 0.326167 0.469719 0.023309 0.029516
2 0.300028 0.472832 0.048154 0.035742
2 0.271574 0.472544 0.045527 0.041506
2 0.209525 0.473092 0.024223 0.050326
2 0.165730 0.467282 0.067960 0.064649
2 0.142047 0.487874 0.069883 0.044725
2 0.093163 0.457946 0.069590 0.045054
2 0.057055 0.483767 0.114110 0.065179
9 0.471902 0.379760 0.056738 0.052402
9 0.523590 0.379134 0.046639 0.051024
2 0.514621 0.465236 0.007175 0.019134
2 0.525982 0.468425 0.015546 0.025512
2 0.539846 0.482657 0.029443 0.037838
2 0.442383 0.478842 0.030121 0.051450
2 0.623366 0.505606 0.093295 0.130542
9 0.807808 0.422717 0.008371 0.019134
2 0.486319 0.497835 0.076535 0.129685
2 0.783205 0.467469 0.017246 0.021756
9 0.396090 0.380317 0.055196 0.037799
2 0.371805 0.466145 0.016343 0.022828
2 0.395882 0.465879 0.013205 0.017927