2 0.393945 0.510209 0.058734 0.084603
2 0.259420 0.511802 0.070428 0.091255
2 0.328929 0.484716 0.036794 0.049883
2 0.349576 0.483775 0.018794 0.024471
2 0.577574 0.538960 0.131599 0.149037
2 0.857572 0.557157 0.284644 0.639474
6 0.754014 0.453177 0.039967 0.088383
2 0.710148 0.545026 0.119901 0.178498
9 0.461572 0.434114 0.014622 0.029461
9 0.301048 0.435269 0.015262 0.028305
8 0.188625 0.464442 0.014622 0.020796
6 0.085783 0.507767 0.019496 0.121309
8 0.360191 0.426316 0.006824 0.013864
8 0.442563 0.428049 0.007798 0.010398
8 0.337771 0.441046 0.006824 0.015597
8 0.547355 0.447112 0.008773 0.027728
2 0.379091 0.475305 0.029118 0.042353
2 0.356856 0.475305 0.012177 0.024471