9 0.870497 0.062583 0.061990 0.119388
9 0.867914 0.155338 0.056824 0.066122
9 0.863782 0.242583 0.063023 0.112041
9 0.537819 0.209522 0.020663 0.060612
9 0.535752 0.301358 0.016531 0.027551
9 0.538335 0.361052 0.021696 0.018367
9 0.733603 0.331664 0.015497 0.025714
2 0.398112 0.444184 0.010332 0.016531
2 0.342838 0.458877 0.023763 0.038571
2 0.417226 0.459796 0.032028 0.040408
2 0.274305 0.469296 0.053724 0.067938
2 0.375555 0.457347 0.049592 0.077143
2 0.682404 0.476633 0.140510 0.086327
12 0.964458 0.420612 0.070255 0.069796