2 0.401133 0.440180 0.006824 0.020796
2 0.368477 0.451444 0.015597 0.022529
2 0.388948 0.454103 0.021446 0.037552
2 0.428915 0.426316 0.035093 0.020796
2 0.428669 0.467041 0.057996 0.071053
2 0.280745 0.482199 0.167667 0.226144
2 0.148369 0.496847 0.129072 0.157013
2 0.483505 0.441913 0.013647 0.017330
2 0.516930 0.458376 0.055153 0.067587
6 0.841564 0.451444 0.047400 0.171566
9 0.728669 0.226155 0.057514 0.123042
8 0.454260 0.335334 0.005849 0.022529
8 0.326073 0.329268 0.006824 0.027728
8 0.550279 0.381258 0.012673 0.017330
9 0.520547 0.374326 0.011698 0.006932
9 0.526396 0.358729 0.013647 0.010398
6 0.562464 0.434981 0.013647 0.055456
9 0.497046 0.410336 0.008004 0.016008
9 0.774182 0.379210 0.014007 0.024901