9 0.646221 0.396327 0.009597 0.014929
1 0.627626 0.408057 0.013196 0.021327
1 0.712801 0.376066 0.013196 0.025592
1 0.700804 0.381398 0.010797 0.027725
2 0.691207 0.399526 0.010797 0.012796
2 0.677411 0.412322 0.011996 0.021327
9 0.676812 0.394194 0.010797 0.023460
2 0.654618 0.422295 0.019194 0.018443
2 0.598235 0.420853 0.016795 0.021327
1 0.571243 0.414455 0.034790 0.034123
2 0.541252 0.417654 0.025193 0.023460
2 0.514260 0.418720 0.016795 0.021327
2 0.541379 0.443246 0.042242 0.044787
2 0.456077 0.452153 0.068380 0.078158
9 0.477671 0.401658 0.017995 0.025592
2 0.099377 0.517891 0.198753 0.223934
2 0.689819 0.427251 0.018372 0.034123
2 0.745392 0.424200 0.015997 0.025035
9 0.830366 0.401658 0.013196 0.017062
12 0.882773 0.427626 0.060427 0.034873
2 0.973666 0.491419 0.052669 0.132601