8 0.373992 0.055066 0.024979 0.110132
8 0.408963 0.057730 0.024979 0.115461
8 0.396973 0.518684 0.008993 0.017763
8 0.434442 0.524901 0.009992 0.019539
8 0.423451 0.557763 0.007993 0.014211
9 0.163166 0.280658 0.034971 0.021316
9 0.183149 0.341053 0.054955 0.035526
9 0.188645 0.165197 0.067944 0.113684
9 0.197637 0.280658 0.017985 0.028421
6 0.616293 0.588849 0.017985 0.055066
6 0.590659 0.613717 0.031284 0.104803
6 0.333026 0.593289 0.014988 0.063947
2 0.420454 0.601283 0.007993 0.026645
2 0.429946 0.602171 0.010991 0.031974
2 0.447432 0.579967 0.023980 0.047961
2 0.443435 0.604836 0.023980 0.055066
2 0.484266 0.596276 0.082928 0.107712
2 0.406815 0.599768 0.015647 0.027168
2 0.505384 0.635033 0.089926 0.126118
2 0.962632 0.688456 0.072691 0.108484
8 0.696227 0.456513 0.015987 0.042632
8 0.736694 0.450296 0.026978 0.047961
8 0.157670 0.430757 0.029975 0.055066