9 0.157919 0.402054 0.056539 0.117843
9 0.146709 0.277279 0.022421 0.031194
6 0.022781 0.540693 0.043964 0.187163
6 0.071648 0.531162 0.039967 0.150770
2 0.346544 0.496344 0.090657 0.102563
2 0.468883 0.492012 0.068237 0.093898
2 0.876352 0.607414 0.245652 0.400321
2 0.723307 0.545892 0.163768 0.190629
2 0.626801 0.519898 0.083833 0.117843
2 0.585860 0.493903 0.058488 0.065854
2 0.557590 0.480905 0.027295 0.053723
2 0.539069 0.484371 0.011698 0.046791
2 0.528833 0.468774 0.022421 0.039859
2 0.422149 0.468011 0.036927 0.051460
2 0.499389 0.475164 0.021982 0.058618
8 0.498889 0.397895 0.006994 0.014211