2 0.514449 0.468314 0.076947 0.029153
2 0.362448 0.504194 0.045411 0.065033
2 0.577520 0.472799 0.018921 0.024668
2 0.606532 0.479475 0.046673 0.038226
2 0.657620 0.509800 0.080731 0.089701
2 0.829804 0.622496 0.339322 0.321072
2 0.520756 0.706769 0.467987 0.468687
2 0.251265 0.535395 0.111361 0.116970
8 0.419212 0.447757 0.012614 0.017940
8 0.482283 0.411877 0.012614 0.013455
8 0.528324 0.414119 0.013876 0.017940
2 0.404075 0.489244 0.032797 0.042608
6 0.929456 0.460091 0.029013 0.060548
6 0.906120 0.460091 0.020183 0.051578
2 0.758084 0.468707 0.122045 0.066759