2 0.164478 0.447149 0.116161 0.104312
2 0.309481 0.415698 0.045849 0.066226
2 0.281542 0.426568 0.061610 0.067588
2 0.476327 0.384453 0.012748 0.016642
2 0.534429 0.380038 0.014328 0.010189
2 0.530130 0.406783 0.017193 0.017830
2 0.550906 0.416972 0.044416 0.063679
2 0.559502 0.428434 0.030088 0.061132
2 0.588158 0.425887 0.050147 0.076415
2 0.599661 0.436764 0.046158 0.077792
2 0.643320 0.438623 0.077370 0.117170
2 0.739317 0.439897 0.171934 0.196132
2 0.865975 0.476787 0.263632 0.295384
2 0.438341 0.393993 0.019876 0.023034