9 0.800857 0.429466 0.016593 0.032969
9 0.815986 0.462435 0.023425 0.039910
9 0.776944 0.468509 0.033186 0.020823
9 0.608085 0.470244 0.027330 0.038175
9 0.659328 0.521433 0.026354 0.019087
9 0.310387 0.499743 0.039042 0.027763
9 0.259632 0.554402 0.015617 0.032969
9 0.240111 0.494537 0.023425 0.017352
9 0.064908 0.551799 0.038066 0.027763
8 0.066411 0.494804 0.010926 0.060701
8 0.237843 0.565681 0.012344 0.031234
9 0.240599 0.592577 0.018545 0.019087
8 0.398720 0.492802 0.012689 0.038175
8 0.567579 0.455495 0.012689 0.053792
8 0.775480 0.545726 0.014641 0.029499
8 0.554890 0.458965 0.012689 0.053792
9 0.516824 0.549196 0.038066 0.029499
6 0.263536 0.637692 0.013665 0.050321
6 0.246943 0.638560 0.009761 0.048586
6 0.224006 0.634222 0.014641 0.053792
6 0.183499 0.651574 0.013665 0.064203
6 0.149337 0.652442 0.021473 0.076350
6 0.135184 0.650707 0.014641 0.072879
0 0.063932 0.713174 0.061492 0.128406
7 0.066372 0.680205 0.046851 0.170051
9 0.399208 0.577827 0.013665 0.010411
2 0.385056 0.637692 0.016593 0.036440
2 0.368463 0.644633 0.022449 0.043380
2 0.479245 0.633354 0.011713 0.024293
6 0.835019 0.654177 0.016593 0.114524
6 0.858445 0.645501 0.030258 0.117995
2 0.947342 0.594701 0.065558 0.046133
2 0.413849 0.629016 0.031234 0.046851
2 0.499131 0.632420 0.032858 0.053658
2 0.452467 0.649513 0.047953 0.063978
2 0.324052 0.669794 0.101510 0.111054
2 0.624813 0.656428 0.089734 0.136379
8 0.754766 0.433929 0.013658 0.048561