2 0.167364 0.705015 0.334728 0.581101
12 0.275944 0.494404 0.047382 0.066159
12 0.352833 0.467601 0.102591 0.166328
2 0.526835 0.488146 0.018104 0.035762
2 0.576622 0.503787 0.039226 0.052739
2 0.542928 0.489040 0.010058 0.023245
2 0.549969 0.489040 0.004023 0.019669
2 0.559524 0.473841 0.017099 0.021457
12 0.457686 0.467069 0.044756 0.043674
8 0.228114 0.436291 0.014081 0.039338
8 0.494650 0.254801 0.012070 0.055430
8 0.924124 0.388013 0.018104 0.032185
8 0.915575 0.347781 0.013075 0.026821
8 0.414186 0.396060 0.016093 0.059007
8 0.431285 0.410364 0.016093 0.023245
8 0.948766 0.369238 0.017099 0.069735
8 0.983279 0.107285 0.029800 0.121589
9 0.745596 0.374603 0.027156 0.026821
9 0.494147 0.211876 0.013075 0.019691
9 0.464476 0.254801 0.022127 0.016093
9 0.227598 0.382500 0.011865 0.028125
9 0.404917 0.502031 0.015820 0.032812