9 0.465562 0.448125 0.010547 0.023437
2 0.403599 0.480937 0.010547 0.023437
2 0.395689 0.476250 0.015820 0.032812
2 0.375913 0.480937 0.034277 0.056250
2 0.372618 0.503203 0.022412 0.049219
2 0.357456 0.502031 0.023730 0.056250
2 0.344273 0.506718 0.026367 0.070312
2 0.325816 0.517265 0.044824 0.086719
2 0.269126 0.520781 0.105469 0.140625
2 0.206504 0.559366 0.141064 0.180295
2 0.439195 0.476250 0.010547 0.023437
2 0.444468 0.486797 0.010547 0.030469
2 0.451060 0.486797 0.010547 0.035156
2 0.458970 0.486797 0.015820 0.044531
2 0.479405 0.488395 0.040869 0.052416
2 0.503135 0.503203 0.027686 0.072656
2 0.532139 0.500859 0.059326 0.114844
2 0.569554 0.513752 0.068871 0.154693
2 0.669907 0.527725 0.197754 0.243576
2 0.092376 0.577031 0.184751 0.365625
2 0.872935 0.572343 0.253125 0.276562
2 0.421397 0.475078 0.017139 0.030469