8 0.429966 0.356718 0.010547 0.032812
8 0.398326 0.387187 0.010547 0.023437
8 0.544004 0.386015 0.009229 0.030469
9 0.396348 0.356718 0.027686 0.018750
9 0.379209 0.336797 0.014502 0.030469
9 0.318565 0.414237 0.011865 0.020900
9 0.440513 0.396562 0.015820 0.014062
9 0.830088 0.285234 0.043506 0.082031
2 0.303404 0.431718 0.034277 0.037500
2 0.280332 0.435234 0.038232 0.039844
2 0.387779 0.439962 0.021094 0.035237
2 0.406236 0.438750 0.015820 0.028125
2 0.518296 0.473906 0.034277 0.056250
2 0.738462 0.478593 0.047461 0.065625
2 0.456992 0.453984 0.022412 0.035156
2 0.481382 0.438750 0.013184 0.018750
2 0.485337 0.479754 0.044824 0.058572
2 0.644859 0.563680 0.184570 0.221736
1 0.601353 0.429375 0.089648 0.178125