9 0.368463 0.425128 0.022449 0.034704
9 0.638831 0.434672 0.024401 0.039910
9 0.328932 0.411247 0.011713 0.013882
9 0.336741 0.429466 0.017569 0.015617
2 0.526096 0.498875 0.021473 0.032969
2 0.537809 0.504948 0.011713 0.024293
2 0.556842 0.508419 0.024401 0.034704
2 0.606133 0.528374 0.052707 0.088496
12 0.642735 0.524903 0.084917 0.133612
2 0.728822 0.560581 0.179005 0.169840
2 0.474365 0.501478 0.015617 0.024293
2 0.451916 0.502345 0.033186 0.043380
2 0.410433 0.518830 0.034162 0.086761
2 0.394328 0.523168 0.042947 0.123200
2 0.351870 0.532453 0.104438 0.149746
2 0.254264 0.573489 0.176667 0.209961
2 0.122141 0.659183 0.242331 0.450758