8 0.019984 0.465308 0.012673 0.064121
8 0.482530 0.247818 0.023395 0.107445
8 0.677491 0.398918 0.017547 0.082524
8 0.467420 0.521631 0.004874 0.020796
8 0.391385 0.563222 0.006824 0.020796
8 0.681878 0.486971 0.016572 0.031194
8 0.514699 0.223556 0.027295 0.055456
8 0.688702 0.455777 0.038018 0.017330
8 0.542968 0.520764 0.013647 0.012131
2 0.257837 0.646406 0.110153 0.142105
2 0.343614 0.617932 0.061963 0.074760
2 0.543455 0.602215 0.038018 0.053723
2 0.471807 0.591817 0.033143 0.057189
2 0.438664 0.590950 0.017547 0.024262
2 0.375301 0.608280 0.027295 0.045058
2 0.403570 0.601348 0.023395 0.031194
2 0.522984 0.597016 0.018521 0.046791
2 0.510799 0.593550 0.019496 0.025995
2 0.500076 0.589217 0.013647 0.034660