2 0.347912 0.461243 0.041855 0.053870
2 0.378406 0.448887 0.016742 0.017008
2 0.393355 0.446761 0.010763 0.012756
2 0.426839 0.470132 0.049031 0.072254
2 0.665340 0.528665 0.155611 0.163810
9 0.097976 0.225203 0.041855 0.023386
8 0.113522 0.268785 0.022721 0.059528
8 0.135047 0.355647 0.010763 0.021260
9 0.138635 0.328465 0.027505 0.010630
9 0.213377 0.379033 0.014350 0.008504
1 0.234304 0.428993 0.041855 0.027638
8 0.087213 0.269545 0.015546 0.065906
12 0.468224 0.447277 0.028956 0.057280
12 0.448962 0.435675 0.009567 0.036142
2 0.953270 0.477284 0.090886 0.133937
2 0.269582 0.450253 0.026309 0.019134
1 0.280345 0.434649 0.052618 0.037587
9 0.213377 0.399078 0.009567 0.018830
9 0.638507 0.376603 0.020330 0.042520
9 0.712053 0.284882 0.016742 0.012756
9 0.729393 0.295512 0.017938 0.012756
9 0.719826 0.365669 0.034680 0.017008
8 0.727599 0.332261 0.007175 0.038268
9 0.529968 0.360709 0.020330 0.012756
8 0.528772 0.385512 0.010763 0.017008
9 0.528174 0.419528 0.007175 0.017008
6 0.492878 0.461548 0.011462 0.040755
6 0.507922 0.459000 0.010029 0.040755