2 0.029648 0.578275 0.059296 0.083205
2 0.171622 0.586595 0.170830 0.087365
2 0.253527 0.558513 0.035102 0.031202
2 0.267568 0.553313 0.030422 0.024961
2 0.319975 0.584515 0.168983 0.124807
2 0.492222 0.603236 0.222313 0.133128
2 0.816331 0.587635 0.210613 0.139368
2 0.909937 0.570994 0.051483 0.072804
1 0.496902 0.549153 0.072544 0.058243
2 0.613324 0.523151 0.019891 0.027042
2 0.661882 0.511711 0.014041 0.020801
2 0.693474 0.517951 0.016381 0.020801
2 0.681188 0.510671 0.012871 0.018721
9 0.224861 0.507550 0.012871 0.024961
8 0.068656 0.495070 0.014041 0.016641
9 0.072167 0.409785 0.023401 0.012481
9 0.082697 0.469068 0.016381 0.027042
9 0.746127 0.402504 0.025742 0.064484
9 0.742617 0.460748 0.014041 0.043683
8 0.761923 0.460748 0.015211 0.031202
9 0.559501 0.411865 0.017551 0.041602
9 0.567691 0.495070 0.012871 0.008320
9 0.469405 0.496110 0.031592 0.018721
1 0.431405 0.546033 0.017551 0.022881
2 0.412684 0.556433 0.017551 0.018721
2 0.641432 0.496318 0.009361 0.012481
1 0.663664 0.493198 0.014041 0.014561
2 0.651963 0.493198 0.011701 0.014561
2 0.684725 0.494238 0.009361 0.016641
2 0.725678 0.529600 0.025742 0.037442
6 0.630902 0.569122 0.014041 0.058243
6 0.576143 0.557473 0.007020 0.041602
6 0.556836 0.566834 0.005850 0.027042
6 0.539285 0.561634 0.008190 0.037442
6 0.554496 0.560594 0.005850 0.035362
2 0.632891 0.495070 0.010531 0.012481
2 0.622945 0.495070 0.011701 0.016641
12 0.612415 0.491950 0.014041 0.014561
8 0.595127 0.306967 0.011701 0.049923
8 0.582256 0.308007 0.011701 0.052003
8 0.601562 0.306967 0.008190 0.045763