2 0.023395 0.490437 0.046791 0.107445
2 0.842021 0.479833 0.314952 0.314325
2 0.121070 0.456524 0.120488 0.133201
2 0.287752 0.401353 0.042524 0.060009
2 0.334385 0.397734 0.054053 0.072656
2 0.407597 0.395688 0.051634 0.068150
2 0.444512 0.386457 0.033143 0.051990
2 0.195098 0.426986 0.037315 0.074911
2 0.226677 0.414465 0.036389 0.058414
8 0.309501 0.293874 0.012673 0.043061
8 0.397234 0.285110 0.012673 0.053657
9 0.761325 0.184564 0.037043 0.025995
9 0.755963 0.227888 0.038018 0.067587
8 0.658701 0.014297 0.019775 0.028594
8 0.795811 0.236015 0.019775 0.030469
8 0.774717 0.238359 0.017139 0.035156
2 0.373936 0.376809 0.022412 0.030805
9 0.781968 0.143437 0.036914 0.028125
6 0.599375 0.368437 0.011865 0.046875
6 0.574986 0.366093 0.013184 0.065625
6 0.540708 0.373125 0.010547 0.046875