2 0.259736 0.440890 0.076669 0.102921
2 0.384172 0.412013 0.016026 0.017532
2 0.361982 0.413109 0.020957 0.037256
2 0.348422 0.419476 0.023422 0.045609
2 0.334861 0.422448 0.020957 0.064701
2 0.300333 0.423628 0.053031 0.084594
2 0.440262 0.405758 0.012328 0.031321
2 0.455381 0.406534 0.012980 0.037256
2 0.475872 0.413007 0.029307 0.050203
2 0.417456 0.420723 0.035750 0.068150
9 0.563537 0.337500 0.017259 0.039448
9 0.101871 0.234497 0.033284 0.074513
8 0.788514 0.318872 0.023422 0.037256
9 0.588808 0.341883 0.018491 0.043831
8 0.390335 0.344075 0.008629 0.021916
8 0.428551 0.340787 0.011095 0.024107
6 0.545698 0.419683 0.012328 0.067938
8 0.303176 0.043356 0.036343 0.076511
8 0.072686 0.296694 0.021041 0.035705