9 0.349469 0.439313 0.059463 0.105712
9 0.779846 0.505167 0.066287 0.116110
9 0.612667 0.546759 0.022421 0.036393
2 0.600969 0.598012 0.043866 0.055715
2 0.534195 0.567555 0.019496 0.029461
2 0.013647 0.462093 0.027295 0.043826
2 0.095531 0.473973 0.085783 0.057189
2 0.148171 0.491303 0.097481 0.043325
2 0.275383 0.514699 0.028269 0.020796
12 0.313888 0.511233 0.052640 0.051990
2 0.364578 0.529429 0.015597 0.015597
2 0.385537 0.531162 0.026320 0.019063
2 0.404058 0.533761 0.010723 0.020796
2 0.423067 0.540693 0.023395 0.013864
2 0.452798 0.538960 0.016572 0.027728
2 0.471320 0.541560 0.018521 0.022529
2 0.548817 0.556290 0.009748 0.017330
2 0.557590 0.558890 0.011698 0.015597
2 0.483505 0.543293 0.011698 0.022529
2 0.495690 0.545026 0.010723 0.022529
2 0.503488 0.545026 0.004874 0.015597
2 0.515673 0.545026 0.013647 0.015597
2 0.526396 0.543293 0.011698 0.012131
9 0.574162 0.524230 0.013647 0.022529
2 0.428428 0.532895 0.024370 0.029461
2 0.795431 0.612389 0.013672 0.018616