9 0.536753 0.227812 0.158203 0.117187
2 0.404736 0.469084 0.013184 0.009375
2 0.402099 0.478459 0.010547 0.014062
2 0.330908 0.489006 0.013184 0.011719
2 0.345410 0.496038 0.018457 0.025781
2 0.336841 0.514788 0.017139 0.035156
2 0.312451 0.472600 0.015820 0.016406
2 0.274219 0.500725 0.021094 0.049219
2 0.257080 0.490178 0.018457 0.023437
2 0.225439 0.489006 0.026367 0.025781
12 0.378441 0.477758 0.037132 0.062609
2 0.404077 0.498466 0.025817 0.035057
2 0.451719 0.500695 0.032959 0.052851
2 0.302062 0.518581 0.058054 0.074713
2 0.122039 0.581874 0.244078 0.290313
9 0.182289 0.411586 0.040942 0.029461