2 0.354788 0.426122 0.025622 0.036735
2 0.329579 0.431633 0.018597 0.033061
2 0.309432 0.427959 0.029962 0.047755
2 0.257258 0.427041 0.045459 0.064286
2 0.443976 0.439790 0.017994 0.031009
2 0.502462 0.444490 0.012398 0.022041
2 0.519681 0.445867 0.011365 0.027551
2 0.528979 0.447704 0.011365 0.031224
2 0.546853 0.450918 0.017564 0.042245
2 0.559974 0.452755 0.025209 0.045918
2 0.568446 0.460102 0.026862 0.038571
2 0.592622 0.452755 0.039260 0.060612
2 0.607087 0.465612 0.047526 0.056939
2 0.630953 0.464694 0.038227 0.073469
2 0.655232 0.481224 0.047526 0.066122
2 0.384595 0.447379 0.058890 0.068610
2 0.189335 0.431607 0.104851 0.103826
8 0.016156 0.304898 0.029962 0.033061
8 0.038369 0.307653 0.014464 0.034898
8 0.803426 0.388469 0.027895 0.038571
8 0.823573 0.390306 0.018597 0.038571
8 0.457284 0.253594 0.016405 0.041881
9 0.629760 0.392085 0.008265 0.029388
9 0.819862 0.350759 0.012398 0.027551
8 0.360480 0.244853 0.007445 0.039706
8 0.431951 0.386471 0.004467 0.026471
8 0.456519 0.390441 0.002978 0.029118