8 0.461084 0.439313 0.007798 0.015597
8 0.433789 0.431515 0.005849 0.017330
9 0.928504 0.261682 0.045816 0.041592
2 0.468395 0.475706 0.012673 0.015597
2 0.479118 0.473973 0.020471 0.036393
2 0.495202 0.488704 0.027295 0.041592
2 0.517110 0.497369 0.036017 0.045058
2 0.560515 0.507767 0.056539 0.083184
2 0.556615 0.522497 0.033143 0.060655
2 0.585372 0.525096 0.059463 0.086650
2 0.623076 0.547288 0.074433 0.101530
2 0.781945 0.554557 0.273035 0.287677
2 0.448412 0.480039 0.011698 0.017330
2 0.436714 0.475706 0.011698 0.015597
2 0.423067 0.470507 0.015597 0.025995
2 0.413806 0.471374 0.020471 0.034660
2 0.391873 0.474840 0.031194 0.055456
2 0.356780 0.479172 0.042892 0.077985
2 0.339233 0.480039 0.042892 0.090116
2 0.281232 0.481772 0.102355 0.138639
2 0.232004 0.508696 0.109178 0.150897
2 0.120799 0.528361 0.216562 0.214488
2 0.041213 0.587200 0.080477 0.210857
2 0.885126 0.677600 0.226155 0.384724
8 0.149633 0.327535 0.014622 0.038126
9 0.162306 0.334467 0.010723 0.031194