8 0.533685 0.216750 0.020250 0.099000
8 0.853888 0.249375 0.017719 0.069750
8 0.877935 0.256125 0.015187 0.069750
8 0.027435 0.108750 0.030375 0.139500
8 0.018147 0.266250 0.036294 0.058500
9 0.516599 0.064875 0.059484 0.042750
8 0.873505 0.330375 0.013922 0.033750
8 0.851990 0.325875 0.018984 0.029250
2 0.141974 0.403500 0.031641 0.045000
2 0.171716 0.406875 0.040500 0.056250
2 0.252716 0.410250 0.020250 0.045000
12 0.272966 0.400125 0.045562 0.074250
12 0.090716 0.382125 0.086062 0.195750
6 0.207154 0.474299 0.091125 0.276599
6 0.348904 0.457043 0.045562 0.192586
2 0.437498 0.419250 0.060750 0.063000
6 0.481522 0.445125 0.068889 0.236250
6 0.562162 0.409125 0.021516 0.083250
6 0.609623 0.401250 0.025312 0.090000
6 0.694419 0.421500 0.037969 0.139500
6 0.739982 0.421500 0.037969 0.148500
6 0.793138 0.420375 0.032906 0.137250
6 0.772888 0.396750 0.027844 0.162000
6 0.835537 0.424875 0.024047 0.128250
6 0.870341 0.413625 0.020250 0.101250
6 0.883630 0.418125 0.024047 0.105750
6 0.542544 0.403500 0.017719 0.085500