9 0.369020 0.364078 0.010518 0.018698
9 0.443244 0.365948 0.008414 0.018698
8 0.431675 0.366215 0.010518 0.011219
9 0.586285 0.378235 0.008414 0.014958
9 0.546843 0.433261 0.009466 0.014958
2 0.452260 0.491759 0.012621 0.020568
2 0.466458 0.487085 0.011569 0.018698
2 0.475924 0.479605 0.011569 0.029917
2 0.489071 0.481475 0.021035 0.029917
2 0.503270 0.479605 0.013673 0.041136
2 0.521419 0.477255 0.032067 0.058873
2 0.547970 0.485215 0.035760 0.063573
2 0.566902 0.482021 0.035760 0.081180
2 0.588463 0.488955 0.043122 0.093490
2 0.624749 0.488020 0.073624 0.106579
2 0.682071 0.497369 0.112539 0.140236
2 0.784092 0.501108 0.178800 0.188851
2 0.905045 0.515132 0.189318 0.280471
2 0.441742 0.490005 0.010518 0.020798