2 0.096043 0.576693 0.066474 0.080042
2 0.297990 0.561634 0.086585 0.108166
2 0.054552 0.563714 0.035229 0.049923
2 0.136889 0.569709 0.018721 0.031992
2 0.414412 0.584515 0.092436 0.062404
12 0.459460 0.557473 0.058504 0.058243
7 0.498585 0.574002 0.014041 0.033282
2 0.248506 0.562648 0.019404 0.040855
9 0.178222 0.496098 0.025651 0.018698
9 0.127160 0.524191 0.011701 0.024961
9 0.107020 0.520031 0.009859 0.020801
9 0.063976 0.488829 0.021061 0.016641
5 0.603963 0.559554 0.094776 0.079045
9 0.235193 0.494030 0.014814 0.022881
2 0.807635 0.608388 0.044963 0.026645