8 0.414997 0.386557 0.007020 0.022881
8 0.498657 0.416718 0.005850 0.016641
8 0.530834 0.400077 0.009361 0.024961
8 0.293895 0.408398 0.008190 0.016641
9 0.602208 0.397003 0.011701 0.022974
9 0.567691 0.405278 0.010531 0.022881
9 0.506848 0.400077 0.012871 0.016641
9 0.245337 0.372788 0.018721 0.012975
9 0.555991 0.436479 0.010531 0.010401
6 0.247092 0.474962 0.019891 0.070724
6 0.225446 0.469761 0.016381 0.056163
6 0.214330 0.461441 0.017551 0.060324
6 0.164017 0.443760 0.015211 0.029122
2 0.369949 0.478682 0.050313 0.092405
2 0.436058 0.483282 0.016381 0.041602
2 0.460271 0.499072 0.031592 0.083205
2 0.546630 0.492643 0.017551 0.047843
2 0.637310 0.491603 0.039782 0.033282
2 0.407272 0.468886 0.032762 0.035362
2 0.581732 0.495763 0.064354 0.091525
2 0.498072 0.513444 0.074884 0.131048
2 0.307936 0.531125 0.111157 0.137288
2 0.156319 0.529466 0.147353 0.149692
0 0.047169 0.530159 0.074066 0.117813
2 0.745341 0.619558 0.275995 0.313244
2 0.447174 0.485423 0.026989 0.066179