2 0.388876 0.534810 0.016186 0.025178
2 0.372691 0.536107 0.018883 0.027575
2 0.250961 0.547399 0.024953 0.055151
2 0.219265 0.540805 0.046534 0.065941
2 0.100907 0.571378 0.059347 0.091119
2 0.340722 0.558299 0.052603 0.063544
2 0.288391 0.543203 0.033720 0.041963
2 0.174080 0.572577 0.130159 0.110302
2 0.027861 0.591160 0.055722 0.101909
2 0.525780 0.534211 0.021581 0.021581
2 0.600204 0.564254 0.051735 0.055291
2 0.525524 0.546536 0.027813 0.036640
2 0.788266 0.592359 0.142299 0.147469
2 0.900891 0.625929 0.194902 0.205018
2 0.500730 0.531214 0.012139 0.013188
2 0.450825 0.526418 0.010790 0.015586
2 0.438011 0.532413 0.012139 0.020382
2 0.424186 0.531813 0.012814 0.021581
2 0.462964 0.522222 0.009442 0.011989
2 0.488254 0.527017 0.014162 0.019183
6 0.622074 0.543460 0.008767 0.028774
6 0.406507 0.541662 0.008093 0.061146
6 0.400678 0.539863 0.011465 0.069538
8 0.185460 0.493841 0.005395 0.015586
8 0.479162 0.495759 0.004721 0.014387
8 0.522661 0.493961 0.006744 0.013188
9 0.657878 0.450200 0.020906 0.019183
9 0.842664 0.434014 0.018209 0.053952