8 0.416052 0.303334 0.010926 0.021853
8 0.562191 0.296050 0.010926 0.016996
2 0.453611 0.387102 0.009560 0.024281
2 0.461123 0.381032 0.016389 0.031565
2 0.476829 0.381032 0.023218 0.036421
2 0.442002 0.387102 0.016389 0.029137
2 0.383956 0.393172 0.020487 0.036421
2 0.533509 0.386036 0.024584 0.036716
2 0.731548 0.413811 0.071021 0.082554
2 0.560142 0.398028 0.031413 0.041277
2 0.805300 0.418667 0.122921 0.111691
12 0.251475 0.371320 0.121555 0.167536
2 0.147675 0.445375 0.167991 0.155396
2 0.932318 0.402884 0.133847 0.211241
2 0.603847 0.394386 0.069655 0.101978
2 0.411954 0.402884 0.057363 0.094694
2 0.497999 0.402884 0.046437 0.060701
6 0.872906 0.361607 0.015024 0.031565
6 0.856517 0.361607 0.015024 0.026709
6 0.843542 0.357965 0.010926 0.029137
6 0.820324 0.350681 0.010926 0.029137
6 0.771155 0.362821 0.013658 0.029137
6 0.742474 0.365250 0.013658 0.033993
6 0.724719 0.370106 0.008195 0.033993
6 0.688526 0.391958 0.009560 0.038849
6 0.674868 0.390744 0.009560 0.041277
6 0.353226 0.395600 0.008195 0.041277
6 0.331373 0.394386 0.008195 0.043705
6 0.323861 0.395600 0.006829 0.055845
6 0.030901 0.396814 0.008195 0.067986
6 0.037730 0.402884 0.010926 0.080126
6 0.056851 0.359179 0.013658 0.026709
6 0.073240 0.385888 0.010926 0.041277
6 0.083483 0.383460 0.012292 0.036421
6 0.049339 0.425951 0.023218 0.165108
6 0.017926 0.415025 0.020487 0.128687
6 0.340251 0.401670 0.009560 0.063130
6 0.363469 0.395600 0.009560 0.046133
6 0.317032 0.401670 0.006829 0.067986