6 0.347569 0.422343 0.009229 0.028125
2 0.456992 0.391875 0.011865 0.023437
2 0.453037 0.404765 0.017139 0.030469
2 0.429966 0.475078 0.031641 0.082031
2 0.387779 0.488256 0.076465 0.127138
2 0.478745 0.439922 0.026367 0.011719
2 0.475449 0.470390 0.030322 0.053906
2 0.489292 0.482109 0.047461 0.072656
2 0.598716 0.432890 0.039551 0.044531
2 0.720664 0.439922 0.072510 0.035156
2 0.313951 0.544218 0.147656 0.168750
2 0.445127 0.418828 0.014502 0.025781
2 0.495884 0.418902 0.015820 0.025930
2 0.476768 0.400078 0.017139 0.030469
2 0.550596 0.603984 0.199072 0.283594
2 0.103013 0.496172 0.171387 0.138281
2 0.135882 0.670781 0.271763 0.431250
2 0.796470 0.443437 0.058008 0.032812
2 0.439854 0.375468 0.017139 0.018750
2 0.423374 0.377812 0.013184 0.023437
2 0.460597 0.356130 0.008773 0.012131