2 0.363360 0.390790 0.020471 0.024262
2 0.337040 0.394256 0.039967 0.041592
2 0.311695 0.402054 0.043866 0.039859
2 0.394066 0.395989 0.011698 0.013864
8 0.188869 0.149904 0.016572 0.065854
8 0.203979 0.139506 0.015597 0.027728
8 0.602188 0.205793 0.014622 0.056322
9 0.591952 0.259082 0.025345 0.013864
9 0.631432 0.265148 0.055564 0.029461
12 0.413026 0.378009 0.020081 0.045491
0 0.427453 0.405087 0.006824 0.015597
7 0.425504 0.390356 0.006824 0.017330
2 0.913151 0.410286 0.172541 0.119576
7 0.862949 0.416351 0.058488 0.152503
0 0.858562 0.463142 0.123801 0.131707
8 0.107619 0.318004 0.009748 0.019063
8 0.069114 0.318870 0.016572 0.020796
8 0.386414 0.370860 0.007798 0.010398
8 0.404448 0.372593 0.004874 0.013864
8 0.603699 0.331868 0.018521 0.025995