2 0.355571 0.428740 0.011959 0.025512
2 0.346278 0.437106 0.019682 0.050747
2 0.336363 0.440295 0.016594 0.044369
2 0.327336 0.443964 0.016593 0.041969
2 0.316399 0.447394 0.019021 0.044986
2 0.290831 0.449831 0.043378 0.059866
9 0.262791 0.373465 0.013356 0.038268
2 0.203297 0.458504 0.107628 0.076535
2 0.220039 0.482953 0.052618 0.082913
2 0.173401 0.499961 0.069360 0.104173
2 0.098659 0.520158 0.111216 0.161575
2 0.029299 0.555236 0.058597 0.189213
2 0.554734 0.473455 0.032288 0.059528
2 0.378158 0.480690 0.053146 0.067285
9 0.662228 0.375024 0.023352 0.046772
9 0.658922 0.416480 0.023917 0.048898
9 0.470481 0.369826 0.018720 0.009759
9 0.484027 0.417225 0.005979 0.017008
8 0.414262 0.412527 0.004783 0.019134