2 0.446174 0.513339 0.009839 0.014311
2 0.437677 0.513339 0.007155 0.020671
2 0.430074 0.514929 0.011628 0.027032
2 0.412632 0.518904 0.028622 0.054064
2 0.372830 0.526855 0.068871 0.101767
2 0.307984 0.561307 0.101966 0.124028
2 0.473603 0.510159 0.008050 0.017491
2 0.482995 0.508569 0.010733 0.020671
2 0.490150 0.510954 0.008944 0.019081
2 0.505355 0.509364 0.030411 0.047703
2 0.516536 0.514929 0.024150 0.049293
2 0.527716 0.516519 0.033989 0.058834
2 0.535319 0.525265 0.031305 0.060424
2 0.553655 0.524470 0.037566 0.074735
2 0.140230 0.624381 0.278264 0.381625
2 0.813189 0.630296 0.260283 0.253526
2 0.603892 0.539046 0.076027 0.104947
2 0.462870 0.515724 0.013417 0.015901
8 0.446174 0.475972 0.009839 0.025442
8 0.475243 0.474382 0.007155 0.022261