2 0.708478 0.416626 0.026001 0.027190
2 0.724920 0.421384 0.035942 0.055740
2 0.741582 0.440110 0.044795 0.085036
2 0.788774 0.467608 0.076473 0.101964
2 0.882894 0.526133 0.135357 0.217523
2 0.644682 0.430287 0.022942 0.031269
2 0.622122 0.437764 0.034413 0.038066
2 0.599945 0.441163 0.028295 0.053021
2 0.577003 0.447961 0.025236 0.058459
2 0.545267 0.461556 0.056590 0.066616
2 0.476824 0.471970 0.091003 0.136388
2 0.404175 0.491157 0.106297 0.169323
2 0.661506 0.424849 0.019883 0.033988
2 0.199992 0.503275 0.321951 0.339060
2 0.037003 0.503722 0.074007 0.346718
2 0.937557 0.568278 0.122356 0.426888