8 0.564293 0.403815 0.008544 0.020253
8 0.617932 0.391157 0.011392 0.021941
8 0.533439 0.396220 0.013291 0.021941
8 0.470306 0.413941 0.008544 0.023629
8 0.525369 0.444321 0.014240 0.013502
2 0.641192 0.489891 0.031329 0.145148
2 0.534149 0.473755 0.014241 0.035443
2 0.518959 0.473755 0.029430 0.052321
2 0.498576 0.481523 0.026582 0.052321
2 0.468643 0.485569 0.040823 0.079325
2 0.279607 0.488344 0.094937 0.140084
2 0.110620 0.555854 0.150000 0.126582
2 0.431506 0.522099 0.102532 0.133333
6 0.070747 0.492563 0.011392 0.074262
6 0.165190 0.490858 0.013291 0.048945
6 0.210759 0.496765 0.007595 0.050633
6 0.202690 0.496765 0.008544 0.057384
6 0.191297 0.492546 0.010443 0.052321
6 0.182278 0.495077 0.011392 0.043882
12 0.823707 0.422831 0.350542 0.641350