8 0.538567 0.202612 0.012803 0.042677
8 0.518163 0.202612 0.012003 0.036986
8 0.527463 0.199868 0.010402 0.052634
8 0.433483 0.336433 0.005327 0.018493
8 0.500836 0.339278 0.007202 0.018493
8 0.667274 0.250262 0.010402 0.039617
8 0.041828 0.226141 0.016004 0.041254
8 0.680429 0.342733 0.014403 0.021338
9 0.675556 0.294468 0.016004 0.012803
9 0.597938 0.356349 0.014403 0.028451
2 0.453846 0.396892 0.016804 0.019916
2 0.439043 0.400448 0.014403 0.015648
2 0.466249 0.390490 0.011203 0.021338
2 0.476252 0.390490 0.020005 0.015648
2 0.479452 0.404716 0.029607 0.041254
2 0.504258 0.391201 0.020005 0.042677
2 0.520262 0.399025 0.018404 0.041254
2 0.533465 0.402582 0.016004 0.034141
2 0.545468 0.409695 0.017604 0.039831
2 0.575245 0.397293 0.052522 0.096077
12 0.414612 0.387082 0.030574 0.060873
2 0.383489 0.396892 0.017604 0.027028
2 0.358683 0.408272 0.038409 0.055479
2 0.397892 0.416488 0.048011 0.057686
2 0.331877 0.411828 0.031207 0.045522
2 0.321074 0.414674 0.028807 0.042677
2 0.295068 0.419652 0.039209 0.058325
2 0.261860 0.425343 0.059214 0.058325
2 0.918012 0.448815 0.125629 0.159326
2 0.791766 0.474894 0.177207 0.194265
12 0.929148 0.398722 0.140566 0.208507
6 0.616382 0.404004 0.010402 0.051212
6 0.608380 0.418941 0.008802 0.061170
6 0.687116 0.412438 0.015204 0.066860
6 0.666311 0.420262 0.015204 0.085353
6 0.634704 0.415283 0.022405 0.064015
6 0.631103 0.420262 0.021605 0.093888
6 0.533480 0.410304 0.010402 0.039831
6 0.453862 0.398213 0.008002 0.024183
6 0.224152 0.420973 0.018404 0.086776
6 0.211349 0.412438 0.013603 0.055479
6 0.170539 0.420973 0.016804 0.086776
6 0.025306 0.420262 0.019204 0.102424
6 0.916147 0.471652 0.078289 0.294621
6 0.970442 0.497848 0.056813 0.411117