9 0.576963 0.246562 0.019775 0.042187
9 0.465562 0.280487 0.013184 0.021214
9 0.486656 0.248906 0.007910 0.018750
9 0.395030 0.246647 0.038232 0.042019
9 0.355479 0.242961 0.040869 0.044703
9 0.339659 0.277031 0.017139 0.018750
2 0.340318 0.314531 0.018457 0.032812
2 0.317246 0.313359 0.032959 0.044531
2 0.384483 0.308672 0.017139 0.025781
2 0.465562 0.309844 0.018457 0.028125
2 0.132676 0.327422 0.061963 0.086719
2 0.204527 0.319219 0.055371 0.065625
2 0.366026 0.320390 0.030322 0.039844
2 0.425352 0.329765 0.064600 0.110156
2 0.269126 0.353490 0.100195 0.114269
2 0.495884 0.313359 0.015820 0.025781
2 0.482041 0.278203 0.014502 0.016406
2 0.077215 0.421172 0.154429 0.382031
9 0.404235 0.221615 0.014140 0.012066