2 0.117952 0.594416 0.233954 0.187163
8 0.389923 0.462709 0.009748 0.017330
8 0.423067 0.468774 0.007798 0.015597
8 0.435739 0.467908 0.009748 0.013864
8 0.448899 0.469641 0.010723 0.020796
2 0.345082 0.489570 0.027295 0.029461
2 0.448412 0.493903 0.017547 0.024262
2 0.424529 0.493036 0.010723 0.019063
2 0.409907 0.493036 0.012673 0.019063
2 0.288056 0.496502 0.018521 0.025995
2 0.218357 0.493036 0.040942 0.032927
2 0.256862 0.493036 0.034118 0.019063
2 0.076035 0.490437 0.062388 0.034660
2 0.165717 0.492170 0.031194 0.027728
9 0.553691 0.475201 0.019496 0.018052
9 0.787513 0.437112 0.055498 0.054320
9 0.619964 0.474748 0.031167 0.034477
9 0.485942 0.481772 0.014622 0.013864
2 0.371889 0.493903 0.020471 0.031194