2 0.401700 0.574635 0.012693 0.013993
2 0.400157 0.589004 0.011999 0.012131
2 0.328427 0.589584 0.008694 0.014785
2 0.316333 0.591710 0.013101 0.020157
2 0.223204 0.612076 0.035160 0.051030
2 0.193192 0.612065 0.035876 0.042520
2 0.072683 0.633737 0.091723 0.092716
2 0.148202 0.621395 0.053814 0.076535
2 0.272515 0.599098 0.028986 0.042511
1 0.494371 0.572953 0.050226 0.070157
6 0.541130 0.585921 0.010763 0.046772
9 0.589084 0.526851 0.014350 0.025575
9 0.527723 0.554497 0.008824 0.012836
9 0.338430 0.557795 0.021526 0.012005
2 0.390252 0.586893 0.011023 0.016352