2 0.065401 0.601085 0.100970 0.082272
2 0.119567 0.595475 0.041019 0.037396
2 0.211070 0.586126 0.047329 0.037396
2 0.254719 0.563688 0.021035 0.011219
2 0.277332 0.562753 0.019984 0.013089
2 0.328151 0.563718 0.082038 0.134685
1 0.395990 0.533830 0.030501 0.059834
2 0.422284 0.545049 0.016828 0.029917
2 0.459622 0.538504 0.013673 0.020568
2 0.473821 0.536635 0.014725 0.020568
2 0.496434 0.535700 0.024191 0.029917
2 0.643681 0.520741 0.028398 0.044875
2 0.672715 0.498271 0.044394 0.044940
2 0.720460 0.499727 0.047329 0.034549
2 0.774821 0.492869 0.057186 0.040786
2 0.867181 0.473061 0.092555 0.061704
2 0.943434 0.473061 0.057847 0.057964
2 0.379162 0.554398 0.038915 0.074792
2 0.568480 0.553463 0.148299 0.203809
2 0.445423 0.550658 0.032605 0.044875
9 0.350238 0.488955 0.014725 0.022438
9 0.207198 0.344979 0.037864 0.022438
9 0.084141 0.399204 0.092555 0.074792
8 0.452260 0.493629 0.005259 0.016828
8 0.444897 0.498304 0.003155 0.014958
8 0.477502 0.496434 0.003155 0.014958
2 0.983402 0.461842 0.030501 0.061704
9 0.084592 0.478804 0.029449 0.028047
9 0.088799 0.514330 0.010518 0.016828