8 0.185213 0.480905 0.009748 0.036393
8 0.387974 0.446245 0.009748 0.025995
8 0.445487 0.496502 0.005849 0.022529
8 0.071161 0.504301 0.011698 0.038126
8 0.195449 0.481772 0.008773 0.027728
2 0.465958 0.535494 0.107229 0.045058
2 0.391873 0.562889 0.023395 0.023596
2 0.318394 0.579686 0.029981 0.032927
6 0.222256 0.616079 0.050690 0.032927
6 0.553691 0.544159 0.019496 0.055456
6 0.574162 0.541560 0.019496 0.077985
2 0.444025 0.776380 0.386999 0.443646
9 0.440513 0.449297 0.018457 0.021094
9 0.059507 0.462187 0.023730 0.023437
9 0.062803 0.555937 0.011865 0.046875