2 0.367285 0.439426 0.007020 0.026002
2 0.359387 0.435786 0.014626 0.049923
2 0.351781 0.434746 0.018136 0.052003
2 0.341543 0.439946 0.024571 0.064484
2 0.319312 0.442026 0.052653 0.093606
2 0.309659 0.450347 0.041537 0.097766
2 0.284502 0.460227 0.043878 0.123767
2 0.257006 0.475828 0.073129 0.182011
2 0.125366 0.488202 0.245143 0.383996
2 0.038255 0.601983 0.076510 0.341140
2 0.415933 0.448045 0.006435 0.013521
2 0.424416 0.448565 0.010531 0.029122
2 0.434069 0.450645 0.013456 0.033282
2 0.443430 0.453245 0.019306 0.032242
2 0.460981 0.460006 0.028667 0.041602
2 0.489355 0.472486 0.032762 0.058243
2 0.516852 0.483927 0.042122 0.074884
2 0.563654 0.500568 0.065524 0.104006
2 0.625083 0.528650 0.094776 0.139368
2 0.741026 0.580133 0.188381 0.196572
2 0.902281 0.651619 0.191306 0.362981
2 0.375475 0.439946 0.009361 0.020801
2 0.409407 0.447747 0.005850 0.015601
2 0.402679 0.447226 0.008776 0.012481