2 0.917332 0.791061 0.161972 0.357133
2 0.433519 0.684482 0.347083 0.450623
8 0.641502 0.476667 0.007362 0.024307
8 0.653598 0.475332 0.008414 0.024307
8 0.356474 0.471726 0.005259 0.029383
8 0.178725 0.515933 0.024191 0.028047
8 0.362784 0.473595 0.007362 0.029917
8 0.492677 0.496968 0.006311 0.020568
8 0.282324 0.543580 0.006311 0.018698
12 0.235704 0.614365 0.135310 0.183241
2 0.100143 0.654032 0.200286 0.293560
2 0.032004 0.760611 0.063106 0.304779
9 0.293368 0.541710 0.011569 0.022438
9 0.199235 0.471726 0.016828 0.026177
2 0.720986 0.643701 0.324996 0.385180
1 0.840887 0.511879 0.312375 0.357133