2 0.204021 0.496388 0.167320 0.180179
2 0.518926 0.487325 0.011155 0.018305
2 0.706579 0.535376 0.095764 0.090000
9 0.840695 0.285207 0.040328 0.126610
8 0.630043 0.054868 0.022309 0.090000
8 0.656214 0.054105 0.026600 0.091525
8 0.831256 0.379783 0.018019 0.032034
8 0.871155 0.377495 0.022309 0.036610
9 0.615885 0.443088 0.011155 0.030508
8 0.531796 0.422495 0.007722 0.013729
8 0.424969 0.419444 0.006864 0.013729
8 0.467872 0.447664 0.006864 0.012203
8 0.521929 0.449952 0.006864 0.010678
2 0.338930 0.493581 0.034322 0.043008
2 0.362162 0.492203 0.020722 0.033559
2 0.389926 0.488401 0.023284 0.035107
2 0.445328 0.484576 0.017161 0.027458
2 0.432458 0.484576 0.017161 0.027458
2 0.417442 0.486102 0.021451 0.027458
2 0.460773 0.474661 0.015445 0.019831
2 0.528988 0.489915 0.007722 0.016780
2 0.538427 0.490678 0.011155 0.021356
2 0.553443 0.490678 0.015445 0.027458
2 0.561165 0.496780 0.020593 0.027458
2 0.577039 0.498305 0.030032 0.033559
2 0.605069 0.500593 0.033464 0.059492
2 0.618798 0.512797 0.026600 0.050339
2 0.643252 0.518898 0.025742 0.065593
2 0.665990 0.521186 0.036896 0.070169
2 0.509825 0.460932 0.009439 0.013729
2 0.517977 0.461695 0.010297 0.012203
2 0.477219 0.460932 0.011155 0.016780
2 0.487087 0.454068 0.006864 0.012203
2 0.495238 0.447966 0.007722 0.012203
2 0.375403 0.490985 0.013738 0.031514