9 0.026807 0.213158 0.018521 0.017330
9 0.038018 0.265148 0.011698 0.024262
9 0.038992 0.293742 0.011698 0.029461
9 0.357754 0.380392 0.017547 0.019063
9 0.399671 0.374326 0.009748 0.017330
9 0.799342 0.302407 0.011698 0.036393
9 0.805191 0.363062 0.011698 0.012131
8 0.494715 0.297208 0.004874 0.022529
8 0.692601 0.287677 0.008773 0.031194
8 0.298291 0.203627 0.013647 0.022529
8 0.361166 0.294609 0.006824 0.027728
8 0.682365 0.286810 0.007798 0.029461
8 0.789107 0.390790 0.012673 0.015597
12 0.212154 0.355927 0.267806 0.400727
2 0.725257 0.511233 0.308039 0.405520
9 0.602431 0.367394 0.007798 0.024262
2 0.451823 0.445379 0.067262 0.103980
2 0.541018 0.421983 0.048740 0.077985
12 0.502513 0.410719 0.032169 0.065854
2 0.401621 0.421983 0.035093 0.046791
6 0.381637 0.423716 0.010723 0.053723
6 0.923143 0.481772 0.013647 0.097048
6 0.938253 0.479172 0.022421 0.105712
6 0.825662 0.437580 0.011698 0.029461
6 0.837360 0.440180 0.009748 0.041592
1 0.007311 0.373460 0.014622 0.116110
12 0.461572 0.385591 0.028269 0.025995
12 0.483992 0.395122 0.016572 0.020796
2 0.596582 0.424583 0.027295 0.027728
12 0.578061 0.402054 0.031194 0.048524
12 0.975783 0.470507 0.046791 0.195828
2 0.897798 0.457510 0.115027 0.072786