8 0.491564 0.397194 0.007823 0.014694
8 0.466990 0.399949 0.008265 0.016531
9 0.433707 0.415364 0.007823 0.014694
8 0.429796 0.431633 0.008265 0.012857
2 0.213865 0.437143 0.018597 0.020204
2 0.229362 0.454592 0.047525 0.044082
2 0.184420 0.439898 0.040293 0.040408
2 0.156524 0.446326 0.048559 0.056939
2 0.135861 0.451837 0.056824 0.078980
2 0.430853 0.455968 0.022777 0.028467
2 0.419638 0.460104 0.019149 0.031776
12 0.380449 0.451677 0.058890 0.103911
2 0.472844 0.434082 0.008265 0.014694
2 0.465096 0.436837 0.009298 0.016531
2 0.478527 0.435000 0.009298 0.016531
2 0.505389 0.435000 0.011365 0.020204
2 0.511588 0.440510 0.015497 0.016531
2 0.516754 0.449694 0.015497 0.023878
2 0.525536 0.454286 0.018597 0.022041
2 0.528635 0.462551 0.022730 0.031224
2 0.531735 0.468061 0.028929 0.038571
2 0.540567 0.476629 0.031927 0.048361
2 0.561278 0.489286 0.041707 0.069374
2 0.584433 0.502878 0.038694 0.098441
2 0.608946 0.511887 0.059923 0.129695
2 0.666907 0.527143 0.125013 0.181837
2 0.813272 0.577347 0.282054 0.308571
2 0.911250 0.710816 0.176671 0.473877
2 0.483348 0.438673 0.013431 0.012857
2 0.474566 0.450612 0.016531 0.018367
2 0.267146 0.452361 0.028929 0.029388
2 0.455182 0.443178 0.014464 0.022041
2 0.247000 0.502968 0.085753 0.086134